t,x,y,z,vx,vy,vz,ax,ay,az,total_mass,fuel_mass,drag_coeff,frontal_area,total_thrust,total_mfr
0.0,4509926.097804504,-63.61123072221298,4509935.073625833,0.0,0.0,0.0,-6.9305273196203645,9.775312561542592e-05,-6.930541113011562,40068.51534723096,23382.597946808513,0.1982440594157468,1.9482726234074998,2244157.3495041556,578.2771319026116
100.0,4509926.200666693,-63.41670731392255,4509935.176465517,2.05724280749097,3.890466335348491,2.0567927224263025,20.57238967395489,38.90459013538003,20.567888831779396,40795.117296742,23324.770233618252,0.1982440594157468,1.9482726234074998,2244157.3495041556,578.2771319026116
200.0,4509926.509447888,-62.832862058744304,4509935.485179166,4.11837818263859,7.786433258462369,4.117477378107066,20.611257384892514,38.95948555735928,20.606750211474544,40737.28958355174,23266.94252042799,0.1982440594157468,1.9482726234074998,2244157.3495041556,578.2771319026116
300.0,4509927.024537317,-61.85914522156816,4509936.000155948,6.183405571083663,11.687894270219578,6.182053413440704,20.650119103852248,39.014315218097984,20.645605606856904,40679.46187036148,23209.11480723773,0.1982440594157468,1.9482726234074998,2244157.3495041556,578.2771319026116
400.0,4509927.746324154,-60.49500772310438,4509936.72178497,8.25232435997598,15.594842753988553,8.25052021634822,20.68897425586529,39.069077962148135,20.68445444309143,40621.63415717122,23151.287094047468,0.1982440594157468,1.9482726234074998,2244157.3495041556,578.2771319026116
500.0,4509928.675197504,-58.73990115143807,4509937.650455275,10.325133880025078,19.507271979568728,10.322877118323511,20.727822286670655,39.12377267382376,20.723296166046264,40563.80644398095,23093.45938085721,0.1982440594157468,1.9482726234074998,2244157.3495041556,578.2771319026116
600.0,4509929.811546407,-56.59327777318582,4509938.786555838,12.401833407594191,23.42517510720782,12.399123396526846,20.76666266314534,39.178398277965115,20.76213024272286,40505.978730790695,23035.63166766695,0.1982440594157468,1.9482726234074998,2244157.3495041556,578.2771319026116
700.0,4509931.1557598235,-54.05459054424678,4509940.130475559,14.482422166837125,27.348545191695337,14.479258275921278,20.80549487373208,39.232953740697084,20.80095616168364,40448.15101760044,22977.803954476687,0.1982440594157468,1.9482726234074998,2244157.3495041556,578.2771319026116
800.0,4509932.708226637,-51.123293120140616,4509941.682603259,16.566899331877828,31.277375186531657,16.56328093145173,20.844318428864398,39.2874380701812,20.839773433476935,40390.32330441018,22919.97624128643,0.1982440594157468,1.9482726234074998,2244157.3495041556,578.2771319026116
900.0,4509934.469335645,-47.798839865924776,4509943.44332767,18.655264029032367,35.21165794817209,18.65119049026647,20.883132861388805,39.34185031736125,20.878581591059127,40332.495591219915,22862.148528096168,0.1982440594157468,1.9482726234074998,2244157.3495041556,578.2771319026116
1000.0,4509936.439475556,-44.08068586568365,4509945.413037438,20.747515339073008,39.151386240345225,20.742986033980706,20.921937726983938,39.39618957670192,20.91738019021367,40274.66787802965,22804.320814905906,0.1982440594157468,1.9482726234074998,2244157.3495041556,578.2771319026116
1100.0,4509938.619034983,-39.96828693158219,4509947.592121115,22.843652299534103,43.09655273844485,22.83866660098196,20.960732604576528,39.45045498692017,20.956168809967018,40216.84016483939,22746.493101715645,0.1982440594157468,1.9482726234074998,2244157.3495041556,578.2771319026116
1200.0,4509941.008402442,-35.46109961247673,4509949.980967153,24.94367390705945,47.047150033994704,24.9382311887769,20.999517096753916,39.504645731709225,20.994947053001013,40159.012451649134,22688.665388525384,0.1982440594157468,1.9482726234074998,2244157.3495041556,578.2771319026116
1300.0,4509943.607966345,-30.558581202075658,4509952.579963902,27.047579119790758,51.00317063918535,27.0416787563793,21.038290830173068,39.55876104045444,21.033714546061837,40101.18473845888,22630.837675335126,0.1982440594157468,1.9482726234074998,2244157.3495041556,578.2771319026116
1400.0,4509946.418115,-25.260189746642883,4509955.3894996075,29.15536685979688,54.96460699148224,29.149008226738726,21.07705345596566,39.61280018894105,21.072470940365022,40043.35702526862,22573.009962144864,0.1982440594157468,1.9482726234074998,2244157.3495041556,578.2771319026116
1500.0,4509949.439236606,-19.565384052236936,4509958.4099624045,31.267036015543408,58.93145145830429,31.260218489209585,21.115804650139424,39.66676250005338,21.111215911996702,39985.52931207835,22515.182248954603,0.1982440594157468,1.9482726234074998,2244157.3495041556,578.2771319026116
1600.0,4509952.671719246,-13.473623691478737,4509961.641740316,33.38258544440221,62.90369634177189,33.37530840206014,21.154544113975188,39.7206473444651,21.149949162310573,39927.70159888809,22457.354535764345,0.1982440594157468,1.9482726234074998,2244157.3495041556,578.2771319026116
1700.0,4509956.115950889,-6.984369009841117,4509965.085221248,35.50201397520055,66.88133388352368,35.49427679502104,21.1932715744197,39.77445414132028,21.18867041832066,39869.87388569783,22399.526822574084,0.1982440594157468,1.9482726234074998,2244157.3495041556,578.2771319026116
1800.0,4509959.772319388,-0.09708113145327157,4509968.74079299,37.625320410809266,70.86435626960098,37.617122471872946,21.231986784474003,39.82818235890499,21.22737943308958,39812.04617250757,22341.699109383822,0.1982440594157468,1.9482726234074998,2244157.3495041556,578.2771319026116
1900.0,4509963.641212471,7.1887780355865765,4509972.608843209,39.75250353076964,74.85275563539892,39.74384421307283,21.27068952357702,39.88183151530888,21.266075986112078,39754.218459317315,22283.87139619356,0.1982440594157468,1.9482726234074998,2244157.3495041556,578.2771319026116
2000.0,4509967.723017746,14.873745794396928,4509976.689759452,41.88356209395836,78.8465240706834,41.87444077841838,21.30937959798444,39.93540117907676,21.304759883693833,39696.39074612705,22226.0436830033,0.1982440594157468,1.9482726234074998,2244157.3495041556,578.2771319026116
2100.0,4509972.0181226935,22.958358655003696,4509980.983929137,44.01849484129028,82.84565362467265,44.00891090975011,21.348056841142476,39.98889096984948,21.343430959325115,39638.563032936785,22168.21596981304,0.1982440594157468,1.9482726234074998,2244157.3495041556,578.2771319026116
2200.0,4509976.526914669,31.443152330542237,4509985.491739557,46.157300498458206,86.8501363111825,46.1472533336906,21.386721114056513,40.042300558994185,21.38208907404941,39580.73531974653,22110.38825662278,0.1982440594157468,1.9482726234074998,2244157.3495041556,578.2771319026116
2300.0,4509981.249780901,40.32866173397706,4509990.213577879,48.29997777870943,90.85996411383417,48.28946676442043,21.42537230565437,40.095629670223396,21.42073411682657,39522.90760655627,22052.56054343252,0.1982440594157468,1.9482726234074998,2244157.3495041556,578.2771319026116
2400.0,4509986.187108485,49.61542097534538,4509995.149831138,50.446525385658326,94.87512899132345,50.43554990649014,21.464010333144035,40.148878080202614,21.459366004890477,39465.07989336601,21994.73283024226,0.1982440594157468,1.9482726234074998,2244157.3495041556,578.2771319026116
2500.0,4509991.33928439,59.30396335953064,4510000.300886241,52.596942016134435,98.89562288275019,52.58550145766772,21.502635142365673,40.20204561914626,21.497984684101027,39407.25218017575,21936.905117052,0.1982440594157468,1.9482726234074998,2244157.3495041556,578.2771319026116
2600.0,4509996.706695453,69.3948213845719,4510005.667129963,54.751226363065584,102.92143771300677,54.73932011182108,21.541246708137823,40.25513217140154,21.536590129290204,39349.42446698548,21879.07740386174,0.1982440594157468,1.9482726234074998,2244157.3495041556,578.2771319026116
2700.0,4510002.289728382,79.88852674051502,4510011.24894895,56.9093771183953,106.9525653982245,56.897004561834876,21.57984503459755,40.308137676020124,21.575182344602187,39291.596753795224,21821.249690671477,0.1982440594157468,1.9482726234074998,2244157.3495041556,578.2771319026116
2800.0,4510008.088769751,90.78561030881133,4510017.0467297165,59.071392976034005,110.98899785127661,59.058553502561026,21.618430155534327,40.361062127317005,21.613761363827198,39233.769040604966,21763.421977481215,0.1982440594157468,1.9482726234074998,2244157.3495041556,578.2771319026116
2900.0,4510014.104206005,102.08660216226932,4510023.060858646,61.237272634843336,115.03072698733656,61.223965633802415,21.657002134717757,40.41390557541676,21.652327250729098,39175.94132741471,21705.594264290958,0.1982440594157468,1.9482726234074998,2244157.3495041556,578.2771319026116
3000.0,4510020.336423461,113.79203156556491,4510029.291721995,63.40701480165293,119.07774472949036,63.393239663329005,21.6955610662185,40.46666812678635,21.69088009936631,39118.11361422445,21647.766551100696,0.1982440594157468,1.9482726234074998,2244157.3495041556,578.2771319026116
3100.0,4510026.785808306,125.9024269763157,4510035.739705888,65.58061819430903,123.13004301440164,65.5663743099258,21.73410707472283,40.5193499447547,21.7294200344063,39060.285901034185,21589.938837910435,0.1982440594157468,1.9482726234074998,2244157.3495041556,578.2771319026116
3200.0,4510033.452746598,138.41831604672404,4510042.405196323,67.75808154475423,127.18761379802797,67.74336830647198,21.772640315840167,40.57195125001851,21.76794721143301,39002.45818784392,21532.111124720177,0.1982440594157468,1.9482726234074998,2244157.3495041556,578.2771319026116
3300.0,4510040.337624271,151.34022562579457,4510049.288579174,69.93940360213773,131.25044906138726,69.92422040305036,21.811160976403738,40.62447232113405,21.806461817247545,38944.63047465366,21474.283411529916,0.1982440594157468,1.9482726234074998,2244157.3495041556,578.2771319026116
3400.0,4510047.440827135,164.66868176213057,4510056.390240189,72.12458313595525,135.3185408163726,72.10892937008676,21.849669274764075,40.67691349499485,21.844964070161524,38886.802761463405,21416.455698339654,0.1982440594157468,1.9482726234074998,2244157.3495041556,578.2771319026116
3500.0,4510054.7627408765,178.40420970731435,4510063.710564994,74.31361893921803,139.3918811116143,74.29749400151829,21.888165461075307,40.7292751672948,21.883454220283397,38828.97504827315,21358.627985149393,0.1982440594157468,1.9482726234074998,2244157.3495041556,578.2771319026116
3600.0,4510062.3037510635,192.54733391987602,4510071.249939098,76.50650983165019,143.47046203838747,76.48991311798996,21.926649817573992,40.78155779297658,21.921932549797152,38771.14733508288,21300.80027195913,0.1982440594157468,1.9482726234074998,2244157.3495041556,578.2771319026116
3700.0,4510070.064243148,207.09857806985534,4510079.0087478915,78.7032546629135,147.55427573656388,78.68618557007886,21.96512265885041,40.83376188666512,21.96039937323363,38713.31962189262,21242.972558768874,0.1982440594157468,1.9482726234074998,2244157.3495041556,578.2771319026116
3800.0,4510078.044602468,222.05846504396072,4510086.987376652,80.90385231585906,151.64331440060647,80.8863102415451,22.003584332112297,40.88588802308606,21.998855037734156,38655.49190870236,21185.144845578612,0.1982440594157468,1.9482726234074998,2244157.3495041556,578.2771319026116
3900.0,4510086.245214251,237.42751695133003,4510095.186210548,83.10830170980493,155.73757028560487,83.09028605260876,22.04203521744055,40.93793683746838,22.03729992330624,38597.6641955121,21127.31713238835,0.1982440594157468,1.9482726234074998,2244157.3495041556,578.2771319026116
4000.0,4510094.666463619,253.2062551298967,4510103.60563464,85.31660180383909,159.8370357133507,85.29811196325207,22.08047572803725,40.98990902593184,22.0757344430715,38539.83648232184,21069.489419198093,0.1982440594157468,1.9482726234074998,2244157.3495041556,578.2771319026116
4100.0,4510103.308735592,269.39520015336535,4510112.246033889,87.52875160014666,163.94170307845064,87.50978697654604,22.11890631046545,41.04180534585844,22.114159043505474,38482.00876913158,21011.66170600783,0.1982440594157468,1.9482726234074998,2244157.3495041556,578.2771319026116
4200.0,4510112.1724150935,285.99487183880063,4510121.107793158,89.7447501473609,168.05156485447614,89.72531014200068,22.157327444880806,41.09362661624766,22.152574204669158,38424.18105594131,20953.83399281757,0.1982440594157468,1.9482726234074998,2244157.3495041556,578.2771319026116
4300.0,4510121.257886953,303.00578925483273,4510130.191297216,91.96459654393692,172.16661360014774,91.944680558938,22.19573964525499,41.1453737180557,22.190980440432398,38366.353342751056,20896.00627962731,0.1982440594157468,1.9482726234074998,2244157.3495041556,578.2771319026116
4400.0,4510130.565535912,320.4284707304829,4510139.496930747,94.18828994154734,176.28684196555267,94.167897379887,22.23414345959062,41.19704759451822,22.229378298688797,38308.5256295608,20838.178566437047,0.1982440594157468,1.9482726234074998,2244157.3495041556,578.2771319026116
4500.0,4510140.095746632,338.26343386461247,4510149.025078352,96.41582954849913,180.41224269839395,96.39495981399968,22.2725394701277,41.248649251456435,22.267768361562084,38250.69791637054,20780.35085324679,0.1982440594157468,1.9482726234074998,2244157.3495041556,578.2771319026116
4600.0,4510149.848903696,356.51119553599824,4510158.776124553,98.64721463317065,184.54280865026928,98.62586713048745,22.310928293541362,41.30017975756645,22.306151245603875,38192.87020318028,20722.523140056528,0.1982440594157468,1.9482726234074998,2244157.3495041556,578.2771319026116
4700.0,4510159.8253916195,375.1722719140372,4510168.7504538065,100.88244452746804,188.67853278297807,100.8606186620768,22.349310581131064,41.351640244691716,22.34452760198277,38135.04248999002,20664.695426866267,0.1982440594157468,1.9482726234074998,2244157.3495041556,578.2771319026116
4800.0,4510170.025594852,394.2471784700832,4510178.948450504,103.12151863030022,192.819408174855,103.09921380848348,22.387687019000733,41.40303190807838,22.382898116664535,38077.21477679975,20606.86771367601,0.1982440594157468,1.9482726234074998,2244157.3495041556,578.2771319026116
4900.0,4510180.4498977875,413.7364299894183,4510189.370498979,105.36443641107141,196.96542802712827,105.34165203990435,22.42605832823007,41.45435600661314,22.42126351058335,38019.387063609494,20549.040000485747,0.1982440594157468,1.9482726234074998,2244157.3495041556,578.2771319026116
5000.0,4510191.098684772,433.6405405838611,4510200.016983518,107.61119741319044,201.11658567030085,107.58793290052591,22.464425265036965,41.50561386304416,22.459624539804178,37961.55935041924,20491.212287295486,0.1982440594157468,1.9482726234074998,2244157.3495041556,578.2771319026116
5100.0,4510201.972340107,453.9600237050143,4510210.888288364,109.8618012575958,205.27287457055297,109.8380560120487,22.50278862093066,41.55680686418411,22.497981995675946,37903.73163722898,20433.384574105225,0.1982440594157468,1.9482726234074998,2244157.3495041556,578.2771319026116
5200.0,4510213.071248062,474.6953921581535,4510221.984797726,112.11624764629569,209.43428833616417,112.09202107722648,22.541149222855744,41.6079364610956,22.536336704975483,37845.903924038714,20375.556860914963,0.1982440594157468,1.9482726234074998,2244157.3495041556,578.2771319026116
5300.0,4510224.39579288,495.847158116759,4510233.306895791,114.37453636592197,213.60082072395298,114.34982788341952,22.579507933327125,41.6590041692592,22.5746895300425,37788.07621084845,20317.729147724705,0.1982440594157468,1.9482726234074998,2244157.3495041556,578.2771319026116
5400.0,4510235.946358788,517.4158331376924,4510244.854966723,116.63666729129721,217.7724656457326,116.6114763061609,22.617865650555252,41.710011568722976,22.613041368904774,37730.24849765819,20259.901434534444,0.1982440594157468,1.9482726234074998,2244157.3495041556,578.2771319026116
5500.0,4510247.723330003,539.40192817702,4510256.629394685,118.90264038901384,221.94921717478078,118.87696631273484,22.656223308562417,41.7609603042347,22.65139315539444,37672.42078446793,20202.073721344183,0.1982440594157468,1.9482726234074998,2244157.3495041556,578.2771319026116
5600.0,4510259.727090747,561.8059536064825,4510268.630563836,121.17245572102445,226.1310695523219,121.14629796576635,22.694581877289327,41.811852085355675,22.689745859254554,37614.593071277675,20144.246008153925,0.1982440594157468,1.9482726234074998,2244157.3495041556,578.2771319026116
5700.0,4510271.95802525,584.6284192306152,4510280.858858348,123.44611344824234,230.3180171940197,123.41947142682099,22.732942362692132,41.86268868655637,22.728100486236134,37556.76535808741,20086.418294963663,0.1982440594157468,1.9482726234074998,2244157.3495041556,578.2771319026116
5800.0,4510284.416517763,607.8698343045169,4510293.3146624155,125.7236138341514,234.5100546964788,125.69648696001393,22.771305806830206,41.91347194729423,22.76645807818587,37498.937644897145,20028.590581773402,0.1982440594157468,1.9482726234074998,2244157.3495041556,578.2771319026116
5900.0,4510297.102952572,631.5307075522687,4510305.998360263,128.00495724842412,238.70717684375293,127.97734493562736,22.809673287943824,41.964203772072615,22.804819713123848,37441.10993170689,19970.76286858314,0.1982440594157468,1.9482726234074998,2244157.3495041556,578.2771319026116
6000.0,4510310.017714001,655.6115471860057,4510318.910336159,130.29014417054722,242.90937861385845,130.2620458337352,22.84804592052269,42.01488613048215,22.84318650531207,37383.28221851663,19912.93515539288,0.1982440594157468,1.9482726234074998,2244157.3495041556,578.2771319026116
6100.0,4510323.161186432,680.1128609256386,4510332.050974424,132.57917519345338,247.11665518529085,132.55059024783415,22.88642485536449,42.06552105722318,22.88155960531296,37325.45450532637,19855.10744220262,0.1982440594157468,1.9482726234074998,2244157.3495041556,578.2771319026116
6200.0,4510336.533754308,705.0351560192277,4510345.420659444,134.8720510271586,251.3290019435429,134.84297888848033,22.924811279623757,42.11611065211012,22.919940200038287,37267.626792136114,19797.27972901236,0.1982440594157468,1.9482726234074998,2244157.3495041556,578.2771319026116
6300.0,4510350.135802152,730.3789392640085,4510359.019775684,137.16877250240384,255.5464144876222,137.13921258693017,22.963206416850984,42.16665708005719,22.958329512788247,37209.79907894585,19739.4520158221,0.1982440594157468,1.9482726234074998,2244157.3495041556,578.2771319026116
6400.0,4510363.967714574,756.1447170280695,4510372.848707696,139.46934057430025,259.7688886365665,139.43929229878478,23.001611527022174,42.21716257104611,22.99672880328101,37151.971365755584,19681.62430263184,0.1982440594157468,1.9482726234074998,2244157.3495041556,578.2771319026116
6500.0,4510378.029876289,782.3329952726807,4510386.9078401355,141.7737563259768,263.99642043595486,141.7432191076369,23.040027906558073,42.26762942007464,23.03513936767199,37094.143652565326,19623.79658944158,0.1982440594157468,1.9482726234074998,2244157.3495041556,578.2771319026116
6600.0,4510392.322672124,808.944279575273,4510401.197557771,144.08202097222934,268.2290061644129,144.05099422871928,23.078456888334195,42.31805998708752,23.073562538563845,37036.31593937507,19565.968876251318,0.1982440594157468,1.9482726234074998,2244157.3495041556,578.2771319026116
6700.0,4510406.846487035,835.9790751530679,4510415.718245501,146.39413586317045,272.46664234011024,146.36261901255364,23.116899841680766,42.36845669688866,23.111999685006445,36978.48822618481,19508.141163061056,0.1982440594157468,1.9482726234074998,2244157.3495041556,578.2771319026116
6800.0,4510421.601287516,863.4371078814181,4510430.46986985,148.69958011708485,276.6897445457077,148.66757484280313,23.02632739598465,42.178730631790984,23.021449207967823,36920.660512994546,19450.313449870795,0.1982440594157468,1.9482726234074998,2244157.3495041556,578.2771319026116
6900.0,4510436.58658586,891.3172580909397,4510445.451943244,151.00612275235449,280.9127696612508,150.97362906559164,23.057478158623912,42.215500634623176,23.052595739994345,36862.83279980428,19392.485736680537,0.1982440594157468,1.9482726234074998,2244157.3495041556,578.2771319026116
7000.0,4510451.802694184,919.6198942820084,4510460.664777755,153.31577319931753,285.1394522678378,153.28279067927537,23.088360498168115,42.25171791400367,23.083473912917395,36805.00508661402,19334.658023490276,0.1982440594157468,1.9482726234074998,2244157.3495041556,578.2771319026116
7100.0,4510467.24992192,948.3453794265965,4510476.108682774,155.62850440854052,289.36973670663434,155.5950326408647,23.11897033010802,42.287375138777875,23.11407964307545,36747.177373423765,19276.830310300014,0.1982440594157468,1.9482726234074998,2244157.3495041556,578.2771319026116
7200.0,4510482.928575776,977.4940708944008,4510491.783964966,157.94428892659352,293.6035665942875,157.91032750345738,23.149303666272047,42.32246516411173,23.144408943123103,36689.34966023351,19219.002597109757,0.1982440594157468,1.9482726234074998,2244157.3495041556,578.2771319026116
7300.0,4510498.838959692,1007.0663203813349,4510507.690928235,160.26309890588993,297.8408848419301,160.228647426076,23.17935661882292,42.35698103870971,23.174457926026832,36631.52194704324,19161.174883919495,0.1982440594157468,1.9482726234074998,2244157.3495041556,578.2771319026116
7400.0,4510514.981374807,1037.0624738399579,4510523.8298736755,162.58490611492337,302.0816336749023,162.54996418390272,23.20912540419539,42.390916011912715,23.204222809001955,36573.69423385298,19103.347170729234,0.1982440594157468,1.9482726234074998,2244157.3495041556,578.2771319026116
7500.0,4510531.356119415,1067.4828714119114,4510540.201099546,164.90968194889564,306.32575465317717,164.87424917890476,23.238606346975185,42.42426354067559,23.233699917390716,36515.86652066272,19045.519457538972,0.1982440594157468,1.9482726234074998,2244157.3495041556,578.2771319026116
7600.0,4510547.963488935,1098.327847362433,4510556.804901224,167.23739744073,310.5731886924783,167.20147345084533,23.26779588371551,42.457017296418414,23.262885688478054,36458.03880747246,18987.69174434871,0.1982440594157468,1.9482726234074998,2244157.3495041556,578.2771319026116
7700.0,4510564.803775868,1129.597730017015,4510573.641571175,169.56802327246317,314.8238760860771,169.53160768867303,23.29669056668953,42.48917117174824,23.29177667524325,36400.211094282204,18929.864031158453,0.1982440594157468,1.9482726234074998,2244157.3495041556,578.2771319026116
7800.0,4510581.877269769,1161.2928417002781,4510590.711398916,171.90152978700962,319.0777565272561,171.86462224228367,23.32528706757671,42.520719287047925,23.320369550045537,36342.383381091946,18872.03631796819,0.1982440594157468,1.9482726234074998,2244157.3495041556,578.2771319026116
7900.0,4510599.184257209,1193.4134986771232,4510608.014670983,174.23788700029166,323.3347691324249,174.2004871346475,23.353582181082302,42.55165599693044,23.348661108242847,36284.55566790168,18814.20860477793,0.1982440594157468,1.9482726234074998,2244157.3495041556,578.2771319026116
8000.0,4510616.725021746,1225.960011096226,4510625.551670896,176.57706461372806,327.59485246487554,176.5391720742952,23.381572828484792,42.58197589654997,23.376648271738514,36226.727954711416,18756.380891587673,0.1982440594157468,1.9482726234074998,2244157.3495041556,578.2771319026116
8100.0,4510634.499843893,1258.93268293594,4510643.322679133,178.9190320270744,331.8579445591619,178.88064646815542,23.40925606111313,42.61167382777251,23.40432809245778,36168.90024152116,18698.55317839741,0.1982440594157468,1.9482726234074998,2244157.3495041556,578.2771319026116
8200.0,4510652.509001086,1292.331811952667,4510661.3279730985,181.26375835160763,336.12398294609005,181.22487943473635,23.43662906374799,42.64074488519625,23.431697755748385,36111.0725283309,18640.72546520715,0.1982440594157468,1.9482726234074998,2244157.3495041556,578.2771319026116
8300.0,4510670.752767661,1326.1576896317579,4510679.567827093,183.6112124236474,340.39290467830307,183.57183981764422,23.4636891579474,42.66918442202215,23.458754583705502,36053.24481514064,18582.89775201689,0.1982440594157468,1.9482726234074998,2244157.3495041556,578.2771319026116
8400.0,4510689.231414824,1360.4106011409988,4510698.042512291,185.9613628184063,344.6646463564465,185.92149619943038,23.49043380529329,42.69698805576871,23.485496038417626,35995.41710195038,18525.070038826627,0.1982440594157468,1.9482726234074998,2244157.3495041556,578.2771319026116
8500.0,4510707.9452106245,1395.0908252867446,4510716.752296709,188.31417786416102,348.9391441558973,188.27381691575954,23.51686061055713,42.724151673827734,23.51191972513157,35937.58938876011,18467.24232563637,0.1982440594157468,1.9482726234074998,2244157.3495041556,578.2771319026116
8600.0,4510726.8944199355,1430.1986344727509,4510735.69744519,190.6696256567365,353.2163338540413,190.62877006989058,23.54296732478308,42.75067143885835,23.538023395335006,35879.761675569855,18409.414612446108,0.1982440594157468,1.9482726234074998,2244157.3495041556,578.2771319026116
8700.0,4510746.079304426,1465.7342946617623,4510754.878219371,193.02767407429425,357.4961508580822,192.9863235474617,23.568751848285206,42.77654379401326,23.56380494975304,35821.9339623796,18351.586899255846,0.1982440594157468,1.9482726234074998,2244157.3495041556,578.2771319026116
8800.0,4510765.500122544,1501.6980653399053,4510774.294877671,195.3882907924163,361.7785302333653,195.3464450315712,23.59421223355766,42.80176546799537,23.58926244125785,35764.10624918934,18293.75918606559,0.1982440594157468,1.9482726234074998,2244157.3495041556,578.2771319026116
8900.0,4510785.157129496,1538.0901994839408,4510793.947675266,197.7514432994764,366.06340673219864,197.70910201814522,23.619346688095515,42.82633347994073,23.61439407768894,35706.278535999074,18235.931472875327,0.1982440594157468,1.9482726234074998,2244157.3495041556,578.2771319026116
9000.0,4510805.050577229,1574.9109435314213,4510813.836864076,200.11709891228864,370.3507148231545,200.0742618315831,23.644153577124232,42.85024514412432,23.639198224582053,35648.45082280881,18178.103759685066,0.1982440594157468,1.9482726234074998,2244157.3495041556,578.2771319026116
9100.0,4510825.180714411,1612.1605373538025,4510833.962692741,202.48522479202498,374.6403887208326,202.4418916406713,23.668631426234178,42.87349807448249,23.663673407803163,35590.62310961855,18120.276046494804,0.1982440594157468,1.9482726234074998,2244157.3495041556,578.2771319026116
9200.0,4510845.54778642,1649.8392142325526,4510854.325406615,204.85578796039152,378.9323624160673,204.8119584747563,23.69277892392099,42.8960901889535,23.687818316088368,35532.79539642829,18062.448333304543,0.1982440594157468,1.9482726234074998,2244157.3495041556,578.2771319026116
9300.0,4510866.152035332,1687.947200838305,4510874.925247745,207.22875531605447,383.2265697065594,207.18442924016702,23.71659492402737,42.918019713628574,23.711631803485183,35474.967683238036,18004.620620114285,0.1982440594157468,1.9482726234074998,2244157.3495041556,578.2771319026116
9400.0,4510886.993699906,1726.484717213093,4510895.762454865,209.60409365130545,387.5229442279149,209.5592707368764,23.740078448084965,42.93928518671105,23.73511289169396,35417.13997004778,17946.792906924024,0.1982440594157468,1.9482726234074998,2244157.3495041556,578.2771319026116
9500.0,4510908.073015576,1765.45197675571,4510916.837263384,211.9817696689562,391.8214194850694,211.93644967539274,23.763228687555117,42.95988546228179,23.758260772308194,35359.31225685751,17888.965193733762,0.1982440594157468,1.9482726234074998,2244157.3495041556,578.2771319026116
9600.0,4510929.390214441,1804.8491862102278,4510938.14990538,214.3617499994526,396.1219288840806,214.31593269386977,23.786045005965455,42.979819713865545,23.781074808950745,35301.48454366725,17831.137480543504,0.1982440594157468,1.9482726234074998,2244157.3495041556,578.2771319026116
9700.0,4510950.9455252625,1844.6765456577157,4510959.700609589,216.74400121819738,400.4244057642674,216.69768637542575,23.808526940941956,42.99908743779783,23.803554539305473,35243.65683047699,17773.309767353243,0.1982440594157468,1.9482726234074998,2244157.3495041556,578.2771319026116
9800.0,4510972.739173456,1884.9342485111858,4510981.489601405,219.12848986307083,404.7287834306761,219.08167726566043,23.83067420613205,43.017688456384526,23.825699677039964,35185.82911728673,17715.48205416298,0.1982440594157468,1.9482726234074998,2244157.3495041556,578.2771319026116
9900.0,4510994.771381089,1925.622481513803,4511003.517102876,221.51518245213873,409.0349951868527,221.46787189035928,23.85248669302175,43.03562292086002,23.84751011362238,35128.001404096474,17657.65434097272,0.1982440594157468,1.9482726234074998,2244157.3495041556,578.2771319026116
10000.0,4511017.042366884,1966.741424740386,4511025.7833327,223.90404550153687,413.34297436790104,223.85623677337392,23.873964472639972,43.05289131413144,23.86898592002539,35070.17369090621,17599.82662778246,0.1982440594157468,1.9482726234074998,2244157.3495041556,578.2771319026116
10100.0,4511039.55234621,2008.2912516022277,4511048.28850623,226.29504554352044,417.65265437380515,226.246738454668,23.89510779715153,43.06949445331237,23.890127348318927,35012.345977715944,17541.9989145922,0.1982440594157468,1.9482726234074998,2244157.3495041556,578.2771319026116
10200.0,4511062.301531096,2050.27212885526,4511071.032835475,228.68814914466748,421.9639687029949,228.63934350851648,23.915917101337648,43.08543349204393,23.9109348331504,34954.51826452569,17484.17120140194,0.1982440594157468,1.9482726234074998,2244157.3495041556,578.2771319026116
10300.0,4511085.290130228,2092.6842166115853,4511094.016529102,231.08332292422486,426.27685098613324,231.03401856184786,23.936393003960383,43.100709922597034,23.931408993108878,34896.69055133543,17426.343488211678,0.1982440594157468,1.9482726234074998,2244157.3495041556,578.2771319026116
10400.0,4511108.518348957,2135.5276683544002,4511117.239792445,233.48053357258507,430.59123502010283,233.43073031271703,23.95653630901145,43.1153255777571,23.95155063197374,34838.86283814517,17368.51577502142,0.1982440594157468,1.9482726234074998,2244157.3495041556,578.2771319026116
10500.0,4511131.986389309,2178.802630956323,4511140.702827512,235.87974786988246,434.9070548021713,235.82944554889744,23.97634800684499,43.129282632490686,23.97136073984715,34781.035124954906,17310.68806183116,0.1982440594157468,1.9482726234074998,2244157.3495041556,578.2771319026116
10600.0,4511155.694449992,2222.509244701148,4511164.405832997,238.2809327046968,439.22424456431156,238.23013116658086,23.99582927519012,43.14258360538684,23.990840494166584,34723.20741176464,17252.860348640897,0.1982440594157468,1.9482726234074998,2244157.3495041556,578.2771319026116
10700.0,4511179.642726408,2266.647643309039,4511188.349004285,240.68405509285256,443.54273880765635,240.63275418917254,24.01498148004561,43.15523135987744,24.00999126059923,34665.37969857438,17195.032635450636,0.1982440594157468,1.9482726234074998,2244157.3495041556,578.2771319026116
10800.0,4511203.831410671,2311.2179539651715,4511212.532533476,243.08908219630183,447.86247233706314,243.0372817861702,24.033806176454497,43.167229105233524,24.02881459381657,34607.551985384125,17137.204922260375,0.1982440594157468,1.9482726234074998,2244157.3495041556,578.2771319026116
10900.0,4511228.260691615,2356.22029735184,4511236.956609392,245.49598134207878,452.1833802957682,245.44368129211446,24.052305109156976,43.178580397334194,24.04731223814714,34549.72427219387,17079.377209070117,0.1982440594157468,1.9482726234074998,2244157.3495041556,578.2771319026116
11000.0,4511252.93075482,2401.65478768403,4511261.621417597,247.90472004131357,456.5053982001064,247.85192022559878,24.070480213122593,43.189289139211,24.065486128108706,34491.89655900361,17021.549495879855,0.1982440594157468,1.9482726234074998,2244157.3495041556,578.2771319026116
11100.0,4511277.841782624,2447.5215327484666,4511286.527140419,250.31526600829366,460.82846197427455,250.26196630832663,24.088333613960277,43.1993595813649,24.083338388818206,34434.068845813345,16963.721782689594,0.1982440594157468,1.9482726234074998,2244157.3495041556,578.2771319026116
11200.0,4511302.993954149,2493.8206339461412,4511311.673956968,252.72758717956,465.15250798511505,252.67378748420384,24.10586762820605,43.208796321856376,24.100871336279493,34376.24113262308,16905.894069499336,0.1982440594157468,1.9482726234074998,2244157.3495041556,578.2771319026116
11300.0,4511328.387445322,2540.552186338315,4511337.06204316,255.1416517330262,469.4774730768978,255.08735193845354,24.123084763487768,43.217604306167395,24.11808747754808,34318.41341943282,16848.066356309075,0.1982440594157468,1.9482726234074998,2244157.3495041556,578.2771319026116
11400.0,4511354.022428901,2587.7162786960007,4511362.691571744,257.557428107108,473.80329460607686,257.5026281167418,24.139987718568076,43.22578882683832,24.134989510774105,34260.585706242564,16790.238643118813,0.1982440594157468,1.9482726234074998,2244157.3495041556,578.2771319026116
11500.0,4511379.899074501,2635.3129935529173,4511388.562712325,259.9748850198513,478.12991047599996,259.91958474430146,24.15657938326236,43.23335552287367,24.151580325120406,34202.757993052306,16732.410929928552,0.1982440594157468,1.9482726234074998,2244157.3495041556,578.2771319026116
11600.0,4511406.017548625,2683.3424072619123,4511414.6756313965,262.3939914880456,482.45725917154726,262.3381908450418,24.17286283823723,43.240310378927745,24.167863000561077,34144.93027986204,16674.58321673829,0.1982440594157468,1.9482726234074998,2244157.3495041556,578.2771319026116
11700.0,4511432.378014692,2731.804590054844,4511441.03049237,264.81471684631174,486.7852797936777,264.75841576063215,24.188841354683316,43.24665972425866,24.18384080755435,34087.102566671776,16616.755503548033,0.1982440594157468,1.9482726234074998,2244157.3495041556,578.2771319026116
11800.0,4511458.980633071,2780.6996061059135,4511467.627455608,267.2370307661507,491.1139120938598,267.1802291695465,24.20451839386908,43.252410231463934,24.19951720659662,34029.27485348152,16558.92779035777,0.1982440594157468,1.9482726234074998,2244157.3495041556,578.2771319026116
11900.0,4511485.825561116,2830.02751359843,4511494.466678459,269.6609032749417,495.4430965083645,269.60360110605797,24.219897606569305,43.257568914985896,24.21489584765105,33971.44714029126,16501.10007716751,0.1982440594157468,1.9482726234074998,2244157.3495041556,578.2771319026116
12000.0,4511512.9129532045,2879.7883647950002,4511521.548315292,272.08630477487725,499.7727741923981,272.02850197916985,24.234982832376165,43.26214312940212,24.229980569458885,33913.619427101,16443.272363977252,0.1982440594157468,1.9482726234074998,2244157.3495041556,578.2771319026116
12100.0,4511540.242960771,2929.9822061111236,4511548.872517538,274.5132060618236,504.10288705405355,274.45490259147203,24.249778098887827,43.26614056749192,24.24477539872823,33855.79171391074,16385.44465078699,0.1982440594157468,1.9482726234074998,2244157.3495041556,578.2771319026116
12200.0,4511567.81573235,2980.6090781921685,4511576.439433728,276.94157834409395,508.43337778805676,276.8827741579103,24.264287620779054,43.26956925808737,24.259284549204935,33797.96400072047,16327.61693759673,0.1982440594157468,1.9482726234074998,2244157.3495041556,578.2771319026116
12300.0,4511595.63141362,3031.6690159937143,4511604.249209536,279.37139326112276,512.7641899092879,279.31208832445685,24.27851579875168,43.27243756370553,24.273512420623337,33740.136287530215,16269.789224406468,0.1982440594157468,1.9482726234074998,2244157.3495041556,578.2771319026116
12400.0,4511623.690147446,3083.1620488652347,4511632.301987822,281.8026229020296,517.095267786055,281.74281718667027,24.292467218369424,43.27475417797015,24.287463597541375,33682.30857433996,16211.961511216208,0.1982440594157468,1.9482726234074998,2244157.3495041556,578.2771319026116
12500.0,4511651.992073923,3135.088200637091,4511660.597908681,284.23523982406056,521.4265566731,284.17493330813295,24.30614664877729,43.27652812282403,24.301142848060326,33624.4808611497,16154.133798025949,0.1982440594157468,1.9482726234074998,2244157.3495041556,578.2771319026116
12600.0,4511680.537330428,3187.4474897108175,4511689.137109486,286.66921707089574,525.7580027443142,286.6084097387552,24.31955904130323,43.27776874552773,24.314555122426754,33566.65314795944,16096.306084835687,0.1982440594157468,1.9482726234074998,2244157.3495041556,578.2771319026116
12700.0,4511709.326051666,3240.2399291526576,4511717.919724943,289.1045281908116,530.0895531251449,289.0432200329335,24.332709527950946,43.2784857154617,24.327705551525767,33508.825434769176,16038.478371645426,0.1982440594157468,1.9482726234074998,2244157.3495041556,578.2771319026116
12800.0,4511738.358369724,3293.465526790327,4511746.945887136,291.54114725468685,534.4211559246706,291.47933826755275,24.34560341977784,43.278689020720854,24.34059944525932,33450.99772157891,15980.650658455166,0.1982440594157468,1.9482726234074998,2244157.3495041556,578.2771319026116
12900.0,4511767.6344141215,3347.124285312968,4511776.215725587,293.97904887384055,538.7527602673277,293.9167390598208,24.35824620516496,43.278388964514676,24.35324229081656,33393.17000838865,15922.822945264907,0.1982440594157468,1.9482726234074998,2244157.3495041556,578.2771319026116
13000.0,4511797.154311868,3401.216202374254,4511805.729367304,296.41820821769215,543.0843163242655,296.3553975849248,24.37064354797964,43.277596161374376,24.365639750836927,33335.342295198396,15864.995232074645,0.1982440594157468,1.9482726234074998,2244157.3495041556,578.2771319026116
13100.0,4511826.918187519,3455.7412706986165,4511835.486936843,298.858601031232,547.4157753443133,298.795289593498,24.382801285630272,43.27632153316656,24.377797661465408,33277.51458200814,15807.167518884384,0.1982440594157468,1.9482726234074998,2244157.3495041556,578.2771319026116
13200.0,4511856.926163232,3510.6994781905432,4511865.4885563655,301.30020365229257,551.7470896845393,301.2363914288878,24.394725427020127,43.27457630492627,24.389722030306807,33219.68686881787,15749.339805694124,0.1982440594157468,1.9482726234074998,2244157.3495041556,578.2771319026116
13300.0,4511887.178358831,3566.0908080469117,4511895.734345697,303.74299302860965,556.0782128403844,303.6786800442131,24.406422150396928,43.27237200050373,24.401419034275815,33161.85915562761,15691.512092503865,0.1982440594157468,1.9482726234074998,2244157.3495041556,578.2771319026116
13400.0,4511917.674891865,3621.9152388723173,4511926.224422388,306.18694673466365,560.4090994753496,306.1221330192023,24.41789780110544,43.26972043803852,24.412895017350163,33104.03144243735,15633.684379313603,0.1982440594157468,1.9482726234074998,2244157.3495041556,578.2771319026116
13500.0,4511948.415877672,3678.1727447973444,4511956.958901781,308.6320429882911,564.7397054502248,308.5667285768015,24.42915888924197,43.26663372525929,24.424156488225645,33046.20372924709,15575.856666123342,0.1982440594157468,1.9482726234074998,2244157.3495041556,578.2771319026116
13600.0,4511979.4014294455,3734.8632955997373,4511987.937897072,311.0782606670572,569.0699878518368,311.0124455995436,24.44021208721637,43.263124254619754,24.435210117878675,32988.376016056834,15518.028952933082,0.1982440594157468,1.9482726234074998,2244157.3495041556,578.2771319026116
13700.0,4512010.6316583,3791.9868568284205,4512019.161519381,313.52557932437924,573.3999050213037,313.45926364566856,24.451064227219558,43.25920469826751,24.446062737034392,32930.54830286657,15460.201239742823,0.1982440594157468,1.9482726234074998,2244157.3495041556,578.2771319026116
13800.0,4512042.106673339,3849.5433899303207,4512050.629877817,315.9739792053931,577.729416581778,315.9071629649865,24.461722298605768,43.25488800286286,24.456721333549527,32872.720589676304,15402.373526552561,0.1982440594157468,1.9482726234074998,2244157.3495041556,578.2771319026116
13900.0,4512073.826581728,3907.5328523799367,4512082.343079548,318.4234412625527,582.0584834656637,318.35612451447435,24.472193445184878,43.25018738423944,24.46719304970535,32814.89287648605,15344.5458133623,0.1982440594157468,1.9482726234074998,2244157.3495041556,578.2771319026116
14000.0,4512105.791488761,3965.955197811602,4512114.3012298765,320.87394717095515,586.387067941292,320.8061299735975,24.48248496243585,43.245116321927085,24.477485179421706,32757.06516329579,15286.71810017204,0.1982440594157468,1.9482726234074998,2244157.3495041556,578.2771319026116
14100.0,4512138.001497938,4024.8103761543894,4512146.504432307,323.32547934338254,590.7151336390419,323.25716175934895,24.49260429463642,43.23968855352836,24.487605165387404,32699.237450105527,15228.89038698178,0.1982440594157468,1.9482726234074998,2244157.3495041556,578.2771319026116
14200.0,4512170.456711038,4084.098333769599,4512178.952788624,325.7780209450532,595.0426455768916,325.70920304099735,24.50255903191721,43.233918068963916,24.49756059611496,32641.40973691527,15171.062673791519,0.1982440594157468,1.9482726234074998,2244157.3495041556,578.2771319026116
14300.0,4512203.157228194,4143.819013590771,4512211.646398969,328.2315559080742,599.3695701853876,328.1622377545368,24.512356907241532,43.22781910458927,24.50735920292111,32583.58202372501,15113.234960601258,0.1982440594157468,1.9482726234074998,2244157.3495041556,578.2771319026116
14400.0,4512236.103147971,4203.972355266168,4512244.585361914,330.6860689455884,603.6958753320195,330.6162506168309,24.522005793315255,43.22140613719113,24.517008856837332,32525.754310534747,15055.407247410998,0.1982440594157468,1.9482726234074998,2244157.3495041556,578.2771319026116
14500.0,4512269.294567446,4264.558295303663,4512277.769774542,333.1415455656085,608.0215303449872,333.0712271394442,24.53151369942601,43.214693877862516,24.526517565449822,32467.926597344485,14997.579534220738,0.1982440594157468,1.9482726234074998,2244157.3495041556,578.2771319026116
14600.0,4512302.731582286,4325.576767217973,4512311.19973253,335.5979720845325,612.3465060363519,335.5271536421549,24.54088876822306,43.207697265777,24.535893469679998,32410.098884154224,14939.751821030477,0.1982440594157468,1.9482726234074998,2244157.3495041556,578.2771319026116
14700.0,4512336.41428683,4387.027701680176,4512344.875330226,338.05533564033277,616.6707747245563,337.98401726614134,24.55013927243149,43.20043146185146,24.545144840499518,32352.271170963966,14881.924107840216,0.1982440594157468,1.9482726234074998,2244157.3495041556,578.2771319026116
14800.0,4512370.342774175,4448.911026669452,4512378.7966607325,340.51362420541466,620.9943102563082,340.4418059868381,24.559273611510495,43.19291184231457,24.55428007558923,32294.443457773705,14824.096394649956,0.1982440594157468,1.9482726234074998,2244157.3495041556,578.2771319026116
14900.0,4512404.517136255,4511.226667626977,4512412.963815995,342.9728265991372,625.3170880278145,342.90050862645427,24.56830030826038,43.18515399219047,24.563307695947,32236.615744583443,14766.268681459696,0.1982440594157468,1.9482726234074998,2244157.3495041556,578.2771319026116
15000.0,4512438.937463931,4573.974547611903,4512447.376886881,345.4329324999921,629.6390850053601,345.36011486615,24.57722800537256,43.17717369868662,24.5722363424384,32178.788031393186,14708.440968269435,0.1982440594157468,1.9482726234074998,2244157.3495041556,578.2771319026116
15100.0,4512473.603847072,4637.154587459373,4512482.035963273,347.89393245743537,633.9602797452206,347.8206152578659,24.586065461939235,43.16898694451705,24.581074772307236,32120.960318202924,14650.613255079174,0.1982440594157468,1.9482726234074998,2244157.3495041556,578.2771319026116
15200.0,4512508.51637465,4700.766705940486,4512516.941134149,350.3558179033671,638.2806524129035,350.28200123580046,24.594821549914432,43.16060990114562,24.589831855637286,32063.132605012663,14592.785541888914,0.1982440594157468,1.9482726234074998,2244157.3495041556,578.2771319026116
15300.0,4512543.675134823,4764.810819924153,4512552.092487678,352.81858116325566,642.60018480171,352.7442651275323,24.60350525053604,43.15205892196721,24.5985165717752,32005.3048918224,14534.957828698654,0.1982440594157468,1.9482726234074998,2244157.3495041556,578.2771319026116
15400.0,4512579.080215025,4829.286844540781,4512587.490111304,355.2822154669017,646.9188603506129,355.2074001647819,24.61212565071659,43.143350535440916,24.607138005722046,31947.47717863214,14477.130115508393,0.1982440594157468,1.9482726234074998,2244157.3495041556,578.2771319026116
15500.0,4512614.73170206,4894.1946933477,4512623.134091844,357.74671495883933,651.2366641614424,357.671400493811,24.620691939390284,43.13450143815291,24.6157053444811,31889.649465441882,14419.302402318131,0.1982440594157468,1.9482726234074998,2244157.3495041556,578.2771319026116
15600.0,4512650.629682195,4959.534278496283,4512659.024515571,360.21207470837055,655.5535830153772,360.13626118545494,24.62921340384168,43.12552848785513,24.62422787338742,31831.82175225162,14361.474689127872,0.1982440594157468,1.9482726234074998,2244157.3495041556,578.2771319026116
15700.0,4512686.774241247,5025.305510900676,4512695.161468315,362.67829071923103,659.8696053887376,362.6019782447867,24.637699426001404,43.11644869645325,24.632714972404308,31773.99403906136,14303.646975937612,0.1982440594157468,1.9482726234074998,2244157.3495041556,578.2771319026116
15800.0,4512723.1654646825,5091.508300408073,4512731.545035552,365.14535993888376,664.1847214680738,365.06854862040893,24.64615947872206,43.10727922296822,24.641176112400036,31716.1663258711,14245.81926274735,0.1982440594157468,1.9482726234074998,2244157.3495041556,578.2771319026116
15900.0,4512759.803437709,5158.142555970465,4512768.175302502,367.6132802674398,668.4989231645499,367.5359702133727,24.6546031220366,43.098037366475495,24.649620851407068,31658.33861268084,14187.99154955709,0.1982440594157468,1.9482726234074998,2244157.3495041556,578.2771319026116
16000.0,4512796.688245373,5225.208185817789,4512805.05235422,370.08205056620307,672.8122041276198,370.0042418857211,24.663039999399818,43.08874055902304,24.658058830864334,31600.51089949058,14130.16383636683,0.1982440594157468,1.9482726234074998,2244157.3495041556,578.2771319026116
16100.0,4512833.819972656,5292.705097632414,4512842.1762757,372.551670665839,677.124559757994,372.47336346865615,24.671479833917957,43.07940635853769,24.666499771847707,31542.683186300317,14072.33612317657,0.1982440594157468,1.9482726234074998,2244157.3495041556,578.2771319026116
16200.0,4512871.19870457,5360.633198724889,4512879.547151965,375.0221413741655,681.4359872198969,374.94333577032836,24.679932424570598,43.07005244172696,24.674953471292635,31484.855473110056,14014.508409986309,0.1982440594157468,1.9482726234074998,2244157.3495041556,578.2771319026116
16300.0,4512908.824526257,5428.992396210868,4512917.165068169,377.4934644835654,685.7464854526127,377.4141605832479,24.688407642430786,43.06069659698777,24.683429798215183,31427.027759919798,13956.680696796047,0.1982440594157468,1.9482726234074998,2244157.3495041556,578.2771319026116
16400.0,4512946.697523089,5497.782597189174,4512955.030109694,379.96564277802054,690.0560551813231,379.8858406913177,24.69691542687877,43.05135671731317,24.69193868992651,31369.200046729537,13898.852983605788,0.1982440594157468,1.9482726234074998,2244157.3495041556,578.2771319026116
16500.0,4512984.817780767,5567.003708920899,4512993.142362251,382.4386800397675,694.3646989272355,382.3583798764874,24.705465781821687,43.042050793219886,24.700490148253415,31311.372333539275,13841.025270415528,0.1982440594157468,1.9482726234074998,2244157.3495041556,578.2771319026116
16600.0,4513023.185385417,5636.655639009481,4513031.501911978,384.91258105557495,698.672421017004,384.8317829250301,24.714068771915656,43.032796905690226,24.709094235761267,31253.544620349017,13783.197557225267,0.1982440594157468,1.9482726234074998,2244157.3495041556,578.2771319026116
16700.0,4513061.8004236985,5706.738295581692,4513070.108845545,387.3873516226437,702.9792275914465,387.3060556334412,24.722734518802838,43.02361321915079,24.717761071991802,31195.716907158756,13725.369844035005,0.1982440594157468,1.9482726234074998,2244157.3495041556,578.2771319026116
16800.0,4513100.662982898,5777.251587469464,4513108.963250249,389.86299855413023,707.2851266135593,389.7812048139612,24.731473197351576,43.014517974467026,24.726500829704165,31137.889193968495,13667.542130844746,0.1982440594157468,1.9482726234074998,2244157.3495041556,578.2771319026116
16900.0,4513139.773151035,5848.195424392474,4513148.065214122,392.33952968429566,711.590127875834,392.2572382997236,24.74029503191958,43.00552948198933,24.735323731138816,31080.061480778233,13609.714417654486,0.1982440594157468,1.9482726234074998,2244157.3495041556,578.2771319026116
17000.0,4513179.131016966,5919.569717141435,4513187.414826028,394.81695387328085,715.8942430068797,394.7341649495294,24.74921029263181,42.99666611463575,24.744240044296276,31022.23376758797,13551.886704464225,0.1982440594157468,1.9482726234074998,2244157.3495041556,578.2771319026116
17100.0,4513218.736670482,5991.374377762009,4513227.012175771,397.2952810115106,720.1974854773555,397.2119946522503,24.758229291679413,42.987946301022774,24.753260079236817,30964.406054397714,13494.058991273963,0.1982440594157468,1.9482726234074998,2244157.3495041556,578.2771319026116
17200.0,4513258.590202416,6063.60931973928,4513266.857354195,399.7745220237286,724.499870605219,399.69073833086367,24.767362379647395,42.979388518658055,24.76239418440896,30906.578341207452,13436.231278083704,0.1982440594157468,1.9482726234074998,2244157.3495041556,578.2771319026116
17300.0,4513298.691704747,6136.274458182717,4513306.950453286,402.25468887266595,728.8014155602956,402.17040794611995,24.77661994186296,42.97101128718044,24.771652742998576,30848.75062801719,13378.403564893444,0.1982440594157468,1.9482726234074998,2244157.3495041556,578.2771319026116
17400.0,4513339.041270699,6209.369710011566,4513347.291566281,404.73579456234654,733.1021393681751,404.6510164998478,24.786012394779302,42.96283316167395,24.781046169313417,30790.922914826933,13320.575851703183,0.1982440594157468,1.9482726234074998,2244157.3495041556,578.2771319026116
17500.0,4513379.638994852,6282.894994140587,4513387.880787767,407.21785314103147,737.4020629134429,407.13257803789816,24.79555018239406,42.95487272605428,24.7905849052024,30733.095201636672,13262.748138512921,0.1982440594157468,1.9482726234074998,2244157.3495041556,578.2771319026116
17600.0,4513420.484973241,6356.850231666096,4513428.718213788,409.70087970380706,741.7012089422522,409.615107652732,24.805243772694908,42.94714858651424,24.80027941650191,30675.26748844641,13204.920425322662,0.1982440594157468,1.9482726234074998,2244157.3495041556,578.2771319026116
17700.0,4513461.579303462,6431.235346052215,4513469.803941953,412.1848903948194,745.9996020642452,412.0986214856545,24.81510365415506,42.939679365068876,24.81014018953207,30617.43977525615,13147.092712132402,0.1982440594157468,1.9482726234074998,2244157.3495041556,578.2771319026116
17800.0,4513502.922084781,6506.050263317299,4513511.138071534,414.6699024091598,750.2972687538321,414.5831367287007,24.82514033226065,42.932483693168045,24.820177727624852,30559.612062065888,13089.26499894214,0.1982440594157468,1.9482726234074998,2244157.3495041556,578.2771319026116
17900.0,4513544.513418235,6581.294912220442,4513552.720703577,417.1559339944055,754.5942373508351,417.0686716261755,24.835364326086836,42.92558020540644,24.830402547700924,30501.78434887563,13031.43728575188,0.1982440594157468,1.9482726234074998,2244157.3495041556,578.2771319026116
18000.0,4513586.353406738,6656.969224448031,4513594.551941004,419.6430044518191,758.8905380605079,419.5552454758538,24.845786164918678,42.918987533323985,24.840825176891215,30443.95663568537,12973.60957256162,0.1982440594157468,1.9482726234074998,2244157.3495041556,578.2771319026116
18100.0,4513628.442155185,6733.073134800264,4513636.631888718,422.13113413721334,763.1862029529393,422.0428786298449,24.8564163849167,42.91272429929636,24.85145614920322,30386.128922495107,12915.78185937136,0.1982440594157468,1.9482726234074998,2244157.3495041556,578.2771319026116
18200.0,4513670.779770563,6809.606581377573,4513678.960653715,424.6203444614841,767.4812659618507,424.5315924951258,24.86726552584077,42.90680911053994,24.862306002245553,30328.30120930485,12857.954146181099,0.1982440594157468,1.9482726234074998,2244157.3495041556,578.2771319026116
18300.0,4513713.366362052,6886.569505766911,4513721.538345179,427.11065789081806,771.7757628827985,427.0214095337491,24.878344127816895,42.90126055320339,24.87338527399539,30270.473496114588,12800.126432990837,0.1982440594157468,1.9482726234074998,2244157.3495041556,578.2771319026116
18400.0,4513756.202041129,6963.961853227815,4513764.365074595,429.60209794658016,776.0697313707909,429.5123532627305,24.889662728167032,42.89609718658217,24.884704499629038,30212.645782924326,12742.298719800578,0.1982440594157468,1.9482726234074998,2244157.3495041556,578.2771319026116
18500.0,4513799.286921678,7041.783572878209,4513807.440955854,432.09468920488587,780.3632109373309,432.00444825362194,24.901231858289236,42.89133753743251,24.89627420840266,30154.818069734065,12684.471006610318,0.1982440594157468,1.9482726234074998,2244157.3495041556,578.2771319026116
18600.0,4513842.621120093,7120.034617879887,4513850.766105355,434.5884572958649,784.6562429468967,434.4977201317751,24.91306204060257,42.88700009441123,24.908104920597864,30096.990356543804,12626.643293420057,0.1982440594157468,1.9482726234074998,2244157.3495041556,578.2771319026116
18700.0,4513886.204755384,7198.714945623607,4513894.340642112,437.08342890262156,788.9488706128702,436.9921955753026,24.925163785542203,42.8831033026146,24.920207144517427,30039.162643353546,12568.815580229795,0.1982440594157468,1.9482726234074998,2244157.3495041556,578.2771319026116
18800.0,4513930.03794928,7277.824517913755,4513938.164687862,439.5796317598981,793.2411389929266,439.48790231374176,24.93754758862884,42.87966555825963,24.932591373555333,29981.334930163284,12510.987867039536,0.1982440594157468,1.9482726234074998,2244157.3495041556,578.2771319026116
18900.0,4513974.120826338,7357.363301152526,4513982.238367164,442.07709465244744,797.533094983896,441.9848691264279,24.95022392759022,42.8767052034679,24.945268083318894,29923.507216973023,12453.160153849276,0.1982440594157468,1.9482726234074998,2244157.3495041556,578.2771319026116
19000.0,4514018.453514047,7437.331266523559,4514026.561807509,444.5758474131213,801.8247873161115,444.48312584058334,24.963203259556686,42.87424052119066,24.958247728824865,29865.679503782765,12395.332440659015,0.1982440594157468,1.9482726234074998,2244157.3495041556,578.2771319026116
19100.0,4514063.0361429285,7517.728390174983,4514071.135139423,447.075920920681,806.116266547253,446.98270332912864,24.976496018314542,42.87228973024642,24.971540741753422,29807.851790592504,12337.504727468753,0.1982440594157468,1.9482726234074998,2244157.3495041556,578.2771319026116
19200.0,4514107.868846646,7598.554653401828,4514115.958496573,449.57734709733694,810.4075850557035,449.48363350822297,24.99011261163178,42.87087098049681,24.98515752777444,29750.024077402242,12279.677014278494,0.1982440594157468,1.9482726234074998,2244157.3495041556,578.2771319026116
19300.0,4514152.951762106,7679.810042827734,4514161.0320158675,452.0801589060234,814.6987970334278,451.9859493345398,25.00406341865422,42.87000234815659,24.99910846394414,29692.19636421198,12221.849301088234,0.1982440594157468,1.9482726234074998,2244157.3495041556,578.2771319026116
19400.0,4514198.285029565,7761.494550585946,4514206.355837563,454.5843903474169,818.989958478388,454.48968480228586,25.018358787363145,42.86970183122246,25.01340389616328,29634.36865102172,12164.021587897972,0.1982440594157468,1.9482726234074998,2244157.3495041556,578.2771319026116
19500.0,4514243.86879273,7843.608174499506,4514251.930105368,457.090076456703,823.2811271865096,456.9948749399694,25.033009032114805,42.8699873450562,25.02805413671717,29576.54093783146,12106.193874707711,0.1982440594157468,1.9482726234074998,2244157.3495041556,578.2771319026116
19600.0,4514289.703198865,7926.150918260636,4514297.754966544,459.5972533001011,827.5723627432119,459.50155580692547,25.048024431242915,42.87087671808859,25.043069461878645,29518.7132246412,12048.366161517451,0.1982440594157468,1.9482726234074998,2244157.3495041556,578.2771319026116
19700.0,4514335.788398889,8009.122791609242,4514343.830572011,462.1059579711526,831.8637265145145,462.0097644896053,25.063415224732886,42.87238768765943,25.058460109582832,29460.88551145094,11990.538448327192,0.1982440594157468,1.9482726234074998,2244157.3495041556,578.2771319026116
19800.0,4514382.124547483,8092.523810510515,4514390.157076449,464.6162285867799,836.1552816377358,464.5195390976364,25.079191611981685,42.874537896018296,25.07423627718741,29403.05779826068,11932.71073513693,0.1982440594157468,1.9482726234074998,2244157.3495041556,578.2771319026116
19900.0,4514428.711803193,8176.353997331579,4514436.7346384,467.12810428312525,840.4470930117966,467.0309187596624,25.09536374961171,42.87734488642916,25.090408119286934,29345.23008507042,11874.883021946669,0.1982440594157468,1.9482726234074998,2244157.3495041556,578.2771319026116
20000.0,4514475.550328526,8260.613381017149,4514483.563420369,469.64162521117396,844.7392272871423,469.5439436189678,25.11194174937729,42.880826099448015,25.106985745619834,29287.402371880158,11817.055308756408,0.1982440594157468,1.9482726234074998,2244157.3495041556,578.2771319026116
20100.0,4514522.640290055,8345.301997264167,4514530.643588927,472.15683253217264,849.0317528552988,472.0586548288968,25.128935676132254,42.88499886931659,25.123979219036343,29229.574658689893,11759.227595566146,0.1982440594157468,1.9482726234074998,2244157.3495041556,578.2771319026116
20200.0,4514569.981858523,8430.41988869537,4514577.975314808,474.6737684128472,853.3247398380751,474.5750945480732,25.14635554588241,42.88988042051456,25.141398553551383,29171.746945499635,11701.399882375885,0.1982440594157468,1.9482726234074998,2244157.3495041556,578.2771319026116
20300.0,4514617.575208935,8515.96710503177,4514625.558773016,477.1924760204301,857.6182600764272,477.0933059354285,25.164211323908432,42.89548786444431,25.15925371246785,29113.919232309374,11643.572169185623,0.1982440594157468,1.9482726234074998,2244157.3495041556,578.2771319026116
20400.0,4514665.420520666,8601.94370326399,4514673.394142916,479.712999517503,861.9123871189978,479.6133331450461,25.182512922961074,42.90183819625122,25.177554606572176,29056.091519119112,11585.744455995362,0.1982440594157468,1.9482726234074998,2244157.3495041556,578.2771319026116
20500.0,4514713.517977555,8688.349747822456,4514721.481608343,482.2353840566635,866.2071962103447,482.13522132082926,25.201270201541035,42.90894829180143,25.19631109241457,28998.263805928847,11527.9167428051,0.1982440594157468,1.9482726234074998,2244157.3495041556,578.2771319026116
20600.0,4514761.867768007,8775.18531074638,4514769.821357692,484.75967577502263,870.5027642788737,484.659016591,25.22049296224356,42.91683490478116,25.21553297065394,28940.43609273859,11470.08902961484,0.1982440594157468,1.9482726234074998,2244157.3495041556,578.2771319026116
20700.0,4514810.470085089,8862.450471851533,4514818.41358402,487.2859217885411,874.7991699244888,487.184766062437,25.24019095019144,42.92551466395967,25.23522998449119,28882.60837954833,11412.261316424578,0.1982440594157468,1.9482726234074998,2244157.3495041556,578.2771319026116
20800.0,4514859.325126627,8950.145318896766,4514867.258485146,489.8141701862119,879.0964934059745,489.7125178148594,25.260373851528065,42.93500407056503,25.255411818162592,28824.780666358067,11354.433603234316,0.1982440594157468,1.9482726234074998,2244157.3495041556,578.2771319026116
20900.0,4514908.433095307,9038.26994774926,4514916.356263743,492.3444700240969,883.3948166281233,492.24232089486486,25.281051291999415,42.94531949582396,25.276088095522105,28766.9529531678,11296.605890044055,0.1982440594157468,1.9482726234074998,2244157.3495041556,578.2771319026116
21000.0,4514957.794198766,9126.824462548466,4514965.707127438,494.8768713192239,887.6942231286238,494.7742253098286,25.302232835602855,42.956477178626045,25.297268378690354,28709.125239977544,11238.778176853793,0.1982440594157468,1.9482726234074998,2244157.3495041556,578.2771319026116
21100.0,4515007.408649693,9215.808975868733,4515015.311288905,497.4114250433537,891.9947980647217,497.30828202167135,25.32392798331113,42.96849322332707,25.31896216677895,28651.297526787283,11180.950463663532,0.1982440594157468,1.9482726234074998,2244157.3495041556,578.2771319026116
21200.0,4515057.276665919,9305.223608880591,4515065.168965965,499.94818311662215,896.2966281996681,499.8445429405034,25.346146171879553,42.98138359770542,25.34117889469788,28593.46981359702,11123.12275047327,0.1982440594157468,1.9482726234074998,2244157.3495041556,578.2771319026116
21300.0,4515107.398470517,9395.068491510663,4515115.280381673,502.4871984010668,900.5998018889696,502.3830609181527,25.368896772709448,42.99516413102339,25.363927932019173,28535.642100406756,11065.29503728301,0.1982440594157468,1.9482726234074998,2244157.3495041556,578.2771319026116
21400.0,4515157.774291892,9485.343762600194,4515165.645764419,505.02852469404394,904.9044090664522,504.9238897415836,25.39218909080201,43.00985051225402,25.387218581931002,28477.8143872165,11007.467324092748,0.1982440594157468,1.9482726234074998,2244157.3495041556,578.2771319026116
21500.0,4515208.404363873,9576.04957006218,4515216.265348016,507.57221672154407,909.2105412301534,507.46708412621393,25.416032363777507,43.02545828842835,25.411060080257023,28419.986674026237,10949.639610902486,0.1982440594157468,1.9482726234074998,2244157.3495041556,578.2771319026116
21600.0,4515259.288925812,9667.18607103708,4515267.139371797,510.1183301314129,913.5182914280552,510.0126997091375,25.440435760961243,43.04200286310577,25.435461594542556,28362.158960835975,10891.811897712225,0.1982440594157468,1.9482726234074998,2244157.3495041556,578.2771319026116
21700.0,4515310.428222667,9758.753432047086,4515318.268080703,512.666921486485,917.827754243673,512.5607930422595,25.46540838255106,43.059499494993105,25.46043222322221,28304.33124764571,10833.984184521963,0.1982440594157468,1.9482726234074998,2244157.3495041556,578.2771319026116
21800.0,4515361.822505103,9850.751829148956,4515369.651725376,515.2180482576368,922.1390257815092,515.1114215853518,25.4909592588506,43.07796329668453,25.485980994853357,28246.503534455453,10776.156471331702,0.1982440594157468,1.9482726234074998,2244157.3495041556,578.2771319026116
21900.0,4515413.472029573,9943.181448085374,4515421.29056225,517.7717688167677,926.4522036523902,517.6646436990341,25.517097349565816,43.097409233517055,25.512116867412665,28188.67582126519,10718.32875814144,0.1982440594157468,1.9482726234074998,2244157.3495041556,578.2771319026116
22000.0,4515465.377058413,10036.04248443485,4515473.184853638,520.3281424297124,930.7673869586932,520.22051863769,25.5438315431812,43.11785212257149,25.53884872767258,28130.84810807493,10660.50104495118,0.1982440594157468,1.9482726234074998,2244157.3495041556,578.2771319026116
22100.0,4515517.53785993,10129.335143760134,4515525.334867824,522.8872292490964,935.0846762794806,522.7791065423229,25.5711706563978,43.13930663178575,25.566185390639326,28073.020394884665,10602.673331760918,0.1982440594157468,1.9482726234074998,2244157.3495041556,578.2771319026116
22200.0,4515569.954708491,10223.059641755128,4515577.74087915,525.4490903071368,939.4041736555505,525.3404684333589,25.599123433638695,43.1617872791911,25.594135599058507,28015.192681694407,10544.845618570656,0.1982440594157468,1.9482726234074998,2244157.3495041556,578.2771319026116
22300.0,4515622.627884611,10317.216204390317,4515630.403168105,528.0137875083979,943.7259825744179,527.9046662034042,25.627698546619698,43.18530843226699,25.62270802298592,27957.364968504146,10487.017905380395,0.1982440594157468,1.9482726234074998,2244157.3495041556,578.2771319026116
22400.0,4515675.557675035,10411.805068056692,4515683.322021407,530.581383622507,948.0502079552364,530.4717626099626,25.656904593986418,43.209884307416,25.65191125942465,27899.537255313884,10429.190192190134,0.1982440594157468,1.9482726234074998,2244157.3495041556,578.2771319026116
22500.0,4515728.744372832,10506.826479708145,4515736.497732097,533.1519422768372,952.3769561336741,533.0418212681201,25.68675010101542,43.23552896955481,25.681753832026256,27841.70954212362,10371.362478999872,0.1982440594157468,1.9482726234074998,2244157.3495041556,578.2771319026116
22600.0,4515782.188277474,10602.280697002374,4515789.930599618,535.7255279491629,956.7063348467531,535.614906643202,25.71724351937528,43.26225633181373,25.712244190851884,27783.88182893336,10313.53476580961,0.1982440594157468,1.9482726234074998,2244157.3495041556,578.2771319026116
22700.0,4515835.889694924,10698.167988440255,4515843.620929901,538.3022059602956,961.038453217666,538.1910840434103,25.74839322695199,43.29008015535202,25.74339071219772,27726.0541157431,10255.70705261935,0.1982440594157468,1.9482726234074998,2244157.3495041556,578.2771319026116
22800.0,4515889.848937718,10794.488633503697,4515897.569035451,540.8820424667042,965.373421740578,540.7704196124466,25.780207527733786,43.319014049280476,25.775201698479755,27668.22640255284,10197.879339429088,0.1982440594157468,1.9482726234074998,2244157.3495041556,578.2771319026116
22900.0,4515944.066325052,10891.242922791986,4515951.775235429,543.4651044531273,969.7113522654278,543.3529803221252,25.812694651754427,43.34907147068897,25.807685378177133,27610.398689362573,10140.051626238826,0.1982440594157468,1.9482726234074998,2244157.3495041556,578.2771319026116
23000.0,4515998.542182856,10988.431158156594,4516006.239855734,546.0514597251831,974.0523579827354,545.938833964985,25.845862755093524,43.380265724776564,25.84084990583241,27552.570976172316,10082.223913048565,0.1982440594157468,1.9482726234074998,2244157.3495041556,578.2771319026116
23100.0,4516053.276843888,11086.053652834487,4516060.963229083,548.6411769019815,978.3965534084293,548.5280491469038,25.879719919939788,43.41260996509425,25.874703362114833,27494.743262982054,10024.396199858304,0.1982440594157468,1.9482726234074998,2244157.3495041556,578.2771319026116
23200.0,4516108.270647802,11184.110731579904,4516115.9456950985,551.2343254087458,982.7440543687019,551.1206952797213,25.914274154697534,43.446117193865085,25.909253753926755,27436.915549791793,9966.568486668042,0.1982440594157468,1.9482726234074998,2244157.3495041556,578.2771319026116
23300.0,4516163.52394124,11282.602730794624,4516171.18760038,553.8309754694484,987.0949779849029,553.7168425738766,25.949533394162316,43.48080026242769,25.94450901457921,27379.087836601528,9908.74077347778,0.1982440594157468,1.9482726234074998,2244157.3495041556,578.2771319026116
23400.0,4516219.037077903,11381.529998656739,4516226.689298589,556.4311980994652,991.4494426584807,556.3165620310649,25.985505499733527,43.51667187174576,25.98047700400452,27321.26012341127,9850.91306028752,0.1982440594157468,1.9482726234074998,2244157.3495041556,578.2771319026116
23500.0,4516274.810418633,11480.892895247902,4516282.451150526,559.0350650982559,995.8075680559809,558.9199254369184,26.022198259695593,43.55374457303937,26.017165509037355,27263.43241022101,9793.085347097258,0.1982440594157468,1.9482726234074998,2244157.3495041556,578.2771319026116
23600.0,4516330.844331491,11580.691792679097,4516338.473524212,561.6426490420735,1000.169475094111,561.5270053537187,26.0596193895333,43.592030768476896,26.054582243730014,27205.604697030747,9735.257633906996,0.1982440594157468,1.9482726234074998,2244157.3495041556,578.2771319026116
23700.0,4516387.139191835,11680.927075214911,4516394.756794958,564.2540232767084,1004.53528592488,564.1378751131418,26.097776532305012,43.63154271196947,26.09273484972551,27147.776983840482,9677.429920716735,0.1982440594157468,1.9482726234074998,2244157.3495041556,578.2771319026116
23800.0,4516443.695382396,11781.59913939632,4516451.301345451,566.869261910273,1008.9051239208212,566.752608809045,26.136677259065312,43.672292510052806,26.131630896680175,27089.949270650224,9619.602207526474,0.1982440594157468,1.9482726234074998,2244157.3495041556,578.2771319026116
23900.0,4516500.513293351,11882.708394162006,4516508.10756582,569.4884398060298,1013.2791136603075,569.371281290296,26.17632906932399,43.71429212283283,26.171277882722457,27032.121557459963,9561.774494336212,0.1982440594157468,1.9482726234074998,2244157.3495041556,578.2771319026116
24000.0,4516557.593322405,11984.25526096822,4516565.175853722,572.111632575268,1017.6573809129653,571.9939681536523,26.216739391559727,43.75755336502785,26.211683234966575,26974.2938442697,9503.94678114595,0.1982440594157468,1.9482726234074998,2244157.3495041556,578.2771319026116
24100.0,4516614.935874857,12086.240173907177,4516622.506614407,574.7389165702353,1022.0400526251973,574.6207457366934,26.257915583773844,43.80208790708075,26.252854310066056,26916.466131079436,9446.11906795569,0.1982440594157468,1.9482726234074998,2244157.3495041556,578.2771319026116
24200.0,4516672.541363682,12188.663579824011,4516680.100260796,577.3703688771251,1026.4272569058194,577.2516911108103,26.299864934082365,43.84790727633826,26.29479839480571,26858.63841788918,9388.291354765428,0.1982440594157468,1.9482726234074998,2244157.3495041556,578.2771319026116
24300.0,4516730.410209596,12291.525938432309,4516737.957213556,580.0060673091265,1030.8191230118205,579.8868820742575,26.34259466135643,43.895022858314654,26.337522706741865,26800.810704698917,9330.463641575167,0.1982440594157468,1.9482726234074998,2244157.3495041556,578.2771319026116
24400.0,4516788.542841136,12394.827722428216,4516796.077901168,582.64609039954,1035.2157813342506,582.5263971452697,26.386111915894514,43.943445898010715,26.381034394874472,26742.982991508656,9272.635928384905,0.1982440594157468,1.9482726234074998,2244157.3495041556,578.2771319026116
24500.0,4516846.939694727,12498.569417603148,4516854.46276,585.2905173949626,1039.617363384246,585.1703155552489,26.430423780138426,43.993187501308725,26.42534054036292,26685.15527831839,9214.808215194644,0.1982440594157468,1.9482726234074998,2244157.3495041556,578.2771319026116
24600.0,4516905.6012147525,12602.751522955106,4516913.112234378,587.9394282485467,1044.0240017791966,587.8187172420244,26.475537269421263,44.04425863642258,26.47044815727382,26627.327565128133,9156.980502004382,0.1982440594157468,1.9482726234074998,2244157.3495041556,578.2771319026116
24700.0,4516964.527853628,12707.374550798613,4516972.02677666,590.5929036133351,1048.4358302290623,590.47168284319,26.521459332752656,44.096670135412154,26.516364193366066,26569.49985193787,9099.15278881412,0.1982440594157468,1.9482726234074998,2244157.3495041556,578.2771319026116
24800.0,4517023.720071868,12812.439026873295,4517031.206847301,593.2510248356772,1052.8529835228426,593.1292936895215,26.568196853645606,44.15043269576974,26.563095530917515,26511.67213874761,9041.32507562386,0.1982440594157468,1.9482726234074998,2244157.3495041556,578.2771319026116
24900.0,4517083.178338158,12917.945490451113,4517090.652914922,595.9138739487289,1057.275597515209,595.7916317984784,26.615756650959796,44.20555688203349,26.61064898756811,26453.844425557345,8983.497362433598,0.1982440594157468,1.9482726234074998,2244157.3495041556,578.2771319026116
25000.0,4517142.903129418,13023.894494442276,4517150.365456381,598.5815336660395,1061.7038091133015,598.4587798677917,26.664145479785702,44.26205312747115,26.659031317203763,26396.016712367087,8925.669649243337,0.1982440594157468,1.9482726234074998,2244157.3495041556,578.2771319026116
25100.0,4517202.894930876,13130.286605499829,4517210.344956839,601.2540873752281,1066.137756263697,601.1308212691422,26.713370032369642,44.31993173583403,26.70824921088125,26338.188999176826,8867.841936053075,0.1982440594157468,1.9482726234074998,2244157.3495041556,578.2771319026116
25200.0,4517263.15423613,13237.122404122949,4517270.59190983,603.9316191317539,1070.5775779395535,603.8078400419325,26.763436939043096,44.37920288311627,26.75830929775725,26280.361285986564,8810.014222862814,0.1982440594157468,1.9482726234074998,2244157.3495041556,578.2771319026116
25300.0,4517323.681547219,13344.402484758979,4517331.106817323,606.6142136527818,1075.0234141279366,606.4899208871539,26.81435276920095,44.43987661939825,26.809218146066485,26222.5335727963,8752.186509672552,0.1982440594157468,1.9482726234074998,2244157.3495041556,578.2771319026116
25400.0,4517384.477374683,13452.127455904183,4517391.890189788,609.3019563111469,1079.4754058173291,609.177149161352,26.866124032294262,44.501962870713186,26.860982264114156,26164.70585960604,8694.358796482291,0.1982440594157468,1.9482726234074998,2244157.3495041556,578.2771319026116
25500.0,4517445.542237636,13560.297940203276,4517452.942546267,611.9949331294195,1083.9336949853318,611.8696108706935,26.918757178854708,44.56547144096724,26.913608101300294,26106.87814641578,8636.53108329203,0.1982440594157468,1.9482726234074998,2244157.3495041556,578.2771319026116
25600.0,4517506.876663824,13668.914574547727,4517514.264414433,614.6932307740741,1088.3984245865583,614.5673926651368,26.972258601537966,44.63041201389012,26.967102049162772,26049.05043322552,8578.703370101768,0.1982440594157468,1.9482726234074998,2244157.3495041556,578.2771319026116
25700.0,4517568.481189691,13777.978010172867,4517575.856330657,617.3969365497651,1092.869738540727,617.2705818327086,27.02663463619425,44.69679415503137,27.021470442447722,25991.222720035254,8520.875656911507,0.1982440594157468,1.9482726234074998,2244157.3495041556,578.2771319026116
25800.0,4517630.356360448,13887.488912753806,4517637.718840069,620.106138393709,1097.3477817209541,619.9792662938875,27.081891562952265,44.764627313777034,27.076719560193204,25933.395006844992,8463.047943721245,0.1982440594157468,1.9482726234074998,2244157.3495041556,578.2771319026116
25900.0,4517692.502730124,13997.447962500204,4517699.852496624,622.8209248701778,1101.832699942252,622.6935345960993,27.138035607334253,44.83392082541853,27.13285562684404,25875.567293654734,8405.220230530984,0.1982440594157468,1.9482726234074998,2244157.3495041556,578.2771319026116
26000.0,4517754.92086164,14107.855854249889,4517762.257863161,625.5413851651044,1106.3246399502343,625.4134759083229,27.195072941381817,44.90468391323743,27.18988481337737,25817.73958046447,8347.392517340722,0.1982440594157468,1.9482726234074998,2244157.3495041556,578.2771319026116
26100.0,4517817.611326867,14218.713297561362,4517824.935511469,628.2676090808019,1110.823749410033,628.1391800158113,27.25300968480449,44.97692569062738,27.247813238450988,25759.911867274208,8289.564804150461,0.1982440594157468,1.9482726234074998,2244157.3495041556,578.2771319026116
26200.0,4517880.574706684,14330.021016805207,4517887.886022344,630.9996870307986,1115.3301768954286,630.8707373149283,27.311851906142063,45.050655163236954,27.306646969565435,25702.084154083946,8231.7370909602,0.1982440594157468,1.9482726234074998,2244157.3495041556,578.2771319026116
26300.0,4517943.811591044,14441.779751254417,4517951.109985654,633.7377100347907,1119.8440718781962,633.6082388081015,27.3716056239442,45.125881231139815,27.366392024243332,25644.25644089369,8173.909377769939,0.1982440594157468,1.9482726234074998,2244157.3495041556,578.2771319026116
26400.0,4518007.322579031,14553.990255173672,4518014.608000397,636.4817697137138,1124.3655847176703,636.3517760988957,27.432276807963625,45.20261269102556,27.427054371222333,25586.428727703424,8116.081664579678,0.1982440594157468,1.9482726234074998,2244157.3495041556,578.2771319026116
26500.0,4518071.108278921,14666.653297907586,4518078.380674759,639.2319582849344,1128.8948666505296,639.1014413872053,27.493871380363544,45.280858238412165,27.48863993166232,25528.601014513162,8058.253951389416,0.1982440594157468,1.9482726234074998,2244157.3495041556,578.2771319026116
26600.0,4518135.169308242,14779.76966396793,4518142.428626179,641.9883685575637,1133.4320697808062,641.8573274645692,27.556395216941688,45.36062646988425,27.551154580369136,25470.7733013229,8000.426238199155,0.1982440594157468,1.9482726234074998,2244157.3495041556,578.2771319026116
26700.0,4518199.506293833,14893.340153119896,4518206.752481402,644.7510939278935,1137.9773470701168,644.6195277096081,27.61985414835611,45.441925885330996,27.614604147020138,25412.945588132643,7942.598525008893,0.1982440594157468,1.9482726234074998,2244157.3495041556,578.2771319026116
26800.0,4518264.1198718995,15007.365580467354,4518271.352876541,647.5202283749569,1142.5308523281224,647.388136083586,27.68425396136977,45.52476489021345,27.67899441740854,25355.117874942378,7884.770811818632,0.1982440594157468,1.9482726234074998,2244157.3495041556,578.2771319026116
26900.0,4518329.010688076,15121.846776537206,4518336.230457135,650.2958664562133,1147.0927402032132,650.1632471260968,27.749600400107457,45.60915179785012,27.74433113470002,25297.290161752117,7826.9430986283705,0.1982440594157468,1.9482726234074998,2244157.3495041556,578.2771319026116
27000.0,4518394.179397481,15236.784587362796,4518401.385878203,653.07810330336,1151.6631661734239,652.9449559508762,27.815899167309624,45.695094831693254,27.81062000068639,25239.462448561855,7769.115385438109,0.1982440594157468,1.9482726234074998,2244157.3495041556,578.2771319026116
27100.0,4518459.626664774,15352.17987456643,4518466.819804308,655.86703461827,1156.2422865375781,655.7333582417413,27.883155925605212,45.782602127634874,27.877866677058076,25181.634735371597,7711.287672247848,0.1982440594157468,1.9482726234074998,2244157.3495041556,578.2771319026116
27200.0,4518525.353164214,15468.033515441024,4518532.532909607,658.6627566690581,1160.830258406664,658.5285502486568,27.951376298787956,45.8716817363151,27.94607678668011,25123.807022181332,7653.459959057586,0.1982440594157468,1.9482726234074998,2244157.3495041556,578.2771319026116
27300.0,4518591.359579714,15584.3464030309,4518598.525877909,661.4653662862739,1165.42723969544,661.3306287839298,28.0205658730939,45.96234162542893,28.01525591486952,25065.97930899107,7595.632245867325,0.1982440594157468,1.9482726234074998,2244157.3495041556,578.2771319026116
27400.0,4518657.646604899,15701.119446211751,4518664.799402735,664.2749608592251,1170.033389114276,664.1396912185337,28.090730198494658,46.05458968205656,28.085409610688217,25008.15159580081,7537.804532677063,0.1982440594157468,1.9482726234074998,2244157.3495041556,578.2771319026116
27500.0,4518724.214943161,15818.353569769803,4518731.354187371,667.0916383324288,1174.648866161223,666.9558354785606,28.161874789988147,46.148433714985586,28.15654338823348,24950.32388261055,7479.976819486802,0.1982440594157468,1.9482726234074998,2244157.3495041556,578.2771319026116
27600.0,4518791.065307713,15936.0497144802,4518798.190944921,669.9154972021936,1179.2738311143191,669.7791600418038,28.234005128886036,46.24388145702337,28.228662727925126,24892.496169420287,7422.149106296541,0.1982440594157468,1.9482726234074998,2244157.3495041556,578.2771319026116
27700.0,4518858.198421646,16054.208837184626,4518865.310398365,672.7466365133305,1183.9084450241276,672.6097639344702,28.30712666412413,46.34094056734568,28.301773077815668,24834.668456230025,7364.321393106279,0.1982440594157468,1.9482726234074998,2244157.3495041556,578.2771319026116
27800.0,4518925.615017981,16172.831910868195,4518932.713280614,675.5851558559951,1188.5528697065072,675.4477467280229,28.381244813556098,46.43961863381216,28.375879854883742,24776.840743039764,7306.493679916018,0.1982440594157468,1.9482726234074998,2244157.3495041556,578.2771319026116
27900.0,4518993.315839728,16291.91992473563,4519000.400334563,678.4311553626603,1193.207267735618,678.2932085361549,28.456364965256817,46.53992317529445,28.45098844633717,24719.013029849506,7248.665966725756,0.1982440594157468,1.9482726234074998,2244157.3495041556,578.2771319026116
28000.0,4519061.301639936,16411.47388428675,4519068.372313145,681.2847357052185,1197.8718024371576,681.146250011892,28.532492478824786,46.64186164399881,28.527104210915134,24661.18531665924,7190.838253535495,0.1982440594157468,1.9482726234074998,2244157.3495041556,578.2771319026116
28100.0,4519129.573181747,16531.494811391298,4519136.629979384,684.1459980922157,1202.5466378818326,684.0069723448278,28.60963268669306,46.74544142779935,28.604232480198856,24603.35760346898,7133.0105403452335,0.1982440594157468,1.9482726234074998,2244157.3495041556,578.2771319026116
28200.0,4519198.131238453,16651.983744363133,4519205.174106452,687.0150442662158,1207.2319388790602,686.8754772584884,28.687790895416967,46.850669852526565,28.682378559898943,24545.529890278718,7075.182827154972,0.1982440594157468,1.9482726234074998,2244157.3495041556,578.2771319026116
28300.0,4519266.976593545,16772.94173803378,4519274.005477718,689.8919765012952,1211.9278709709029,689.7518670078282,28.766972386994347,46.95755418430863,28.76154773117552,24487.70217708846,7017.355113964711,0.1982440594157468,1.9482726234074998,2244157.3495041556,578.2771319026116
28400.0,4519336.110040768,16894.369863825414,4519343.124886805,692.7768976006686,1216.6346004262343,692.636244376856,28.847182420151483,47.066101631848376,28.84174525192376,24429.874463898195,6959.527400774449,0.1982440594157468,1.9482726234074998,2244157.3495041556,578.2771319026116
28500.0,4519405.532384174,17016.269209823255,4519412.533137639,695.6699108944446,1221.3522942351349,695.5287126763911,28.928426231643748,47.176319348721975,28.922976358074358,24372.046750707934,6901.699687584188,0.1982440594157468,1.9482726234074998,2244157.3495041556,578.2771319026116
28600.0,4519475.244438175,17138.640880847415,4519482.231044504,698.5711202375109,1226.0811201035162,698.4293757419499,29.01070903756527,47.288214435688914,29.005246264902844,24314.219037517672,6843.871974393926,0.1982440594157468,1.9482726234074998,2244157.3495041556,578.2771319026116
28700.0,4519545.247027594,17261.485998524236,4519552.219432094,701.4806300075506,1230.8212464479768,701.338337931762,29.09403603462212,47.40179394293418,29.088560168302593,24256.391324327415,6786.044261203665,0.1982440594157468,1.9482726234074998,2244157.3495041556,578.2771319026116
28800.0,4519615.540987717,17384.80570135709,4519622.499135565,704.3985451031871,1235.572842390883,704.2557041249155,29.178412401433555,47.517064872354865,29.172923246085745,24198.56361113715,6728.216548013404,0.1982440594157468,1.9482726234074998,2244157.3495041556,578.2771319026116
28900.0,4519686.127164348,17508.60114479674,4519693.071000586,707.3249709422574,1240.3360777556766,707.1815797196322,29.263843299811388,47.634034179804786,29.258340659262352,24140.735897946888,6670.388834823142,0.1982440594157468,1.9482726234074998,2244157.3495041556,578.2771319026116
29000.0,4519757.006413857,17632.87350131121,4519763.9358833935,710.2600134602159,1245.1111230624097,710.1160706316701,29.350333876041958,47.7527087773388,29.34481755332206,24082.908184756627,6612.561121632881,0.1982440594157468,1.9482726234074998,2244157.3495041556,578.2771319026116
29100.0,4519828.179603235,17757.623960455236,4519835.094650839,713.2037791086643,1249.8981495235012,713.0592832928555,29.437889262163303,47.87309553544472,29.432359059511057,24025.08047156637,6554.733408442619,0.1982440594157468,1.9482726234074998,2244157.3495041556,578.2771319026116
29200.0,4519899.647610142,17882.853728939303,4519906.548180446,716.1563748540108,1254.6973290397175,716.0113246497413,29.52651457723392,47.99520128525611,29.520970296100543,23967.252758376104,6496.905695252358,0.1982440594157468,1.9482726234074998,2244157.3495041556,578.2771319026116
29300.0,4519971.411322962,18008.564030698282,4519978.297360455,719.1179081762552,1259.508834196375,718.9723021623932,29.6162149285924,48.119032820744934,29.610656369646136,23909.425045185842,6439.077982062096,0.1982440594157468,1.9482726234074998,2244157.3495041556,578.2771319026116
29400.0,4520043.47164085,18134.756106959714,4520050.34308988,722.0884870679014,1264.33283825976,721.9423238033028,29.706995413123998,48.24459690092169,29.701422376254154,23851.59733199558,6381.250268871835,0.1982440594157468,1.9482726234074998,2244157.3495041556,578.2771319026116
29500.0,4520115.82947379,18261.431216311732,4520122.686278559,725.0682200329954,1269.1695151737713,724.9214980564253,29.798861118504718,48.371900251992294,29.793273402825516,23793.769618805323,6323.422555681574,0.1982440594157468,1.9482726234074998,2244157.3495041556,578.2771319026116
29600.0,4520188.485742639,18388.59063477066,4520195.327847201,728.0572160862886,1274.0190395567752,727.909933916344,29.891817124455223,48.50094956952739,29.88621452830934,23735.94190561506,6265.594842491312,0.1982440594157468,1.9482726234074998,2244157.3495041556,578.2771319026116
29700.0,4520261.441379181,18516.23565584832,4520268.268727443,731.0555847525258,1278.8815866986783,730.9077408875579,29.98586850397035,48.6317515205851,29.980250824932227,23678.114192424797,6207.767129301051,0.1982440594157468,1.9482726234074998,2244157.3495041556,578.2771319026116
29800.0,4520334.6973261805,18644.367590619044,4520341.509861897,734.063436065857,1283.7573325582139,733.9150289838943,30.081020324554494,48.76431274583926,30.075387359433414,23620.286479234535,6149.939416110789,0.1982440594157468,1.9482726234074998,2244157.3495041556,578.2771319026116
29900.0,4520408.254537429,18772.987767786435,4520415.0522042,737.0808805693725,1288.6464537604386,736.931908728044,30.17727764944714,48.8986398616863,30.17162919429005,23562.458766044278,6092.111702920528,0.1982440594157468,1.9482726234074998,2244157.3495041556,578.2771319026116
30000.0,4520482.113977796,18902.09753374988,4520488.896719069,740.1080293147604,1293.5491275944412,739.958491151219,30.27464553883389,49.03473946232256,30.268981388927994,23504.631052854013,6034.2839897302665,0.1982440594157468,1.9482726234074998,2244157.3495041556,578.2771319026116
30100.0,4520556.276623286,19031.69825267084,4520563.044382349,743.1449938620857,1298.4655320112581,742.9948877929321,30.373129051059,49.172618121819625,30.3674490009341,23446.80333966375,5976.456276540005,0.1982440594157468,1.9482726234074998,2244157.3495041556,578.2771319026116
30200.0,4520630.743461082,19161.79130653897,4520637.496181063,746.1918862796897,1303.395845621996,746.0412107008962,30.472733243826468,49.31228239617535,30.467037087257054,23388.97562647349,5918.628563349744,0.1982440594157468,1.9482726234074998,2244157.3495041556,578.2771319026116
30300.0,4520705.515489599,19292.37809523802,4520712.253113467,749.2488191442111,1308.3402476961594,749.0975724310457,30.57346317538703,49.45373882533618,30.56775070539419,23331.147913283232,5860.800850159482,0.1982440594157468,1.9482726234074998,2244157.3495041556,578.2771319026116
30400.0,4520780.593718536,19423.46003661161,4520787.316189096,752.3159055407247,1313.2989181601815,752.1640860476757,30.67532390572746,49.59699393521875,30.669594914580493,23273.320200092967,5802.973136969221,0.1982440594157468,1.9482726234074998,2244157.3495041556,578.2771319026116
30500.0,4520855.979168927,19555.038566528867,4520862.686428818,755.3932590629989,1318.2720375961544,755.2408651236993,30.778320497744204,49.74205423970015,30.772574776962045,23215.492486902705,5745.145423778959,0.1982440594157468,1.9482726234074998,2244157.3495041556,578.2771319026116
30600.0,4520931.67287319,19687.115138949914,4520938.364864882,758.480993813872,1323.25978724076,758.3280237410238,30.882458018407554,49.88892624258701,30.87669535875996,23157.664773712444,5687.317710588698,0.1982440594157468,1.9482726234074998,2244157.3495041556,578.2771319026116
30700.0,4521007.675875178,19819.691225991304,4521014.352540973,761.5792244057433,1328.2623489843975,761.4256764910422,30.98774153992393,50.03761643957717,30.981961731432428,23099.837060522186,5629.489997398437,0.1982440594157468,1.9482726234074998,2244157.3495041556,578.2771319026116
30800.0,4521083.989230231,19952.768317991355,4521090.6505122585,764.6880659611815,1333.2799053705057,764.5339384752422,31.094176140888383,50.18813132019975,31.088378972827016,23042.00934733192,5571.662284208175,0.1982440594157468,1.9482726234074998,2244157.3495041556,578.2771319026116
30900.0,4521160.6140052285,20086.347923575413,4521167.259845444,767.8076341136477,1338.3126395950792,767.6529253059284,31.201766907417714,50.34047736971716,31.19595216831352,22984.18163414166,5513.834571017914,0.1982440594157468,1.9482726234074998,2244157.3495041556,578.2771319026116
31000.0,4521237.551278637,20220.431569721113,4521244.18161882,770.9380450083331,1343.360735506376,770.7827531070602,31.310518934285284,50.494661071025796,31.30468641191863,22926.3539209514,5456.006857827652,0.1982440594157468,1.9482726234074998,2244157.3495041556,578.2771319026116
31100.0,4521314.802140564,20355.020801823583,4521321.416922316,774.0794153031086,1348.424377604813,773.9235385152018,31.420437326054053,50.65068890654901,31.414586807458704,22868.52620776114,5398.179144637391,0.1982440594157468,1.9482726234074998,2244157.3495041556,578.2771319026116
31200.0,4521392.367692809,20490.11718376067,4521398.96685755,777.2318621695885,1353.5037510430518,777.0753986805856,31.53152719817961,50.80856736007361,31.525658469642558,22810.698494570875,5340.3514314471295,0.1982440594157468,1.9482726234074998,2244157.3495041556,578.2771319026116
31300.0,4521470.249048913,20625.72229795818,4521476.832537881,780.3955032943048,1358.599041626268,780.2384512682869,31.643793678124187,50.96830291860137,31.63790652518534,22752.870781380618,5282.523718256868,0.1982440594157468,1.9482726234074998,2244157.3495041556,578.2771319026116
31400.0,4521548.447334213,20761.83774545514,4521555.015088462,783.570456879993,1363.710435812604,783.4128144595086,31.757241906452744,51.12990207416425,31.751336113904344,22695.043068190353,5224.696005066607,0.1982440594157468,1.9482726234074998,2244157.3495041556,578.2771319026116
31500.0,4521626.9636858925,20898.46514596915,4521633.515646289,786.7568416469867,1368.8381207138045,786.598606952977,31.871877037923444,51.29337132562638,31.865952389809305,22637.215355000095,5166.868291876345,0.1982440594157468,1.9482726234074998,2244157.3495041556,578.2771319026116
31600.0,4521705.799253031,21035.606137961746,4521712.335360252,789.9547768347227,1373.9822840960326,789.795947966446,31.987704242565023,51.45871718045814,31.981760522179528,22579.38764180983,5109.040578686084,0.1982440594157468,1.9482726234074998,2244157.3495041556,578.2771319026116
31700.0,4521784.955196659,21173.262378703927,4521791.475391192,793.1643822033531,1379.1431143808607,793.0049572383093,32.10472870675586,51.6259461565092,32.09876569664284,22521.559928619572,5051.212865495822,0.1982440594157468,1.9482726234074998,2244157.3495041556,578.2771319026116
31800.0,4521864.43268981,21311.43554434173,4521870.936911948,796.3857780354651,1384.3208006464404,796.2257550293203,32.22295563428536,51.795064783746355,32.21697311623668,22463.732215429307,4993.385152305561,0.1982440594157468,1.9482726234074998,2244157.3495041556,578.2771319026116
31900.0,4521944.232917571,21450.127329961964,4521950.721107411,799.6190851379084,1389.5155326288461,799.4584621244189,32.342390247408986,51.96607960597579,32.33638800246293,22405.90450223905,4935.5574391152995,0.1982440594157468,1.9482726234074998,2244157.3495041556,578.2771319026116
32000.0,4522024.357077137,21589.33944965808,4522030.829174579,802.8644248437271,1394.7275007235905,802.7031998346636,32.46303778789874,52.13899718255331,32.45701559633831,22348.076789048784,4877.729725925038,0.1982440594157468,1.9482726234074998,2244157.3495041556,578.2771319026116
32100.0,4522104.806377861,21729.073636596186,4522111.262322606,806.121919014197,1399.9568959873102,805.9600899992685,32.58490351808659,52.31382409007773,32.57886115943748,22290.249075858526,4819.902012734777,0.1982440594157468,1.9482726234074998,2244157.3495041556,578.2771319026116
32200.0,4522185.582041309,21869.331643081267,4522192.021772855,809.3916900409682,1405.203910139621,809.2292549877454,32.70799272189407,52.490566924055756,32.70192997492251,22232.42136266826,4762.074299544515,0.1982440594157468,1.9482726234074998,2244157.3495041556,578.2771319026116
32300.0,4522266.685301316,22010.115240623574,4522273.108758955,812.6738608483097,1410.468735565141,812.5108177021488,32.83231070585859,52.66923230055704,32.826227348569006,22174.593649478003,4704.246586354254,0.1982440594157468,1.9482726234074998,2244157.3495041556,578.2771319026116
32400.0,4522348.1174040325,22151.426220005236,4522354.524526852,815.9685548954576,1415.751565315677,815.8049015794234,32.95786280015716,52.84982685786019,32.95175860978962,22116.76593628774,4646.418873163992,0.1982440594157468,1.9482726234074998,2244157.3495041556,578.2771319026116
32500.0,4522429.879607983,22293.266391347093,4522436.270334862,819.2758961790663,1421.0525931125774,819.1116305938547,33.084654359609324,53.03235725805801,33.0785291126368,22058.93822309748,4588.591159973731,0.1982440594157468,1.9482726234074998,2244157.3495041556,578.2771319026116
32600.0,4522511.973184119,22435.63758417578,4522518.347453725,822.5960092357592,1426.3720133492443,822.4311292596202,33.21269076469341,53.21683018868195,33.206544236818885,22001.110509907216,4530.76344678347,0.1982440594157468,1.9482726234074998,2244157.3495041556,578.2771319026116
32700.0,4522594.399415873,22578.541647491063,4522600.7571666585,825.9290191447818,1431.7100210938088,825.7635226334419,33.34197742253524,53.40325236427378,33.33580938868857,21943.282796716958,4472.935733593208,0.1982440594157468,1.9482726234074998,2244157.3495041556,578.2771319026116
32800.0,4522677.159599212,22721.980449833452,4522683.500769416,829.2750515307545,1437.0668120919643,829.1089363173382,33.47251976790709,53.59163052797102,33.46633000224173,21885.455083526693,4415.108020402947,0.1982440594157468,1.9482726234074998,2244157.3495041556,578.2771319026116
32900.0,4522760.255042694,22865.95587935211,4522766.579570336,832.6342325665248,1442.4425827699565,832.4674964614769,33.60432326421042,53.78197145305943,33.59811154009999,21827.627370336435,4357.280307212685,0.1982440594157468,1.9482726234074998,2244157.3495041556,578.2771319026116
33000.0,4522843.68706752,23010.469843873063,4522849.994890402,836.0066889761189,1447.8375302377315,835.8393297671252,33.73739340446094,53.97428194452535,33.73115949449557,21769.79965714617,4299.452594022424,0.1982440594157468,1.9482726234074998,2244157.3495041556,578.2771319026116
33100.0,4522927.4570075935,23155.52427096773,4522933.748063292,839.3925480377912,1453.251852292237,839.2245634896997,33.87173571226168,54.16856884058244,33.86547938824418,21711.971943955912,4241.6248808321625,0.1982440594157468,1.9482726234074998,2244157.3495041556,578.2771319026116
33200.0,4523011.566209571,23301.121108021805,4523017.840435441,842.7919375871728,1458.6857474208773,842.6233254419141,34.00735574277304,54.3648390141889,34.00107677571491,21654.144230765647,4183.797167641901,0.1982440594157468,1.9482726234074998,2244157.3495041556,578.2771319026116
33300.0,4523096.016032924,23447.26232230448,4523102.27336609,846.2049860205161,1464.139414805121,846.0357439970236,34.14425908367964,54.5630993745546,34.13795724379688,21596.31651757539,4125.96945445164,0.1982440594157468,1.9482726234074998,2244157.3495041556,578.2771319026116
33400.0,4523180.807849989,23593.94990103803,4523187.048227348,849.631822298038,1469.61305432426,849.4619480921674,34.28245135615505,54.763356868639804,34.27612641286388,21538.488804385124,4068.1417412613782,0.1982440594157468,1.9482726234074998,2244157.3495041556,578.2771319026116
33500.0,4523265.943046029,23741.185851467806,4523272.166404247,853.0725759473584,1475.1068665593161,852.9020672318071,34.42193821581671,54.965618482632465,34.415589937729,21480.661091194866,4010.314028071117,0.1982440594157468,1.9482726234074998,2244157.3495041556,578.2771319026116
33600.0,4523351.423019285,23888.972200932596,4523357.629294795,856.5273770670364,1480.6210527970995,856.3562314912621,34.5627253536818,55.16989124342253,34.55635350860044,21422.8333780046,3952.4863148808554,0.1982440594157468,1.9482726234074998,2244157.3495041556,578.2771319026116
33700.0,4523437.2491810415,24037.310996935423,4523443.438310037,859.9963563302008,1486.1558150344122,859.8245715203398,34.704818497111766,55.376182220052,34.69842285202576,21365.005664814344,3894.658601690594,0.1982440594157468,1.9482726234074998,2244157.3495041556,578.2771319026116
33800.0,4523523.422955675,24186.204307214753,4523529.594874114,863.4796449882783,1491.7113559823995,863.3072185470631,34.848223410773954,55.58449852518977,34.84180373185345,21307.17795162408,3836.8308885003325,0.1982440594157468,1.9482726234074998,2244157.3495041556,578.2771319026116
33900.0,4523609.945780719,24335.65421981617,4523616.100424316,866.9773748748153,1497.2878790710472,866.8043043814921,34.992945897578394,55.794847316559114,34.986501950169476,21249.35023843382,3779.0031753100716,0.1982440594157468,1.9482726234074998,2244157.3495041556,578.2771319026116
34000.0,4523696.819106917,24485.662843164475,4523702.956411146,870.4896784093958,1502.8855884538234,870.3159614196412,35.13899179961949,56.00723579836854,35.13252334823882,21191.522525243556,3721.17546211981,0.1982440594157468,1.9482726234074998,2244157.3495041556,578.2771319026116
34100.0,4523784.044398286,24636.23230613628,4523790.164298374,874.0166886016551,1508.5046890124652,873.842322647492,35.286366999131786,56.2216712227626,35.27987380746114,21133.694812053298,3663.3477489295487,0.1982440594157468,1.9482726234074998,2244157.3495041556,578.2771319026116
34200.0,4523871.623132175,24787.364758133084,4523877.725563101,877.5585390553872,1514.1453863619083,877.3835216451006,35.43507741941805,56.43816089121965,35.42855925029856,21075.867098863037,3605.520035739288,0.1982440594157468,1.9482726234074998,2244157.3495041556,578.2771319026116
34300.0,4523959.5567993205,24939.062369154843,4523965.641695812,881.115363972748,1519.8078868553605,880.9396925908,35.585129025797286,56.656712155979676,35.57858564122367,21018.039385672775,3547.6923225490264,0.1982440594157468,1.9482726234074998,2244157.3495041556,578.2771319026116
34400.0,4524047.846903911,25091.327329874057,4524053.914200445,884.6872981585533,1525.492397589516,884.5109702654971,35.73652782654493,56.87733242145332,35.72995898765945,20960.211672482514,3489.864609358765,0.1982440594157468,1.9482726234074998,2244157.3495041556,578.2771319026116
34500.0,4524136.494963644,25244.161851710393,4524142.544594442,888.2744770246711,1531.1991264099142,888.0974900570656,35.889279873834965,57.10002914562954,35.882685340921256,20902.383959292252,3432.0368961685035,0.1982440594157468,1.9482726234074998,2244157.3495041556,578.2771319026116
34600.0,4524225.502509791,25397.568166905832,4524231.534408815,891.8770365945101,1536.9282819164378,891.6993879648322,36.043391264683386,57.32480984148066,36.03677079716015,20844.55624610199,3374.209182978242,0.1982440594157468,1.9482726234074998,2244157.3495041556,578.2771319026116
34700.0,4524314.871087257,25551.5485286004,4524320.885188211,895.4951135076025,1542.6800734689537,895.3168006041603,36.19886814189242,57.551682078363484,36.19222149830691,20786.72853291173,3316.381469787981,0.1982440594157468,1.9482726234074998,2244157.3495041556,578.2771319026116
34800.0,4524404.602254639,25706.105210908452,4524410.598490964,899.1288450242828,1548.4547111930956,898.949865211127,36.35571669499335,57.78065348341325,36.34904363301473,20728.900819721468,3258.5537565977197,0.1982440594157468,1.9482726234074998,2244157.3495041556,578.2771319026116
34900.0,4524494.697584295,25861.240508995532,4524500.675889166,902.7783690304615,1554.2524059861862,902.5987196472967,36.51394316119968,58.01173174295006,36.50724343761223,20671.073106531207,3200.7260434074583,0.1982440594157468,1.9482726234074998,2244157.3495041556,578.2771319026116
35000.0,4524585.158662399,26016.95673915586,4524591.118968727,906.4438240424955,1560.0733695233023,906.2635024045906,36.67355382636356,58.24492460388582,36.66682719705967,20613.245393340945,3142.8983302171973,0.1982440594157468,1.9482726234074998,2244157.3495041556,578.2771319026116
35100.0,4524675.987089014,26173.25623889041,4524681.929329436,910.1253492121548,1565.9178142634798,909.9443526102526,36.83455502591969,58.480239875104466,36.827801245892715,20555.417680150684,3085.070617026936,0.1982440594157468,1.9482726234074998,2244157.3495041556,578.2771319026116
35200.0,4524767.184478144,26330.141366985637,4524773.108585029,913.8230843316849,1571.7859534560614,913.6414100319116,36.99695314585765,58.717685428885865,36.990171969194655,20497.589966960422,3027.2429038366745,0.1982440594157468,1.9482726234074998,2244157.3495041556,578.2771319026116
35300.0,4524858.75245781,26487.61450359281,4524864.658363248,917.5371698389677,1577.678001147185,917.3548150827407,37.16075462368043,58.95726920230041,37.15394580355469,20439.76225377016,2969.415190646413,0.1982440594157468,1.9482726234074998,2244157.3495041556,578.2771319026116
35400.0,4524950.692670105,26645.678050308034,4524956.580305913,921.2677468227796,1583.5941721864153,921.0847088267153,37.3259659493819,59.19899919863106,37.319129238045264,20381.9345405799,2911.5874774561516,0.1982440594157468,1.9482726234074998,2244157.3495041556,578.2771319026116
35500.0,4525043.006771266,26804.33443025294,4525048.87606898,925.0149570281484,1589.5346822335184,924.8312329839686,37.49259366641643,59.44288348877633,37.48572881519161,20324.106827389638,2853.7597642658907,0.1982440594157468,1.9482726234074998,2244157.3495041556,578.2771319026116
35600.0,4525135.696431739,26963.58608815604,4525141.547322612,928.7789428618084,1595.499747765378,928.5945299362464,37.66064437269358,59.68893021269064,37.65375113196608,20266.279114199377,2795.9320510756293,0.1982440594157468,1.9482726234074998,2244157.3495041556,578.2771319026116
35700.0,4525228.763336241,27123.435490434793,4525234.595751242,932.5598473977565,1601.489586083058,932.3747427324623,37.83012472155792,59.93714758079379,37.82320284076805,20208.451401009115,2738.104337885368,0.1982440594157468,1.9482726234074998,2244157.3495041556,578.2771319026116
35800.0,4525322.209183832,27283.88512527839,4525328.023053641,936.3578143829078,1607.5044153190074,936.1720150943524,38.00104142280111,60.187543875429924,37.99409065043557,20150.623687818854,2680.276624695107,0.1982440594157468,1.9482726234074998,2244157.3495041556,578.2771319026116
35900.0,4525416.035687978,27444.937502731253,4525421.83094299,940.1729882428538,1613.5444544444142,939.9864914222325,38.17340124366527,60.44012745230597,38.16642132724882,20092.795974628592,2622.4489115048455,0.1982440594157468,1.9482726234074998,2244157.3495041556,578.2771319026116
36000.0,4525510.244576626,27606.595154777293,4525516.021146941,944.0055140877223,1619.6099232767035,943.8183168008572,38.3472110098646,60.69490674195528,38.340201695951336,20034.96826143833,2564.6211983145845,0.1982440594157468,1.9482726234074998,2244157.3495041556,578.2771319026116
36100.0,4525604.8375922665,27768.860635424906,4525610.595407689,947.8555377181414,1625.7010424871846,947.6676370053832,38.52247760661395,60.95189025120753,38.51543864077861,19977.14054824807,2506.7934851243235,0.1982440594157468,1.9482726234074998,2244157.3495041556,578.2771319026116
36200.0,4525699.816492004,27931.73652079276,4525705.555482043,951.7232056313077,1631.818033608849,951.5345985074365,38.69920797967469,61.21108656468215,38.692139106503646,19919.31283505781,2448.965771934062,0.1982440594157468,1.9482726234074998,2244157.3495041556,578.2771319026116
36300.0,4525795.18304763,28095.22540919636,4525800.903141493,955.6086650271609,1637.9611190443165,955.4193484812861,38.87740913639618,61.47250434626794,38.87031009947828,19861.485121867547,2391.138058743801,0.1982440594157468,1.9482726234074998,2244157.3495041556,578.2771319026116
36400.0,4525890.939045689,28259.3299212354,4525896.640172282,959.5120638146647,1644.1305220739364,959.3220348101239,39.05708814679823,61.73615234066705,39.049958688715535,19803.65740867729,2333.31034555354,0.1982440594157468,1.9482726234074998,2244157.3495041556,578.2771319026116
36500.0,4525987.086287554,28424.052699881977,4525992.768375479,963.4335506181972,1650.3264668640402,963.2428060924542,39.23825214464032,62.00203937490964,39.23109200695861,19745.829695487027,2275.482632363279,0.1982440594157468,1.9482726234074998,2244157.3495041556,578.2771319026116
36600.0,4526083.626589497,28589.396410569592,4526089.289567046,967.3732747840498,1656.5491784753522,967.1818116485917,39.420908328516944,62.270174359907045,39.413717251776035,19688.001982296766,2217.6549191730182,0.1982440594157468,1.9482726234074998,2244157.3495041556,578.2771319026116
36700.0,4526180.561782758,28755.36374128302,4526186.205577916,971.3313863870395,1662.7988828715575,971.1392015272727,39.6050639629706,62.540566292028515,39.59784168667451,19630.174269106505,2159.827205982757,0.1982440594157468,1.9482726234074998,2244157.3495041556,578.2771319026116
36800.0,4526277.893713624,28921.957402649048,4526283.518254061,975.3080362372319,1669.0758069280291,975.115126512377,39.79072637961624,62.81322425469106,39.78347264222318,19572.346555916243,2101.999492792496,0.1982440594157468,1.9482726234074998,2244157.3495041556,578.2771319026116
36900.0,4526375.624243501,29089.180128028078,4526381.229456573,979.3033758867808,1675.3801784407178,979.1097381297666,39.97790297828506,63.0881574199754,39.970617517197184,19514.51884272598,2044.171779602235,0.1982440594157468,1.9482726234074998,2244157.3495041556,578.2771319026116
37000.0,4526473.755248984,29257.034673606653,4526479.341061728,983.3175576368834,1681.7122261352065,983.12318865424,40.16660122818499,63.36537505026396,40.159283779738,19456.69112953572,1986.3440664119737,0.1982440594157468,1.9482726234074998,2244157.3495041556,578.2771319026116
37100.0,4526572.288621941,29425.52381849087,4526577.854961073,987.3507345448535,1688.0721796759308,987.1556311166042,40.35682866907759,63.64488649989947,40.349478968530164,19398.863416345463,1928.5163532217125,0.1982440594157468,1.9482726234074998,2244157.3495041556,578.2771319026116
37200.0,4526671.226269579,29594.65036480074,4526676.7730614925,991.4030604313162,1694.4602696755708,991.2072193108685,40.54859291248647,63.92670121689068,40.54121069400945,19341.035703155198,1870.6886400314515,0.1982440594157468,1.9482726234074998,2244157.3495041556,578.2771319026116
37300.0,4526770.570114529,29764.417137765486,4526776.097285291,995.4746898875242,1700.8767277046134,995.2781078015588,40.741901642912076,64.2108287446215,40.73448663957747,19283.20798996494,1812.8609268411906,0.1982440594157468,1.9482726234074998,2244157.3495041556,578.2771319026116
37400.0,4526870.322094918,29934.826985819825,4526875.829570267,999.5657782827982,1707.3217863010916,999.3684519311586,40.936762619070755,64.49727872359426,40.92931456284059,19225.38027677468,1755.0332136509294,0.1982440594157468,1.9482726234074998,2244157.3495041556,578.2771319026116
37500.0,4526970.48416445,30105.882780701202,4526975.971869794,1003.6764817720951,1713.7956789805007,1003.4784078276743,41.133183675164325,64.78606089321754,41.1257022968792,19167.552563584417,1697.2055004606682,0.1982440594157468,1.9482726234074998,2244157.3495041556,578.2771319026116
37600.0,4527071.058292486,30277.587417548046,4527076.526152897,1007.806957303705,1720.2986402458973,1007.608132412332,41.33117272217788,65.07718509363437,41.323657751545376,19109.724850394156,1639.3777872704072,0.1982440594157468,1.9482726234074998,2244157.3495041556,578.2771319026116
37700.0,4527172.046464118,30449.94381499905,4527177.494404333,1011.9573626270794,1726.8309055981842,1011.7577834074045,41.53073774917789,65.37066126754334,41.52318891476076,19051.897137203894,1581.5500740801463,0.1982440594157468,1.9482726234074998,2244157.3495041556,578.2771319026116
37800.0,4527273.450680257,30622.95491529347,4527278.878624672,1016.1278563007945,1733.392711546582,1015.9275193441729,41.73188682465803,65.66649946209283,41.724303853862175,18994.069424013633,1523.722360889885,0.1982440594157468,1.9482726234074998,2244157.3495041556,578.2771319026116
37900.0,4527375.272957709,30796.623684372495,4527380.680830379,1020.3185977006502,1739.9842956192938,1020.1174995710248,41.93462809791964,65.96470983082637,41.927010716981826,18936.24171082337,1465.8946476996239,0.1982440594157468,1.9482726234074998,2244157.3495041556,578.2771319026116
38000.0,4527477.5153292585,30970.953111981686,4527482.903053894,1024.52974702791,1746.6058963743685,1024.3278842616928,42.138969800443306,66.26530263560427,42.13131773441867,18878.413997633113,1408.066934509363,0.1982440594157468,1.9482726234074998,2244157.3495041556,578.2771319026116
38100.0,4527580.1798437545,31145.946211774513,4527585.547343716,1028.7614653176827,1753.2577534107616,1028.558834423635,42.34492024733399,66.56828824864249,42.33723322008338,18820.58628444285,1350.239221319102,0.1982440594157468,1.9482726234074998,2244157.3495041556,578.2771319026116
38200.0,4527683.268566188,31321.606021417017,4527688.615764488,1033.0139144474501,1759.9401073796025,1032.8105119065615,42.552487838764286,66.87367715453911,42.544765572941245,18762.75857125259,1292.4115081288408,0.1982440594157468,1.9482726234074998,2244157.3495041556,578.2771319026116
38300.0,4527786.783577784,31497.935602693597,4527792.110397079,1037.287257145743,1766.653199995671,1037.0830794111087,42.761681061469446,67.18147995238056,42.75392327850705,18704.930858062326,1234.5837949385796,0.1982440594157468,1.9482726234074998,2244157.3495041556,578.2771319026116
38400.0,4527890.72697608,31674.938041613954,4527896.0333386725,1041.5816570009702,1773.3972740490867,1041.3767004976667,42.97250849025635,67.49170735786221,42.96471491035379,18647.103144872068,1176.7560817483186,0.1982440594157468,1.9482726234074998,2244157.3495041556,578.2771319026116
38500.0,4527995.100875018,31852.616448521232,4528000.386702851,1045.8972784704013,1780.1725734172185,1045.6915395953622,43.18497878957039,67.80437020549843,43.17714913167923,18589.275431681806,1118.9283685580576,0.1982440594157468,1.9482726234074998,2244157.3495041556,578.2771319026116
38600.0,4528099.907405029,32030.973958201343,4528105.172619685,1050.2342868893102,1786.9793430768173,1050.027762011199,43.399100715074006,68.11947945084296,43.3912346968843,18531.447718491545,1061.1006553677962,0.1982440594157468,1.9482726234074998,2244157.3495041556,578.2771319026116
38700.0,4528205.148713122,32210.013729993527,4528210.393235817,1054.59284848028,1793.8178291163774,1054.3855339393622,43.61488311527647,68.4370461727867,43.60698045320245,18473.620005301284,1003.2729421775351,0.1982440594157468,1.9482726234074998,2244157.3495041556,578.2771319026116
38800.0,4528310.826962973,32389.73894790215,4528316.050714556,1058.9731303626745,1800.688278748733,1058.765022470688,43.8323349332007,68.75708157590878,43.82439534236641,18415.792292111022,945.4452289872739,0.1982440594157468,1.9482726234074998,2244157.3495041556,578.2771319026116
38900.0,4528416.9443350155,32570.15282070979,4528422.147235966,1063.3753005622798,1807.5909403238934,1063.1663956023044,44.05146520807895,69.07959699286636,44.043488402303396,18357.96457892076,887.6175157970127,0.1982440594157468,1.9482726234074998,2244157.3495041556,578.2771319026116
39000.0,4528523.409648819,32751.12651959209,4528528.591634475,1065.9327927001675,1811.8861208060125,1065.7233914032731,25.629365759334274,43.044186266299555,25.62439171372774,18313.713531001435,843.366467877688,0.1982440594157468,1.9482726234074998,2244157.3495041556,578.2771319026116
39100.0,4528630.131598736,32932.531114178964,4528635.292619304,1068.5080094622222,1816.208831842682,1068.298108649717,25.806211535289865,43.318816312210075,25.801205780831133,18275.13295592404,804.7858928002929,0.1982440594157468,1.9482726234074998,2244157.3495041556,578.2771319026116
39200.0,4528737.111955827,33114.36935465557,4528742.251961197,1071.1009229822016,1820.559016338887,1070.8905194820043,25.982784288090166,43.592884690724844,25.977746889805786,18236.552380846646,766.2053177228978,0.1982440594157468,1.9482726234074998,2244157.3495041556,578.2771319026116
39300.0,4528844.352488429,33296.64398560048,4528849.471428174,1073.7115066739348,1824.9366192494078,1073.500597320337,26.15909666806566,43.86641164946778,26.15402768864363,18197.97180576925,727.6247426455027,0.1982440594157468,1.9482726234074998,2244157.3495041556,578.2771319026116
39400.0,4528951.854962284,33479.35774618842,4528956.95278566,1076.3397352052114,1829.3415875348044,1076.1283168386462,26.335161068307997,44.13941700237149,26.330060568147854,18159.391230691857,689.0441675681076,0.1982440594157468,1.9482726234074998,2244157.3495041556,578.2771319026116
39500.0,4529059.621140662,33662.51337038873,4529064.697796609,1078.9855844724148,1833.7738701186386,1078.7736539392301,26.51098963200323,44.41192014189372,26.505857669264792,18120.81065561446,650.4635924907125,0.1982440594157468,1.9482726234074998,2244157.3495041556,578.2771319026116
39600.0,4529167.652784482,33846.11358715958,4529172.708221627,1081.6490315758783,1838.233417845902,1081.436585728115,26.686594259547178,44.683940050869566,26.681430890197817,18082.230080537065,611.8830174133174,0.1982440594157468,1.9482726234074998,2244157.3495041556,578.2771319026116
39700.0,4529275.951652435,34030.16112063805,4529280.985819089,1084.330054795944,1842.7201834426132,1084.1170904911185,26.86198661546706,44.95549531404092,26.85679189332778,18043.64950545967,573.3024423359223,0.1982440594157468,1.9482726234074998,2244157.3495041556,578.2771319026116
39800.0,4529384.519501095,34214.65869032628,4529389.532345256,1087.0286335697047,1847.2341214765518,1086.815147670596,27.03717813514608,45.22660412925654,27.03195211193617,18005.068930382273,534.7218672585271,0.1982440594157468,1.9482726234074998,2244157.3495041556,578.2771319026116
39900.0,4529493.358085039,34399.60901127374,4529498.349554391,1089.7447484684085,1851.7751883190995,1089.5307378428504,27.212180031373705,45.49728431838177,27.206922756754242,17966.48835530488,496.1412921811321,0.1982440594157468,1.9482726234074998,2244157.3495041556,578.2771319026116
40000.0,4529602.469156956,34585.014794255694,4529607.439198869,1092.478381175512,1856.343342108158,1092.263842696189,27.387003300705704,45.76755333789,27.381714822321733,17927.907780227484,457.56071710373703,0.1982440594157468,1.9482726234074998,2244157.3495041556,578.2771319026116
40100.0,4529711.854467759,34770.87874594807,4529716.803029291,1095.22951446536,1860.9385427121113,1095.0144450096072,27.561658729665268,46.03742828918927,27.556339093186843,17889.32720515009,418.980142026342,0.1982440594157468,1.9482726234074998,2244157.3495041556,578.2771319026116
40200.0,4529821.51576669,34957.203569098754,4529826.442794588,1097.9981321824785,1865.56075169481,1097.7825286320863,27.736156900776795,46.30692592866923,27.730806149938875,17850.746630072696,380.3995669489469,0.1982440594157468,1.9482726234074998,2244157.3495041556,578.2771319026116
40300.0,4529931.454801429,35143.99196269539,4529936.360242129,1100.7842192214632,1870.2099322815457,1100.568078462485,27.910508198432822,46.57606267746925,27.90512637507401,17812.1660549953,341.8189918715519,0.1982440594157468,1.9482726234074998,2244157.3495041556,578.2771319026116
40400.0,4530041.673318199,35331.246622129904,4530046.5571178235,1103.5877615074485,1874.886049325992,1103.3710804300122,28.08472281462369,46.84485463101744,28.079309958723833,17773.585479917907,303.2384167941568,0.1982440594157468,1.9482726234074998,2244157.3495041556,578.2771319026116
40500.0,4530152.173061864,35518.97023935969,4530157.035166226,1106.4087459771404,1879.5890692780868,1106.191521475265,28.258810754508623,47.11331756830448,28.253366904225437,17735.00490484051,264.65784171676177,0.1982440594157468,1.9482726234074998,2244157.3495041556,578.2771319026116
40600.0,4530262.955776034,35707.165503065706,4530267.796130635,1109.247160560403,1884.318960152832,1109.0293895318173,28.432781841852375,47.38146696093278,28.42730703355693,17696.424329763115,226.07726663936668,0.1982440594157468,1.9482726234074998,2244157.3495041556,578.2771319026116
40700.0,4530374.023203158,35895.83509880744,4530378.84175319,1112.10299416238,1889.0756914999868,1111.8846735083455,28.606645724323766,47.64931798193478,28.601139992635012,17657.84375468572,187.4966915619716,0.1982440594157468,1.9482726234074998,2244157.3495041556,578.2771319026116
40800.0,4530485.377084625,36084.98170917489,4530490.173774972,1114.9762366461407,1893.8592343746327,1114.757363271278,28.780411878657226,47.91688551436197,28.7748752564755,17619.263179608322,148.91611648457652,0.1982440594157468,1.9482726234074998,2244157.3495041556,578.2771319026116
40900.0,4530597.019160857,36274.6080139377,4530601.7939360915,1117.8668788158375,1898.669561308588,1117.6474496279557,28.954089615703317,48.18418415968845,28.948522134242893,17580.682604530928,110.33554140718144,0.1982440594157468,1.9482726234074998,2244157.3495041556,578.2771319026116
41000.0,4530708.951171405,36464.716690191395,4530713.70397579,1120.7749124003608,1903.5066462826533,1120.5549243102896,29.127688085342864,48.45122824598595,29.12208977416352,17542.102029453534,71.75496632978636,0.1982440594157468,1.9482726234074998,2244157.3495041556,578.2771319026116
41100.0,4530821.174855035,36655.310412500956,4530825.905632527,1123.7003300374813,1908.3704646996644,1123.4797799589076,29.30121628129214,48.718031835916804,29.295587168329874,17503.52145437614,33.17439125239128,0.1982440594157468,1.9482726234074998,2244157.3495041556,578.2771319026116
41200.0,4530933.468709288,36846.076097636535,4530938.177439951,1122.1798369671485,1906.9483154710733,1121.9594498877484,-15.112861434144325,-14.069798609309629,-15.111248968158312,17470.347063123747,0.0,0.1982440594157468,1.9482726234074998,2244157.3495041556,578.2771319026116
41300.0,4531045.611431097,37036.70107857783,4531050.298131056,1120.677604508494,1905.5562566418816,1120.4573769518036,-14.932542537280156,-13.772601347090253,-14.930964407754184,17470.347063123747,0.0,0.1982440594157468,1.9482726234074998,2244157.3495041556,578.2771319026116
41400.0,4531157.604823762,37227.1883274785,4531162.2695088,1119.1931797315342,1904.1935541070534,1118.9731083058891,-14.756685637745324,-13.482637166906086,-14.75514100915683,17470.347063123747,0.0,0.1982440594157468,1.9482726234074998,2244157.3495041556,578.2771319026116
41500.0,4531269.450645961,37417.54074415493,4531274.093331524,1117.726123005976,1902.859495098133,1117.5062044020465,-14.58516013330493,-13.199696531250513,-14.583648194333216,17470.347063123747,0.0,0.1982440594157468,1.9482726234074998,2244157.3495041556,578.2771319026116
41600.0,4531381.150613055,37607.76115818194,4531385.771314263,1116.276007529172,1901.553387428595,1116.056238517586,-14.417840039710892,-12.9235772854015,-14.416360002384423,17470.347063123747,0.0,0.1982440594157468,1.9482726234074998,2244157.3495041556,578.2771319026116
41700.0,4531492.706398345,37797.852330914524,4531497.30513,1114.8424188742204,1900.2745587713828,1114.62279630327,-14.254603794424657,-12.654084343763387,-14.253154893304607,17470.347063123747,0.0,0.1982440594157468,1.9482726234074998,2244157.3495041556,578.2771319026116
41800.0,4531604.119634291,37987.81695743902,4531608.696410883,1113.4249545571972,1899.022355967023,1113.2054753506243,-14.095334070122455,-12.391029391842888,-14.093915561520664,17470.347063123747,0.0,0.1982440594157468,1.9482726234074998,2244157.3495041556,578.2771319026116
41900.0,4531715.391913687,38177.65766845646,4531719.9467494,1112.0232236225725,1897.7961443607971,1111.8038847774314,-13.93991759746317,-12.134230603032345,-13.938528758692808,17470.347063123747,0.0,0.1982440594157468,1.9482726234074998,2244157.3495041556,578.2771319026116
42000.0,4531826.524790786,38367.377032101045,4531831.057699511,1110.6368462459088,1896.595307167531,1110.4176448305027,-13.788244996544048,-11.883512369276483,-13.786885125201398,17470.347063123747,0.0,0.1982440594157468,1.9482726234074998,2244157.3495041556,578.2771319026116
42100.0,4531937.519782404,38556.97755569649,4531942.030777739,1109.265453352999,1895.419244862654,1109.0463865048862,-13.64021061660005,-11.638705044917256,-13.638879029875865,17470.347063123747,0.0,0.1982440594157468,1.9482726234074998,2244157.3495041556,578.2771319026116
42200.0,4532048.37836897,38746.46168745262,4532052.867464231,1107.9086862546433,1894.2673745982488,1107.6897511787106,-13.495712383457331,-11.39964470293138,-13.494408417476349,17470.347063123747,0.0,0.1982440594157468,1.9482726234074998,2244157.3495041556,578.2771319026116
42300.0,4532159.101995547,38935.831818104874,4532163.569203775,1106.566196296309,1893.139129642883,1106.347390262911,-13.354651654324151,-11.166172902895989,-13.353374663511406,17470.347063123747,0.0,0.1982440594157468,1.9482726234074998,2244157.3495041556,578.2771319026116
42400.0,4532269.692072823,39125.090282498895,4532274.137406788,1105.237644521964,1892.033958844089,1105.0189648651228,-13.216933079504177,-10.9381364700178,-13.215682435976841,17470.347063123747,0.0,0.1982440594157468,1.9482726234074998,2244157.3495041556,578.2771319026116
42500.0,4532380.149978059,39314.23936112243,4532384.573450269,1103.922701351406,1890.9513261124096,1103.7041454670718,-13.082464470660081,-10.715387284631676,-13.081239563643603,17470.347063123747,0.0,0.1982440594157468,1.9482726234074998,2244157.3495041556,578.2771319026116
42600.0,4532490.477056017,39503.281281586715,4532494.878678721,1102.621046270454,1889.890709925995,1102.4026116148227,-12.951156675280307,-10.497782081614757,-12.949956910547733,17470.347063123747,0.0,0.1982440594157468,1.9482726234074998,2244157.3495041556,578.2771319026116
42700.0,4532600.674619846,39692.218220059265,4532605.054405043,1101.3323675333972,1888.8516028547872,1101.1140516212827,-12.822923456991273,-10.28518225914172,-12.821748256324643,17470.347063123747,0.0,0.1982440594157468,1.9482726234074998,2244157.3495041556,578.2771319026116
42800.0,4532710.743951948,39881.05230265007,4532715.101911389,1100.0563618771337,1887.83351110338,1099.8381622803925,-12.697681381424877,-10.077453696319944,-12.69653018209769,17470.347063123747,0.0,0.1982440594157468,1.9482726234074998,2244157.3495041556,578.2771319026116
42900.0,4532820.686304811,40069.78560675292,4532825.022450009,1098.7927342464554,1886.8359540716929,1098.5746485924635,-12.575349707331824,-9.874466579208274,-12.574221961611608,17470.347063123747,0.0,0.1982440594157468,1.9482726234074998,2244157.3495041556,578.2771319026116
43000.0,4532930.502901818,40258.42016234371,4532934.81724405,1097.5411975299735,1885.858463932641,1097.3232235001499,-12.45585028267446,-9.676095234794932,-12.454745457344487,17470.347063123747,0.0,0.1982440594157468,1.9482726234074998,2244157.3495041556,578.2771319026116
43100.0,4533040.194938024,40446.95795323729,4533044.48748834,1096.3014723061945,1884.9005852260293,1096.0836076345734,-12.339107445425839,-9.482217972496318,-12.338025021325175,17470.347063123747,0.0,0.1982440594157468,1.9482726234074998,2244157.3495041556,578.2771319026116
43200.0,4533149.763580919,40635.40091830448,4533154.034350144,1095.0732865992918,1883.961874467935,1094.8555290711395,-12.225047928838528,-9.292716932799669,-12.223987400419556,17470.347063123747,0.0,0.1982440594157468,1.9482726234074998,2244157.3495041556,578.2771319026116
43300.0,4533259.209971159,40823.750952650815,4533263.458969898,1093.8563756441376,1883.0418997748845,1093.638723094612,-12.113600770952724,-9.107477942681268,-12.112561645855362,17470.347063123747,0.0,0.1982440594157468,1.9482726234074998,2244157.3495041556,578.2771319026116
43400.0,4533368.535223271,41012.00990875839,4533372.762461916,1092.6504816601798,1882.1402405021645,1092.4329319730325,-12.00469722812307,-8.926390377447293,-12.003679026764944,17470.347063123747,0.0,0.1982440594157468,1.9482726234074998,2244157.3495041556,578.2771319026116
43500.0,4533477.740426347,41200.17959759218,4533481.94591508,1091.4553536337748,1881.2564868956422,1091.2379047400934,-11.898270692352742,-8.749347028658505,-11.897272947534615,17470.347063123747,0.0,0.1982440594157468,1.9482726234074998,2244157.3495041556,578.2771319026116
43600.0,4533586.826644706,41388.261789672266,4533591.010393504,1090.2707471086042,1880.3902397565012,1090.053396985593,-11.794256612256214,-8.576243977855041,-11.793278868782009,17470.347063123747,0.0,0.1982440594157468,1.9482726234074998,2244157.3495041556,578.2771319026116
43700.0,4533695.79491854,41576.258216113114,4533699.956937182,1089.0964239838213,1879.5411101183265,1088.8791706536197,-11.692592417458558,-8.40698047577296,-11.69163423176932,17470.347063123747,0.0,0.1982440594157468,1.9482726234074998,2244157.3495041556,578.2771319026116
43800.0,4533804.646264543,41764.17056963115,4533808.78656261,1087.9321523195938,1878.7087189360063,1087.7149938481296,-11.593217446257002,-8.241458826773735,-11.59227838607821,17470.347063123747,0.0,0.1982440594157468,1.9482726234074998,2244157.3495041556,578.2771319026116
43900.0,4533913.381676513,41952.000505521806,4533917.500263397,1086.7777061497231,1877.89269678594,1086.5606406456016,-11.496072876395083,-8.079584278248891,-11.49515252039673,17470.347063123747,0.0,0.1982440594157468,1.9482726234074998,2244157.3495041556,578.2771319026116
44000.0,4534022.002125943,42139.749642607174,4534026.0990108475,1085.6328653010378,1877.0926835770672,1085.4158909144635,-11.401101658777524,-7.921264914722849,-11.400199596246445,17470.347063123747,0.0,0.1982440594157468,1.9482726234074998,2244157.3495041556,578.2771319026116
44100.0,4534130.508562592,42327.41956415519,4534134.583754538,1084.497415219273,1876.3083282722612,1084.2805301410046,-11.30824845400437,-7.766411556462572,-11.307364284528266,17470.347063123747,0.0,0.1982440594157468,1.9482726234074998,2244157.3495041556,578.2771319026116
44200.0,4534238.901915035,42515.01181877156,4534242.955422865,1083.3711468011645,1875.5392886196469,1083.1543492614992,-11.217459571563289,-7.6149376623335225,-11.216592904725973,17470.347063123747,0.0,0.1982440594157468,1.9482726234074998,2244157.3495041556,578.2771319026116
44300.0,4534347.1830912065,42702.52792126522,4534351.214923587,1082.2538562324921,1874.7852308934264,1082.0371445002813,-11.128682911569978,-7.466759236728402,-11.127833366657361,17470.347063123747,0.0,0.1982440594157468,1.9482726234074998,2244157.3495041556,578.2771319026116
44400.0,4534455.352978914,42889.96935348835,4534459.363144341,1081.145344831829,1874.0458296438192,1080.9287172135225,-11.041867908925148,-7.321794740357218,-11.041035114641556,17470.347063123747,0.0,0.1982440594157468,1.9482726234074998,2244157.3495041556,578.2771319026116
44500.0,4534563.412446349,43077.337565151895,4534567.40095315,1080.0454188997599,1873.3207674557364,1079.8288737384773,-10.956965479775622,-7.179965004719237,-10.956149073969968,17470.347063123747,0.0,0.1982440594157468,1.9482726234074998,2244157.3495041556,578.2771319026116
44600.0,4534671.362342575,43264.633974617274,4534675.3291989155,1078.9538895733401,1872.6097347158318,1078.7374252479701,-10.87392797016727,-7.04119315007707,-10.873127599568697,17470.347063123747,0.0,0.1982440594157468,1.9482726234074998,2244157.3495041556,578.2771319026116
44700.0,4534779.203498005,43451.85996966526,4534783.148711889,1077.8705726855865,1871.9124293875864,1077.6541876099116,-10.792709106791422,-6.905404506776258,-10.791924426754049,17470.347063123747,0.0,0.1982440594157468,1.9482726234074998,2244157.3495041556,578.2771319026116
44800.0,4534886.936724867,43639.016908242724,4534890.8603041405,1076.7952886297917,1871.2285567941012,1076.5789812516377,-10.713263949721584,-6.772526539744738,-10.712494623977967,17470.347063123747,0.0,0.1982440594157468,1.9482726234074998,2244157.3495041556,578.2771319026116
44900.0,4534994.562817647,43826.10611918806,4534998.464770004,1075.7278622284696,1870.5578294082873,1075.5116310288806,-10.63554884705157,-6.642488776030653,-10.634794547474527,17470.347063123747,0.0,0.1982440594157468,1.9482726234074998,2244157.3495041556,578.2771319026116
45000.0,4535102.082553533,44013.12890293596,4535105.962886517,1074.668122606746,1869.8999666501547,1074.4519660991812,-10.559521391342427,-6.515222735229822,-10.5587817977149,17470.347063123747,0.0,0.1982440594157468,1.9482726234074998,2244157.3495041556,578.2771319026116
45100.0,4535209.496692833,44200.0865322023,4535213.35541384,1073.6159030700164,1869.2546946909217,1073.3998197995704,-10.48514037780459,-6.390661862686546,-10.48441517759722,17470.347063123747,0.0,0.1982440594157468,1.9482726234074998,2244157.3495041556,578.2771319026116
45200.0,4535316.80597939,44386.980252649715,4535320.643095673,1072.5710409857036,1868.6217462636691,1072.3550295283487,-10.412365764121217,-6.268741465315452,-10.411654652277347,17470.347063123747,0.0,0.1982440594157468,1.9482726234074998,2244157.3495041556,578.2771319026116
45300.0,4535424.011140984,44573.81128353458,4535427.826659653,1071.5333776689529,1868.0008604802867,1071.317436630802,-10.341158631851782,-6.149398649948803,-10.340461310579549,17470.347063123747,0.0,0.1982440594157468,1.9482726234074998,2244157.3495041556,578.2771319026116
45400.0,4535531.112889716,44760.58081833601,4535534.906817746,1070.5027582721116,1867.3917826544641,1070.286886288702,-10.271481149339001,-6.032572264085635,-10.270797327910309,17470.347063123747,0.0,0.1982440594157468,1.9482726234074998,2244157.3495041556,578.2771319026116
45500.0,4535638.111922394,44947.290025367416,4535641.884266622,1069.4790316778453,1866.79426413049,1069.2632274134419,-10.2032965360475,-5.918202838927608,-10.202625930603542,17470.347063123747,0.0,0.1982440594157468,1.9482726234074998,2244157.3495041556,578.2771319026116
45600.0,4535745.008920891,45133.940048371245,4535748.759688024,1068.462050395751,1866.2080621176387,1068.246312542669,-10.136569028281048,-5.806232534618131,-10.135911361644169,17470.347063123747,0.0,0.1982440594157468,1.9482726234074998,2244157.3495041556,578.2771319026116
45700.0,4535851.804552513,45320.53200709743,4535855.533749128,1067.4516704623325,1865.6329395299263,1067.2359977402787,-10.071263846205506,-5.696605087566643,-10.070618847697144,17470.347063123747,0.0,0.1982440594157468,1.9482726234074998,2244157.3495041556,578.2771319026116
45800.0,4535958.499470339,45507.066997866044,4535962.207102886,1066.4477513442107,1865.0686648310339,1066.2321424996421,-10.007347162127523,-5.589265759779281,-10.006714567392,17470.347063123747,0.0,0.1982440594157468,1.9482726234074998,2244157.3495041556,578.2771319026116
45900.0,4536065.094313565,45693.54609411476,4536068.78038837,1065.4501558444458,1864.5150118842012,1065.234609649946,-9.944786069971968,-5.484161290104469,-9.944165620805926,17470.347063123747,0.0,0.1982440594157468,1.9482726234074998,2244157.3495041556,578.2771319026116
46000.0,4536171.589707826,45879.970346931455,4536175.254231094,1064.4587500118532,1863.9717598069037,1064.243265265525,-9.883548555906309,-5.381239847310753,-9.882940000093534,17470.347063123747,0.0,0.1982440594157468,1.9482726234074998,2244157.3495041556,578.2771319026116
46100.0,4536277.986265525,46066.340785572596,4536281.629243342,1063.473403053202,1863.4386928301337,1063.2579785780774,-9.823603470057757,-5.280450984909661,-9.823006561209262,17470.347063123747,0.0,0.1982440594157468,1.9482726234074998,2244157.3495041556,578.2771319026116
46200.0,4536384.284586138,46252.65841796773,4536387.906024473,1062.4939872481896,1862.9156001621136,1062.2786218916547,-9.764920499285736,-5.181745597665004,-9.764334996684832,17470.347063123747,0.0,0.1982440594157468,1.9482726234074998,2244157.3495041556,578.2771319026116
46300.0,4536490.485256518,46438.92423121056,4536494.085161227,1061.5203778670873,1862.4022758562792,1061.3050705003225,-9.707470140954582,-5.08507587969929,-9.70689580940681,17470.347063123747,0.0,0.1982440594157468,1.9482726234074998,2244157.3495041556,578.2771319026116
46400.0,4536596.588851194,46625.13919203706,4536600.167228019,1060.5524530909618,1861.8985186833736,1060.3372026083969,-9.651223677670343,-4.990395284140303,-9.650660287358054,17470.347063123747,0.0,0.1982440594157468,1.9482726234074998,2244157.3495041556,578.2771319026116
46500.0,4536702.595932653,46811.304247290944,4536706.152787229,1059.5900939343749,1861.4041320075032,1059.3748992531584,-9.596153152936614,-4.897658484235235,-9.595600479278046,17470.347063123747,0.0,0.1982440594157468,1.9482726234074998,2244157.3495041556,578.2771319026116
46600.0,4536808.507051623,46997.420324377,4536812.042389477,1058.6331841704744,1860.9189236660109,1058.418044229957,-9.54223134769604,-4.806821335879882,-9.54168917120872,17470.347063123747,0.0,0.1982440594157468,1.9482726234074998,2244157.3495041556,578.2771319026116
46700.0,4536914.322747345,47183.48833170255,4536917.836573898,1057.681610258387,1860.4427058530277,1057.4665240196186,-9.489431757714513,-4.717840841493216,-9.488899863882834,17470.347063123747,0.0,0.1982440594157468,1.9482726234074998,2244157.3495041556,578.2771319026116
46800.0,4537020.043547835,47369.50915910744,4537023.535868407,1056.7352612728346,1859.9752950065736,1056.5202277180729,-9.437728571777072,-4.6306751151885255,-9.43720675092389,17470.347063123747,0.0,0.1982440594157468,1.9482726234074998,2244157.3495041556,578.2771319026116
46900.0,4537125.669970147,47555.48367828292,4537129.140789957,1055.7940288358877,1859.5165116990765,1055.579046968122,-9.387096650659952,-4.545283349183938,-9.386584697822062,17470.347063123747,0.0,0.1982440594157468,1.9482726234074998,2244157.3495041556,578.2771319026116
47000.0,4537231.202520621,47741.412743179804,4537234.651844787,1054.8578070507886,1859.066180531193,1054.6428758932734,-9.337511506848983,-4.461625781405025,-9.337009221656341,17470.347063123747,0.0,0.1982440594157468,1.9482726234074998,2244157.3495041556,578.2771319026116
47100.0,4537336.641695127,47927.29719040605,4537340.069528673,1053.926492437763,1858.6241300288077,1053.7116110335655,-9.28894928497111,-4.379663664225994,-9.288456471529663,17470.347063123747,0.0,0.1982440594157468,1.9482726234074998,2244157.3495041556,578.2771319026116
47200.0,4537441.987979307,48113.13783961429,4537445.394327161,1052.9999838717574,1858.1901925431073,1052.785151283315,-9.241386742911246,-4.2993592343052365,-9.24090320968924,17470.347063123747,0.0,0.1982440594157468,1.9482726234074998,2244157.3495041556,578.2771319026116
47300.0,4537547.241848805,48298.93549387951,4537550.626715803,1052.078182522028,1857.7642041536155,1051.8633978307175,-9.194801233589537,-4.220675683475791,-9.194326793307201,17470.347063123747,0.0,0.1982440594157468,1.9482726234074998,2244157.3495041556,578.2771319026116
47400.0,4537652.403769495,48484.69094006711,4537655.767160381,1051.1609917935236,1857.3460045740892,1050.946254099242,-9.149170687365377,-4.143577130635904,-9.148705156887841,17470.347063123747,0.0,0.1982440594157468,1.9482726234074998,2244157.3495041556,578.2771319026116
47500.0,4537757.474197701,48670.40494919176,4537760.81611713,1050.2483172699947,1856.9354370611768,1050.0336256907494,-9.10447359505238,-4.068028594615825,-9.104016795285723,17470.347063123747,0.0,0.1982440594157468,1.9482726234074998,2244157.3495041556,578.2771319026116
47600.0,4537862.45358041,48856.07827676726,4537865.774032951,1049.340066658774,1856.532348325743,1049.1254203302842,-9.060688991511533,-3.993995967967202,-9.060240747301881,17470.347063123747,0.0,0.1982440594157468,1.9482726234074998,2244157.3495041556,578.2771319026116
47700.0,4537967.342355486,49041.71166314757,4537970.641345622,1048.4361497371685,1856.1365884467693,1048.2215478124756,-9.017796439806148,-3.9214459916497986,-9.017356579841667,17470.347063123747,0.0,0.1982440594157468,1.9482726234074998,2244157.3495041556,578.2771319026116
47800.0,4538072.140951871,49227.3058338595,4538075.418484,1047.5364783004084,1855.7480107877436,1047.3219199494968,-8.975776015892235,-3.850346230572871,-8.975344372607971,17470.347063123747,0.0,0.1982440594157468,1.9482726234074998,2244157.3495041556,578.2771319026116
47900.0,4538176.849789785,49412.861499927014,4538180.105868223,1046.640966111102,1855.3664719154538,1046.4264505205294,-8.934608293824327,-3.7806650499593,-8.934184703309764,17470.347063123747,0.0,0.1982440594157468,1.9482726234074998,2244157.3495041556,578.2771319026116
48000.0,4538281.469280922,49598.37935818763,4538284.703909906,1045.7495288501457,1854.9918315211044,1045.5350552226816,-8.894274331459469,-3.712371592505419,-8.893858633368726,17470.347063123747,0.0,0.1982440594157468,1.9482726234074998,2244157.3495041556,578.2771319026116
48100.0,4538385.999828636,49783.86009160101,4538389.213012322,1044.862084069037,1854.62395234368,1044.6476516233113,-8.854755656636247,-3.645435756298836,-8.854347694100834,17470.347063123747,0.0,0.1982440594157468,1.9482726234074998,2244157.3495041556,578.2771319026116
48200.0,4538490.441828129,49969.30436954999,4538493.6335705975,1043.9785511435498,1854.2627000954794,1043.7641591137085,-8.816034253812854,-3.579828173469214,-8.815633873356882,17470.347063123747,0.0,0.1982440594157468,1.9482726234074998,2244157.3495041556,578.2771319026116
48300.0,4538594.795666629,50154.712848134266,4538597.965971884,1043.0988512287208,1853.907943389749,1042.8844988640917,-8.778092551145452,-3.51552018954173,-8.777699602603235,17470.347063123747,0.0,0.1982440594157468,1.9482726234074998,2244157.3495041556,578.2771319026116
48400.0,4538699.061723569,50340.08617045699,4538702.21059554,1042.222907215109,1853.5595536703486,1042.008593779874,-8.740913407991727,-3.452483843469442,-8.740527744427688,17470.347063123747,0.0,0.1982440594157468,1.9482726234074998,2244157.3495041556,578.2771319026116
48500.0,4538803.240370753,50525.42496690435,4538806.367813297,1041.3506436862829,1853.2174051433778,1041.1363684591593,-8.704480102820884,-3.390691848314144,-8.70410158045169,17470.347063123747,0.0,0.1982440594157468,1.9482726234074998,2244157.3495041556,578.2771319026116
48600.0,4538907.331972528,50710.729855418496,4538910.43798943,1040.4819868774973,1852.8813747107065,1040.2677491514262,-8.668776321518369,-3.330117572557564,-8.668404799637232,17470.347063123747,0.0,0.1982440594157468,1.9482726234074998,2244157.3495041556,578.2771319026116
48700.0,4539011.336885946,50896.001441763845,4539014.42148092,1039.6168646355209,1852.5513419053416,1039.4026637173633,-8.63378614606676,-3.2707350220126945,-8.633421486969816,17470.347063123747,0.0,0.1982440594157468,1.9482726234074998,2244157.3495041556,578.2771319026116
48800.0,4539115.25546092,51081.240319787044,4539118.318637614,1038.755206379577,1852.2271888285736,1038.5410415898175,-8.59949404359082,-3.2125188223163694,-8.599136112505542,17470.347063123747,0.0,0.1982440594157468,1.9482726234074998,2244157.3495041556,578.2771319026116
48900.0,4539219.088040384,51266.44707167074,4539222.129802378,1037.8969430633626,1851.9088000888469,1037.6828137358193,-8.565884855754536,-3.1554442019838254,-8.565533520770096,17470.347063123747,0.0,0.1982440594157468,1.9482726234074998,2244157.3495041556,578.2771319026116
49000.0,4539322.834960444,51451.62226818127,4539325.85531125,1037.042007138111,1851.596062742296,1036.8279126196524,-8.532943788493245,-3.0994869759976997,-8.532598920492772,17470.347063123747,0.0,0.1982440594157468,1.9482726234074998,2244157.3495041556,578.2771319026116
49100.0,4539426.496550521,51636.766468910595,4539429.495493589,1036.1903325166636,1851.2888662348983,1035.976272166933,-8.500656402071998,-3.044623529917803,-8.500317874666676,17470.347063123747,0.0,0.1982440594157468,1.9482726234074998,2244157.3495041556,578.2771319026116
49200.0,4539530.0731335,51821.88022251238,4539533.050672215,1035.341854538521,1850.9871023461894,1035.1278277296672,-8.469008601458302,-2.99083080449281,-8.468676290923238,17470.347063123747,0.0,0.1982440594157468,1.9482726234074998,2244157.3495041556,578.2771319026116
49300.0,4539633.565025873,52006.96406693265,4539636.521163558,1034.496509935842,1850.690665134494,1034.2825160522557,-8.437986626993682,-2.938086280748273,-8.437660412205506,17470.347063123747,0.0,0.1982440594157468,1.9482726234074998,2244157.3495041556,578.2771319026116
49400.0,4539736.972537868,52192.01852963496,4539739.907277786,1033.6542368003602,1850.399450883624,1033.440275238417,-8.407577045359321,-2.886367965544413,-8.407256807735447,17470.347063123747,0.0,0.1982440594157468,1.9482726234074998,2244157.3495041556,578.2771319026116
49500.0,4539840.295973593,52377.04412782037,4539843.209318947,1032.8149745511903,1850.1133580509986,1032.601044718999,-8.377766740820475,-2.835654377578498,-8.377452364259975,17470.347063123747,0.0,0.1982440594157468,1.9482726234074998,2244157.3495041556,578.2771319026116
49600.0,4539943.535631163,52562.04136864225,4539946.427585095,1031.9786639034955,1849.8322872171423,1031.7647652206535,-8.348542906741717,-2.7859245338194096,-8.348234277567775,17470.347063123747,0.0,0.1982440594157468,1.9482726234074998,2244157.3495041556,578.2771319026116
49700.0,4540046.691802825,52747.0107494161,4540049.562368423,1031.1452468379916,1849.556141036519,1030.9313787353453,-8.319893037362245,-2.7371579363569967,-8.319590044266116,17470.347063123747,0.0,0.1982440594157468,1.9482726234074998,2244157.3495041556,578.2771319026116
49800.0,4540149.764775089,52931.9527578246,4540152.613955382,1030.31466657126,1849.2848241896602,1030.1008284906704,-8.29180491982417,-2.689334559655368,-8.291507453810622,17470.347063123747,0.0,0.1982440594157468,1.9482726234074998,2244157.3495041556,578.2771319026116
49900.0,4540252.754828845,53116.86787211781,4540255.582626808,1029.4868675268453,1849.0182433365487,1029.2730589209596,-8.264266626443565,-2.642434838193454,-8.263974580777736,17470.347063123747,0.0,0.1982440594157468,1.9482726234074998,2244157.3495041556,578.2771319026116
50000.0,4540355.662239486,53301.75656130888,4540358.468658041,1028.6617953071157,1848.75630707122,1028.4480156391435,-8.237266507212745,-2.5964396544740236,-8.236979777368404,17470.347063123747,0.0,0.1982440594157468,1.9482726234074998,2244157.3495041556,578.2771319026116
50100.0,4540458.4872770235,53486.61928536522,4540461.272319037,1027.8393966658598,1848.4989258775436,1027.6256454093552,-8.210793182532798,-2.551330327400733,-8.210511666141926,17470.347063123747,0.0,0.1982440594157468,1.9482726234074998,2244157.3495041556,578.2771319026116
50200.0,4540561.2302062,53671.4564953953,4540563.993874486,1027.0196194816003,1848.2460120861506,1026.8058961202485,-8.184835536161824,-2.5070886009988707,-8.184559132965514,17470.347063123747,0.0,0.1982440594157468,1.9482726234074998,2244157.3495041556,578.2771319026116
50300.0,4540663.891286599,53856.26863383126,4540666.633583923,1026.2024127316026,1847.9974798324702,1025.9887167590107,-8.15938270837372,-2.4636966334720145,-8.159111320174333,17470.347063123747,0.0,0.1982440594157468,1.9482726234074998,2244157.3495041556,578.2771319026116
50400.0,4540766.470772761,54041.05613460731,4540769.191701835,1025.3877264665557,1847.7532450158462,1025.1740573860498,-8.13442408932178,-2.421136986585616,-8.134157619936332,17470.347063123747,0.0,0.1982440594157468,1.9482726234074998,2244157.3495041556,578.2771319026116
50500.0,4540868.968914278,54225.81942333411,4540871.668477768,1024.5755117859087,1847.5132252596984,1024.3618691103343,-8.109949312597278,-2.379392615361423,-8.10968766781202,17470.347063123747,0.0,0.1982440594157468,1.9482726234074998,2244157.3495041556,578.2771319026116
50600.0,4540971.385955907,54410.55891746927,4540974.06415643,1023.765720813841,1847.2773398726997,1023.5521040653683,-8.085948248979204,-2.338446858077008,-8.08569133650534,17470.347063123747,0.0,0.1982440594157468,1.9482726234074998,2244157.3495041556,578.2771319026116
50700.0,4541073.722137667,54595.27502648393,4541076.378977792,1022.9583066758481,1847.0455098109383,1022.744715385782,-8.062411000366216,-2.2982834265558383,-8.062158729796764,17470.347063123747,0.0,0.1982440594157468,1.9482726234074998,2244157.3495041556,578.2771319026116
50800.0,4541175.977694939,54779.96815202567,4541178.613177189,1022.1532234759261,1846.8176576410362,1021.9396571845195,-8.039327893886172,-2.2588863967406247,-8.0390801766539,17470.347063123747,0.0,0.1982440594157468,1.9482726234074998,2244157.3495041556,578.2771319026116
50900.0,4541278.152858561,54964.63868807777,4541280.766985413,1021.3504262743355,1846.5937075041982,1021.1368845306081,-8.016689476177332,-2.2202401995406182,-8.016446225513759,17470.347063123747,0.0,0.1982440594157468,1.9482726234074998,2244157.3495041556,578.2771319026116
51000.0,4541380.247854926,55149.287021114884,4541382.840628812,1020.5498710659298,1846.3735850811609,1020.3363534274896,-7.994486507833721,-2.1823296119404936,-7.99424763872914,17470.347063123747,0.0,0.1982440594157468,1.9482726234074998,2244157.3495041556,578.2771319026116
51100.0,4541482.26290607,55333.91353025529,4541484.83432938,1019.7515147590304,1846.1572175580197,1019.5380207919003,-7.972709958013222,-2.1451397483693055,-7.972475387177717,17470.347063123747,0.0,0.1982440594157468,1.9482726234074998,2244157.3495041556,578.2771319026116
51200.0,4541584.198229766,55518.51858740976,4541586.748304846,1018.9553151548341,1845.9445335929054,1018.7418444332814,-7.951350999196448,-2.10865605230921,-7.9511206450218905,17470.347063123747,0.0,0.1982440594157468,1.9482726234074998,2244157.3495041556,578.2771319026116
51300.0,4541686.054039612,55703.10255742711,4541688.582768764,1018.1612309273357,1845.7354632834881,1017.947783033706,-7.9304010020993845,-2.072864288150228,-7.930174784622361,17470.347063123747,0.0,0.1982440594157468,1.9482726234074998,2244157.3495041556,578.2771319026116
51400.0,4541787.830545114,55887.66579823659,4541790.337930601,1017.3692216037537,1845.529938135285,1017.1557961283081,-7.90985153072741,-2.0377505332698815,-7.90962937159307,17470.347063123747,0.0,0.1982440594157468,1.9482726234074998,2244157.3495041556,578.2771319026116
51500.0,4541889.527951774,56072.20866098709,4541892.013995818,1016.5792475454418,1845.327891030747,1016.3658440861983,-7.889694337570916,-2.0033011703389674,-7.889476159997706,17470.347063123747,0.0,0.1982440594157468,1.9482726234074998,2244157.3495041556,578.2771319026116
51600.0,4541991.14646117,56256.73149018334,4541993.611165953,1015.791269929276,1845.129256199106,1015.5778880918532,-7.869921358937083,-1.9695028798446297,-7.869707087682343,17470.347063123747,0.0,0.1982440594157468,1.9482726234074998,2244157.3495041556,578.2771319026116
51700.0,4542092.686271039,56441.2346238191,4542095.129638704,1015.0052507295002,1844.9339691869586,1014.7918901269654,-7.850524710410846,-1.9363426328191244,-7.850314271737249,17470.347063123747,0.0,0.1982440594157468,1.9482726234074998,2244157.3495041556,578.2771319026116
51800.0,4542194.147575353,56625.71839350747,4542196.569608004,1014.2211527000201,1844.7419668295652,1014.0078129527407,-7.831496682444566,-1.9038076837742175,-7.831290004087373,17470.347063123747,0.0,0.1982440594157468,1.9482726234074998,2244157.3495041556,578.2771319026116
51900.0,4542295.5305644,56810.183124608324,4542297.931264103,1013.4389393571321,1844.553187222849,1013.2256200926295,-7.812829736068812,-1.8718855638284166,-7.812626747203918,17470.347063123747,0.0,0.1982440594157468,1.9482726234074998,2244157.3495041556,578.2771319026116
52000.0,4542396.835424855,56994.62913635303,4542399.214793641,1012.6585749626748,1844.3675696960697,1012.4452758154822,-7.794516498723376,-1.8405640740262266,-7.794317129936133,17470.347063123747,0.0,0.1982440594157468,1.9482726234074998,2244157.3495041556,578.2771319026116
52100.0,4542498.062339856,57179.05674196643,4542500.420379719,1011.880024507592,1844.1850547851582,1011.6667451191147,-7.77654976020355,-1.809831278841235,-7.776353943458333,17470.347063123747,0.0,0.1982440594157468,1.9482726234074998,2244157.3495041556,578.2771319026116
52200.0,4542599.211489077,57363.46624878621,4542601.548201974,1011.1032536958945,1844.0055842066902,1010.8899937142737,-7.758922468716525,-1.7796754998546214,-7.758730137327032,17470.347063123747,0.0,0.1982440594157468,1.9482726234074998,2244157.3495041556,578.2771319026116
52300.0,4542700.283048796,57547.857958379675,4542702.59843665,1010.3282289290123,1843.829100832485,1010.1149880089918,-7.7416277270465566,-1.7500853096072608,-7.741438815646822,17470.347063123747,0.0,0.1982440594157468,1.9482726234074998,2244157.3495041556,578.2771319026116
52400.0,4542801.277191966,57732.232166658054,4542803.571256667,1009.5549172905239,1843.6555486648097,1009.3416950933189,-7.724658788825527,-1.7210495256200784,-7.724473233341622,17470.347063123747,0.0,0.1982440594157468,1.9482726234074998,2244157.3495041556,578.2771319026116
52500.0,4542902.194088282,57916.589163988305,4542904.466831686,1008.7832865312539,1843.4848728121733,1008.5700827244237,-7.708009054903976,-1.6925572045744746,-7.707826792526377,17470.347063123747,0.0,0.1982440594157468,1.9482726234074998,2244157.3495041556,578.2771319026116
52600.0,4543003.033904247,58100.92923530256,4543005.285328176,1008.0133050547283,1843.3170194656955,1007.8001193120513,-7.691672069819641,-1.6645976366481832,-7.691493038976263,17470.347063123747,0.0,0.1982440594157468,1.9482726234074998,2244157.3495041556,578.2771319026116
52700.0,4543103.796803236,58285.25266020523,4543106.026909481,1007.2449419029787,1843.1519358760333,1007.0317739043293,-7.675641518363208,-1.6371603400064882,-7.6754656586930645,17470.347063123747,0.0,0.1982440594157468,1.9482726234074998,2244157.3495041556,578.2771319026116
52800.0,4543204.48294556,58469.55971307784,4543206.691735879,1006.4781667426844,1842.989570330852,1006.2650161739139,-7.659911222234273,-1.6102350554370173,-7.6597384745617605,17470.347063123747,0.0,0.1982440594157468,1.9482726234074998,2244157.3495041556,578.2771319026116
52900.0,4543305.092488525,58653.8506631816,4543307.279964646,1005.7129498516454,1842.8298721328254,1005.4998164044642,-7.644475136788607,-1.5838117411304693,-7.644305443098389,17470.347063123747,0.0,0.1982440594157468,1.9482726234074998,2244157.3495041556,578.2771319026116
53000.0,4543405.6255865,58838.125774757835,4543407.79175012,1004.9492621055755,1842.67279157815,1004.7361454774389,-7.629327347869761,-1.5578805675954501,-7.629160651282244,17470.347063123747,0.0,0.1982440594157468,1.9482726234074998,2244157.3495041556,578.2771319026116
53100.0,4543506.082390966,59022.38530712631,4543508.227243751,1004.1870749652087,1842.5182799355625,1003.973974859204,-7.614462068728016,-1.532431912713223,-7.614298313475389,17470.347063123747,0.0,0.1982440594157468,1.9482726234074998,2244157.3495041556,578.2771319026116
53200.0,4543606.463050581,59206.629514781416,4543608.586594169,1003.426360463709,1842.3662894258443,1003.2132765884455,-7.599873637017011,-1.507456356915682,-7.599712768419855,17470.347063123747,0.0,0.1982440594157468,1.9482726234074998,2244157.3495041556,578.2771319026116
53300.0,4543706.767711232,59390.8586474864,4543708.869947233,1002.6670911943769,1842.216773201802,1002.4540232638786,-7.585556511873139,-1.4829446784959857,-7.5853984763175655,17470.347063123747,0.0,0.1982440594157468,1.9482726234074998,2244157.3495041556,578.2771319026116
53400.0,4543806.996516097,59575.07295036557,4543809.077446091,1001.909240298644,1842.0696853287104,1001.696188032244,-7.571505271069127,-1.458887849037103,-7.571350015984449,17470.347063123747,0.0,0.1982440594157468,1.9482726234074998,2244157.3495041556,578.2771319026116
53500.0,4543907.149605692,59759.27266399458,4543909.209231231,1001.1527814543487,1841.9249807652077,1000.9397445765856,-7.557714608243249,-1.4352770289612113,-7.557562082080164,17470.347063123747,0.0,0.1982440594157468,1.9482726234074998,2244157.3495041556,578.2771319026116
53600.0,4544007.227117929,59943.45802448886,4544009.2654405385,1000.3976888642846,1841.7826153446292,1000.1846671048022,-7.544179330200085,-1.4121035631931345,-7.544029482409366,17470.347063123747,0.0,0.1982440594157468,1.9482726234074998,2244157.3495041556,578.2771319026116
53700.0,4544107.229188164,60127.629263590105,4544109.246209342,999.6439372450171,1841.642545756769,999.4309303384646,-7.530894354282337,-1.3893589769372852,-7.5307471352940025,17470.347063123747,0.0,0.1982440594157468,1.9482726234074998,2244157.3495041556,578.2771319026116
53800.0,4544207.155949251,60311.78660875111,4544209.15167047,998.8915018159568,1841.5047295300587,998.6785095018923,-7.517854705809594,-1.3670349715612418,-7.517710067012559,17470.347063123747,0.0,0.1982440594157468,1.9482726234074998,2244157.3495041556,578.2771319026116
53900.0,4544307.00753159,60495.930283218695,4544308.981954297,998.1403582886878,1841.3691250141524,997.9273803114837,-7.505055515583756,-1.3451234205858011,-7.504913409305946,17470.347063123747,0.0,0.1982440594157468,1.9482726234074998,2244157.3495041556,578.2771319026116
54000.0,4544406.784063177,60680.060506115005,4544408.737188794,997.3904828565417,1841.2356913629076,997.1775189652913,-7.492492017458499,-1.3236163657771882,-7.492352396947413,17470.347063123747,0.0,0.1982440594157468,1.9482726234074998,2244157.3495041556,578.2771319026116
54100.0,4544506.485669652,60864.177492517076,4544508.417499574,996.6418521844108,1841.1043885177523,996.4289021328374,-7.480159545970715,-1.302506013338097,-7.480022365374422,17470.347063123747,0.0,0.1982440594157468,1.9482726234074998,2244157.3495041556,578.2771319026116
54200.0,4544606.112474343,61048.2814535348,4544608.023009942,995.8944433987962,1840.9751771914273,995.681506945164,-7.468053534032721,-1.2817847301958,-7.4679187483813045,17470.347063123747,0.0,0.1982440594157468,1.9482726234074998,2244157.3495041556,578.2771319026116
54300.0,4544705.664598313,61232.372596387235,4544707.553840937,995.1482340780826,1840.8480188520957,994.9353109851097,-7.456169510682996,-1.2614450403835655,-7.456037075870398,17470.347063123747,0.0,0.1982440594157468,1.9482726234074998,2244157.3495041556,578.2771319026116
54400.0,4544805.142160407,61416.45112447738,4544807.01011138,994.4032022430366,1840.7228757078092,994.190292277809,-7.444503098893927,-1.2414796215131256,-7.4443729716602025,17470.347063123747,0.0,0.1982440594157468,1.9482726234074998,2244157.3495041556,578.2771319026116
54500.0,4544904.545277293,61600.51723746541,4544906.391937916,993.6593263475197,1840.599710691323,993.446429281408,-7.433050013434952,-1.2218813013354883,-7.432922151348935,17470.347063123747,0.0,0.1982440594157468,1.9482726234074998,2244157.3495041556,578.2771319026116
54600.0,4545003.874063504,61784.571131340366,4545005.699435056,992.9165852694139,1840.4784874452507,992.7037008779909,-7.421806058789578,-1.2026430543877982,-7.421680420231911,17470.347063123747,0.0,0.1982440594157468,1.9482726234074998,2244157.3495041556,578.2771319026116
54700.0,4545103.128631484,61968.61299849046,4545104.932715221,992.1749583017519,1840.359170307549,991.9620863647124,-7.410767127124185,-1.183757998722753,-7.4106436712707495,17470.347063123747,0.0,0.1982440594157468,1.9482726234074998,2244157.3495041556,578.2771319026116
54800.0,4545202.309091625,62152.64302777187,4545204.091888782,991.4344251440481,1840.241724297327,991.2215654451305,-7.399929196309034,-1.165219392721591,-7.399807883114733,17470.347063123747,0.0,0.1982440594157468,1.9482726234074998,2244157.3495041556,578.2771319026116
54900.0,4545301.41555231,62336.66140457615,4545303.177064099,990.6949658938257,1840.1261151009692,990.4821182207345,-7.389288327986432,-1.147020631981989,-7.389169118169342,17470.347063123747,0.0,0.1982440594157468,1.9482726234074998,2244157.3495041556,578.2771319026116
55000.0,4545400.44811995,62520.66831089631,4545402.188347565,989.9565610383335,1840.012309058566,989.7437251826638,-7.37884066568897,-1.1291552462862486,-7.378723520714837,17470.347063123747,0.0,0.1982440594157468,1.9482726234074998,2244157.3495041556,578.2771319026116
55100.0,4545499.406899026,62704.663925391484,4545501.125843638,989.2191914464491,1839.9002731506441,989.0063672036127,-7.368582433002979,-1.1116168966414266,-7.368467315070056,17470.347063123747,0.0,0.1982440594157468,1.9482726234074998,2244157.3495041556,578.2771319026116
55200.0,4545598.291992122,62888.64842345034,4545599.989654882,988.4828383607639,1839.7899749851888,988.2700255299169,-7.358509931778402,-1.0943993723937973,-7.3583968038026235,17470.347063123747,0.0,0.1982440594157468,1.9482726234074998,2244157.3495041556,578.2771319026116
55300.0,4545697.103499968,63072.62197725319,4545698.779882006,987.7474833898439,1839.6813827849512,987.5346817738154,-7.34861954038161,-1.0774965884116503,-7.348508365982096,17470.347063123747,0.0,0.1982440594157468,1.9482726234074998,2244157.3495041556,578.2771319026116
55400.0,4545795.841521469,63256.58475583285,4545797.496623899,987.0131085006636,1839.5744653750346,986.8003179058862,-7.3389077119922055,-1.0609025823385378,-7.33879845547707,17470.347063123747,0.0,0.1982440594157468,1.9482726234074998,2244157.3495041556,578.2771319026116
55500.0,4545894.506153747,63440.53692513425,4545896.139977661,986.2796960112088,1839.469192170751,986.0669162476505,-7.329370972940615,-1.0446115119115469,-7.329263599293095,17470.347063123747,0.0,0.1982440594157468,1.9482726234074998,2244157.3495041556,578.2771319026116
55600.0,4545993.097492173,63624.47864807286,4545994.710038644,985.5472285832419,1839.3655331657435,985.3344594643391,-7.320005921086975,-1.0286176523455925,-7.319900395951858,17470.347063123747,0.0,0.1982440594157468,1.9482726234074998,2244157.3495041556,578.2771319026116
55700.0,4546091.615630399,63808.410084591946,4546093.206900483,984.8156892152292,1839.263458920366,984.6029305578214,-7.310809224238813,-1.0129153937796411,-7.310705513909158,17470.347063123747,0.0,0.1982440594157468,1.9482726234074998,2244157.3495041556,578.2771319026116
55800.0,4546190.060660396,63992.33139171868,4546191.630655129,984.0850612354234,1839.1629405503168,983.8723128596888,-7.3017776186073675,-0.9974992387846386,-7.301675690011521,17470.347063123747,0.0,0.1982440594157468,1.9482726234074998,2244157.3495041556,578.2771319026116
55900.0,4546288.432672481,64176.24272361911,4546289.981392884,983.3553282950985,1839.0639497155166,983.1425900244914,-7.292907907301421,-0.9823637999314668,-7.292807727990304,17470.347063123747,0.0,0.1982440594157468,1.9482726234074998,2244157.3495041556,578.2771319026116
56000.0,4546386.731755354,64360.14423165201,4546388.259202428,982.6264743619345,1838.966458609229,982.4137460231233,-7.2841969588569615,-0.9675037974160126,-7.284098496991631,17470.347063123747,0.0,0.1982440594157468,1.9482726234074998,2244157.3495041556,578.2771319026116
56100.0,4546484.957996129,64544.03606442173,4546486.464170858,981.898483713546,1838.870439947413,981.6857651363533,-7.275641705802769,-0.9529140567417952,-7.275544930142265,17470.347063123747,0.0,0.1982440594157468,1.9482726234074998,2244157.3495041556,578.2771319026116
56200.0,4546583.111480359,64727.91836782989,4546584.596383711,981.1713409311541,1838.7758669583063,980.9586319484969,-7.26723914325976,-0.9385895064563885,-7.267144023149186,17470.347063123747,0.0,0.1982440594157468,1.9482726234074998,2244157.3495041556,578.2771319026116
56300.0,4546681.192292073,64911.791285126135,4546682.655925,980.4450308933947,1838.6827133722322,980.2323313412267,-7.258986327574582,-0.9245251759427597,-7.258892832933466,17470.347063123747,0.0,0.1982440594157468,1.9482726234074998,2244157.3495041556,578.2771319026116
56400.0,4546779.200513801,65095.65495695784,4546780.642877238,979.7195387702637,1838.590953411624,979.5068484875186,-7.250880374984854,-0.9107161932610103,-7.250788476295741,17470.347063123747,0.0,0.1982440594157468,1.9482726234074998,2244157.3495041556,578.2771319026116
56500.0,4546877.136226605,65279.50952141881,4546878.557321471,978.9948500171934,1838.500561781263,978.7821688457287,-7.242918460316759,-0.8971577830419519,-7.242828128614056,17470.347063123747,0.0,0.1982440594157468,1.9482726234074998,2244157.3495041556,578.2771319026116
56600.0,4546974.999510107,65463.355114097045,4546976.399337305,978.2709503692566,1838.4115136587252,978.0582781537995,-7.23509781571369,-0.8838452644303745,-7.235009022572746,17470.347063123747,0.0,0.1982440594157468,1.9482726234074998,2244157.3495041556,578.2771319026116
56700.0,4547072.790442515,65647.19186812155,4547074.169002933,977.5478258354983,1838.3237846850295,977.3351624235917,-7.227415729393924,-0.8707740490745594,-7.227328446920344,17470.347063123747,0.0,0.1982440594157468,1.9482726234074998,2244157.3495041556,578.2771319026116
56800.0,4547170.509100653,65831.01991420823,4547171.866395164,976.8254626933883,1838.2373509554877,976.6128079353383,-7.219869544438967,-0.8579396391650602,-7.219783745258153,17470.347063123747,0.0,0.1982440594157468,1.9482726234074998,2244157.3495041556,578.2771319026116
56900.0,4547268.155559985,66014.83938070486,4547269.491589447,976.1038474833945,1838.152189010745,975.8912012322194,-7.2124566576092315,-0.8453376255170062,-7.212372314856133,17470.347063123747,0.0,0.1982440594157468,1.9482726234074998,2244157.3495041556,578.2771319026116
57000.0,4547365.729894641,66198.65039363518,4547367.044659897,975.3829670036731,1838.0682758280118,975.1703291150525,-7.205174518188092,-0.8329636856979552,-7.2050916054972,17470.347063123747,0.0,0.1982440594157468,1.9482726234074998,2244157.3495041556,578.2771319026116
57100.0,4547463.232177445,66382.45307674212,4547464.525679324,974.6628083048731,1837.9855888124812,974.4501786370986,-7.198020626852845,-0.8208135821986751,-7.197939118348363,17470.347063123747,0.0,0.1982440594157468,1.9482726234074998,2244157.3495041556,578.2771319026116
57200.0,4547560.662479937,66566.24755153018,4547561.934719255,973.9433586850521,1837.9041057889253,973.7307370989788,-7.190992534571865,-0.8088831606459311,-7.190912404858115,17470.347063123747,0.0,0.1982440594157468,1.9482726234074998,2244157.3495041556,578.2771319026116
57300.0,4547658.020872402,66750.03393730696,4547659.271849959,973.2246056847011,1837.8238049934696,973.0119920437002,-7.184087841527717,-0.7971683480567543,-7.184009065679727,17470.347063123747,0.0,0.1982440594157468,1.9482726234074998,2244157.3495041556,578.2771319026116
57400.0,4547755.307423887,66933.81235122391,4547756.537140472,972.5065370818763,1837.7446650655397,972.2939312517881,-7.17730419606499,-0.7856651511323262,-7.177226749619304,17470.347063123747,0.0,0.1982440594157468,1.9482726234074998,2244157.3495041556,578.2771319026116
57500.0,4547852.522202231,67117.58290831627,4547853.730658619,971.7891408874342,1837.6666650399766,971.5765427365227,-7.170639293662473,-0.7743696545907519,-7.1705631526081115,17470.347063123747,0.0,0.1982440594157468,1.9482726234074998,2244157.3495041556,578.2771319026116
57600.0,4547949.6652740855,67301.34572154221,4547950.852471037,971.0724053403686,1837.5897843393166,970.8598147392768,-7.16409087592938,-0.7632780195384439,-7.164016016699037,17470.347063123747,0.0,0.1982440594157468,1.9482726234074998,2244157.3495041556,578.2771319026116
57700.0,4548046.736704936,67485.1009018212,4548047.902643199,970.3563189032468,1837.5140027662321,970.1437357249524,-7.157656729624387,-0.7523864818779561,-7.15758312908577,17470.347063123747,0.0,0.1982440594157468,1.9482726234074998,2244157.3495041556,578.2771319026116
57800.0,4548143.736559126,67668.84855807171,4548144.881239437,969.6408702577429,1837.4393004961312,969.4282943775156,-7.1513346856973765,-0.7416913507522385,-7.151262321144764,17470.347063123747,0.0,0.1982440594157468,1.9482726234074998,2244157.3495041556,578.2771319026116
57900.0,4548240.664899876,67852.58879724806,4548241.788322959,968.9260483002654,1837.3656580699082,968.7134795956244,-7.145122618352949,-0.7311890070236797,-7.145051467498887,17470.347063123747,0.0,0.1982440594157468,1.9482726234074998,2244157.3495041556,578.2771319026116
58000.0,4548337.521789311,68036.32172437664,4548338.6239558775,968.2118421376779,1837.2930563868483,967.9992804883507,-7.139018444135624,-0.7208759017879802,-7.13894848510282,17470.347063123747,0.0,0.1982440594157468,1.9482726234074998,2244157.3495041556,578.2771319026116
58100.0,4548434.3072884735,68220.04744259141,4548435.388199223,967.49824108311,1837.2214766976754,967.2856863709914,-7.133020121035687,-0.7107485549210745,-7.132951332349055,17470.347063123747,0.0,0.1982440594157468,1.9482726234074998,2244157.3495041556,578.2771319026116
58200.0,4548531.021457348,68403.76605316869,4548532.081112969,966.7852346518562,1837.1509005977462,966.5726867609688,-7.127125647615678,-0.7008035536591648,-7.1270580081945685,17470.347063123747,0.0,0.1982440594157468,1.9482726234074998,2244157.3495041556,578.2771319026116
58300.0,4548627.664354881,68587.47765556126,4548628.702756049,966.072812557362,1837.0813100203839,965.8602713738173,-7.121333062156285,-0.691037551209779,-7.121266551306848,17470.347063123747,0.0,0.1982440594157468,1.9482726234074998,2244157.3495041556,578.2771319026116
58400.0,4548724.236039001,68771.1823474319,4548725.2531863805,965.3609647072938,1837.012687230349,965.1484301192535,-7.1156404418219665,-0.6814472653945428,-7.115575039229694,17470.347063123747,0.0,0.1982440594157468,1.9482726234074998,2244157.3495041556,578.2771319026116
58500.0,4548820.736566634,68954.88022468613,4548821.73246088,964.6496811996911,1836.9450148174446,964.4371530973298,-7.1100459018452336,-0.6720294773218295,-7.109981587567645,17470.347063123747,0.0,0.1982440594157468,1.9482726234074998,2244157.3495041556,578.2771319026116
58600.0,4548917.165993728,69138.57138150447,4548918.140635483,963.9389523192007,1836.878275690253,963.7264305946685,-7.104547594729455,-0.6627810300891361,-7.104484349188939,17470.347063123747,0.0,0.1982440594157468,1.9482726234074998,2244157.3495041556,578.2771319026116
58700.0,4549013.524375267,69322.25591037398,4549014.477765164,963.2287685333873,1836.8124530700002,963.0162530807746,-7.0991437094694065,-0.6536988275138903,-7.099081513446196,17470.347063123747,0.0,0.1982440594157468,1.9482726234074998,2244157.3495041556,578.2771319026116
58800.0,4549109.811765293,69505.93390211921,4549110.743903954,962.5191204891239,1836.747530484546,962.3066112044253,-7.093832470789623,-0.6447798328928639,-7.093771305414929,17470.347063123747,0.0,0.1982440594157468,1.9482726234074998,2244157.3495041556,578.2771319026116
58900.0,4549206.028216917,69689.6054459326,4549206.939104954,961.8099990090554,1836.6834917624972,961.5974957901351,-7.088612138399673,-0.6360210677887358,-7.088551985148954,17470.347063123747,0.0,0.1982440594157468,1.9482726234074998,2244157.3495041556,578.2771319026116
59000.0,4549302.173782346,69873.27062940421,4549303.06342036,961.1013950881371,1836.6203210274412,960.8888978346947,-7.083481006265858,-0.6274196108429514,-7.083421846952219,17470.347063123747,0.0,0.1982440594157468,1.9482726234074998,2244157.3495041556,578.2771319026116
59100.0,4549398.248512892,70056.92953855102,4549399.116901475,960.3932998902443,1836.558002692295,960.1808085037818,-7.078437401899418,-0.6189725966151658,-7.078379218667154,17470.347063123747,0.0,0.1982440594157468,1.9482726234074998,2244157.3495041556,578.2771319026116
59200.0,4549494.252458992,70240.5822578455,4549495.099598726,959.6857047448532,1836.496521453772,959.4732191286416,-7.073479685660695,-0.6106772144482686,-7.073422460978958,17470.347063123747,0.0,0.1982440594157468,1.9482726234074998,2244157.3495041556,578.2771319026116
59300.0,4549590.185670226,70424.22887024378,4549591.011561682,958.9786011437898,1836.4358622869577,958.7661212028373,-7.068606250078545,-0.6025307073579104,-7.068549966735139,17470.347063123747,0.0,0.1982440594157468,1.9482726234074998,2244157.3495041556,578.2771319026116
59400.0,4549686.048195328,70607.86945721318,4549686.85283907,958.2719807380466,1836.376010439998,958.0595063790671,-7.063815519184689,-0.5945303709459807,-7.063760160280002,17470.347063123747,0.0,0.1982440594157468,1.9482726234074998,2244157.3495041556,578.2771319026116
59500.0,4549781.840082207,70791.50409875928,4549782.623478789,957.5658353346652,1836.316951428894,957.3533664660469,-7.0591059478631655,-0.5866735523384369,-7.0590514968042095,17470.347063123747,0.0,0.1982440594157468,1.9482726234074998,2244157.3495041556,578.2771319026116
59600.0,4549877.56137796,70975.13287345243,4549878.323527926,956.8601568936824,1836.2586710324013,956.6476934254578,-7.054476021214063,-0.57895764914601,-7.054422461708643,17470.347063123747,0.0,0.1982440594157468,1.9482726234074998,2244157.3495041556,578.2771319026116
59700.0,4549973.212128888,71158.75585845378,4549973.953032773,956.1549375251404,1836.2011552870322,955.9424793689564,-7.049924253930841,-0.5713801084467519,-7.049871569981837,17470.347063123747,0.0,0.1982440594157468,1.9482726234074998,2244157.3495041556,578.2771319026116
59800.0,4550068.792380509,71342.37312954084,4550069.512038841,955.4501694861577,1836.14439048216,955.2377165552464,-7.045449189692072,-0.5639384257918251,-7.045397365591845,17470.347063123747,0.0,0.1982440594157468,1.9482726234074998,2244157.3495041556,578.2771319026116
59900.0,4550164.302177575,71525.98476113247,4550165.000590872,954.7458451780606,1836.0883631552192,954.5333973872106,-7.041049400565914,-0.5566301442317017,-7.040998420890802,17470.347063123747,0.0,0.1982440594157468,1.9482726234074998,2244157.3495041556,578.2771319026116
60000.0,4550259.741564087,71709.5908263135,4550260.418732857,954.0419571435733,1836.0330600870047,953.8295144091018,-7.036723486427888,-0.5494528533637937,-7.036673336032846,17470.347063123747,0.0,0.1982440594157468,1.9482726234074998,2244157.3495041556,578.2771319026116
60100.0,4550355.110583303,71893.19139685882,4550355.766508049,953.338498064066,1835.9784682970628,953.1260603037908,-7.03247007439148,-0.542404188400732,-7.032420738404797,17470.347063123747,0.0,0.1982440594157468,1.9482726234074998,2244157.3495041556,578.2771319026116
60200.0,4550450.409277759,72076.786543257,4550451.043958974,952.635460756859,1835.924575039176,952.4230278900717,-7.02828781825087,-0.5354818292580885,-7.028239282069004,17470.347063123747,0.0,0.1982440594157468,1.9482726234074998,2244157.3495041556,578.2771319026116
60300.0,4550545.637689278,72260.37633473353,4550546.251127448,951.9328381725816,1835.8713677969376,951.7204101200209,-7.024175397936219,-0.5286834996624272,-7.024127647218737,17470.347063123747,0.0,0.1982440594157468,1.9482726234074998,2244157.3495041556,578.2771319026116
60400.0,4550640.795858987,72443.96083927357,4550641.388054589,951.2306233925858,1835.8188342794137,951.0182000764115,-7.020131518980254,-0.5220069662774186,-7.020084539644875,17470.347063123747,0.0,0.1982440594157468,1.9482726234074998,2244157.3495041556,578.2771319026116
60500.0,4550735.883827324,72627.54012364427,4550736.454780828,950.528809626412,1835.7669624168932,950.3163909701793,-7.016154911997073,-0.5154500378497318,-7.0161086902147956,17470.347063123747,0.0,0.1982440594157468,1.9482726234074998,2244157.3495041556,578.2771319026116
60600.0,4550830.901634057,72811.11425341673,4550831.451345925,949.8273902093063,1835.715740356721,949.614976137941,-7.012244332171608,-0.5090105643720475,-7.012198854361954,17470.347063123747,0.0,0.1982440594157468,1.9482726234074998,2244157.3495041556,578.2771319026116
60700.0,4550925.849318293,72994.68329298742,4550926.37778898,949.1263585997884,1835.6651564592144,948.9139490395622,-7.008398558760603,-0.5026864362646012,-7.008353811586931,17470.347063123747,0.0,0.1982440594157468,1.9482726234074998,2244157.3495041556,578.2771319026116
60800.0,4551020.72691849,73178.24730559936,4551021.234148443,948.4257083772696,1835.6151992936611,948.2133032557757,-7.004616394604087,-0.49647558357372074,-7.004572364969033,17470.347063123747,0.0,0.1982440594157468,1.9482726234074998,2244157.3495041556,578.2771319026116
60900.0,4551115.534472471,73361.80635336276,4551116.02046213,947.7254332397179,1835.5658576343958,947.5130324858474,-7.0008966656475,-0.49037597518743686,-7.000853340688473,17470.347063123747,0.0,0.1982440594157468,1.9482726234074998,2244157.3495041556,578.2771319026116
61000.0,4551210.272017434,73545.36049727537,4551210.736767233,947.0255270013705,1835.5171204569538,946.8131305452894,-6.99723822047412,-0.4843856180677833,-6.997195587558913,17470.347063123747,0.0,0.1982440594157468,1.9482726234074998,2244157.3495041556,578.2771319026116
61100.0,4551304.939589965,73728.90979724238,4551305.383100331,946.325983590494,1835.468976934302,946.1135913636201,-6.9936399298473635,-0.4785025564989743,-6.993597976569833,17470.347063123747,0.0,0.1982440594157468,1.9482726234074998,2244157.3495041556,578.2771319026116
61200.0,4551399.537226047,73912.45431209602,4551399.9594974,945.6267970471883,1835.4214164331438,945.4144089821689,-6.990100686263044,-0.4727248713516535,-6.990059400438883,17470.347063123747,0.0,0.1982440594157468,1.9482726234074998,2244157.3495041556,578.2771319026116
61300.0,4551494.064961075,74095.99409961469,4551494.465993825,944.9279615212354,1835.3744285102962,944.7155775519251,-6.986619403511203,-0.4670506793626198,-6.986578773173799,17470.347063123747,0.0,0.1982440594157468,1.9482726234074998,2244157.3495041556,578.2771319026116
61400.0,4551588.52282986,74279.52921654188,4551588.902624416,944.2294712699911,1835.3280029091386,944.0170913314308,-6.983195016247289,-0.46147813242960667,-6.983155029643663,17470.347063123747,0.0,0.1982440594157468,1.9482726234074998,2244157.3495041556,578.2771319026116
61500.0,4551682.91086665,74463.05971860455,4551683.26942341,943.5313206563204,1835.2821295561314,943.3189446847157,-6.979826479572378,-0.45600541692065805,-6.979787125159193,17470.347063123747,0.0,0.1982440594157468,1.9482726234074998,2244157.3495041556,578.2771319026116
61600.0,4551777.229105129,74646.58566053135,4551777.566424487,942.8335041465729,1835.2367985574028,942.6211320792733,-6.976512768622444,-0.45063075299816574,-6.976474035062109,17470.347063123747,0.0,0.1982440594157468,1.9482726234074998,2244157.3495041556,578.2771319026116
61700.0,4551871.477578435,74830.10709607035,4551871.7936607795,942.1360163085994,1835.192000195403,941.9236480840781,-6.973252878166367,-0.4453523939569505,-6.9732147543232,17470.347063123747,0.0,0.1982440594157468,1.9482726234074998,2244157.3495041556,578.2771319026116
61800.0,4551965.656319168,75013.6240780066,4551965.95116488,941.4388518098091,1835.1477249256225,941.2264873676428,-6.970045822212414,-0.440168625576118,-6.970008297148894,17470.347063123747,0.0,0.1982440594157468,1.9482726234074998,2244157.3495041556,578.2771319026116
61900.0,4552059.765359401,75197.13665817917,4552060.038968855,940.742005415264,1835.1039633733772,940.5296446961136,-6.966890633623063,-0.4350777654843101,-6.966853696596149,17470.347063123747,0.0,0.1982440594157468,1.9482726234074998,2244157.3495041556,578.2771319026116
62000.0,4552153.804730684,75380.64488749803,4552154.0571042495,940.0454719858132,1835.0607063306527,939.833114931404,-6.963786363738003,-0.43007816253826214,-6.9637500041955205,17470.347063123747,0.0,0.1982440594157468,1.9482726234074998,2244157.3495041556,578.2771319026116
62100.0,4552247.7744640615,75564.14881596057,4552248.005602103,939.3492464762631,1835.0179447530134,939.1368930293667,-6.960732082005092,-0.4251681962141542,-6.960696289582196,17470.347063123747,0.0,0.1982440594157468,1.9482726234074998,2244157.3495041556,578.2771319026116
62200.0,4552341.674590077,75747.64849266778,4552341.884492952,938.6533239335854,1834.9756697565697,938.4409740380001,-6.957726875619056,-0.42034627601154684,-6.957691640134765,17470.347063123747,0.0,0.1982440594157468,1.9482726234074998,2244157.3495041556,578.2771319026116
62300.0,4552435.505138785,75931.14396584017,4552435.693806846,937.9576994951593,1834.9338726150056,937.745353095693,-6.9547698491678736,-0.4156108408697176,-6.954735160621667,17470.347063123747,0.0,0.1982440594157468,1.9482726234074998,2244157.3495041556,578.2771319026116
62400.0,4552529.266139754,76114.63528283335,4552529.4335733475,937.2623683870503,1834.8925447566628,937.0500254295017,-6.9518601242864815,-0.4109603585958532,-6.951825972854954,17470.347063123747,0.0,0.1982440594157468,1.9482726234074998,2244157.3495041556,578.2771319026116
62500.0,4552622.957622084,76298.1224901534,4552623.103821551,936.567325922322,1834.8516777616824,936.3549863534636,-6.948996839317901,-0.4063933253052724,-6.948963215351506,17470.347063123747,0.0,0.1982440594157468,1.9482726234074998,2244157.3495041556,578.2771319026116
62600.0,4552716.579614406,76481.60563347189,4552716.704580084,935.8725674993823,1834.8112633592013,935.660231266943,-6.946179148981365,-0.40190826487297293,-6.946146043001195,17470.347063123747,0.0,0.1982440594157468,1.9482726234074998,2244157.3495041556,578.2771319026116
62700.0,4552810.132144901,76665.08475764064,4552810.23587712,935.178088600362,1834.7712934246038,934.9657556530101,-6.943406224047292,-0.39750372839627235,-6.9433736267419395,17470.347063123747,0.0,0.1982440594157468,1.9482726234074998,2244157.3495041556,578.2771319026116
62800.0,4552903.615241297,76848.55990670618,4552903.6977403825,934.4838847895254,1834.7317599768244,934.2715550768521,-6.940677251019312,-0.3931782936688906,-6.940645153241776,17470.347063123747,0.0,0.1982440594157468,1.9482726234074998,2244157.3495041556,578.2771319026116
62900.0,4552997.028930884,77032.03112392404,4552997.090197158,933.7899517117129,1834.6926551757058,933.577625184216,-6.9379914318227005,-0.3889305646654076,-6.93795982458737,17470.347063123747,0.0,0.1982440594157468,1.9482726234074998,2244157.3495041556,578.2771319026116
63000.0,4553090.373240521,77215.49845177264,4553090.413274299,933.0962850908139,1834.653971319405,932.8839616998819,-6.935347983499478,-0.3847591710365451,-6.935316857979161,17470.347063123747,0.0,0.1982440594157468,1.9482726234074998,2244157.3495041556,578.2771319026116
63100.0,4553183.648196644,77398.96193196703,4553183.666998238,932.4028807282704,1834.6157008418506,932.1905604261666,-6.932746137909648,-0.380662767614374,-6.93271548543266,17470.347063123747,0.0,0.1982440594157468,1.9482726234074998,2244157.3495041556,578.2771319026116
63200.0,4553276.853825271,77582.42160547235,4553276.851394988,931.7097345016095,1834.5778363102495,931.4974172414569,-6.930185141438844,-0.376640033927979,-6.930154953486155,17470.347063123747,0.0,0.1982440594157468,1.9482726234074998,2244157.3495041556,578.2771319026116
63300.0,4553369.9901520135,77765.87751251704,4553369.966490154,931.0168423630057,1834.5403704226403,930.8045280987715,-6.92766425471188,-0.3726896737286383,-6.927634522914315,17470.347063123747,0.0,0.1982440594157468,1.9482726234074998,2244157.3495041556,578.2771319026116
63400.0,4553463.05720208,77949.32969260572,4553463.012308943,930.3242003378705,1834.5032960054948,930.1118890243514,-6.925182752312412,-0.368810414524983,-6.925153468447904,17470.347063123747,0.0,0.1982440594157468,1.9482726234074998,2244157.3495041556,578.2771319026116
63500.0,4553556.0550002875,78132.77818453206,4553555.988876165,929.6318045234707,1834.4666060113655,929.4194961162785,-6.9227399225082955,-0.3650010071273681,-6.922711078499194,17470.347063123747,0.0,0.1982440594157468,1.9482726234074998,2244157.3495041556,578.2771319026116
63600.0,4553648.983571064,78316.22302639113,4553648.896216244,928.9396510875732,1834.430293516577,928.7273455431205,-6.920335066982457,-0.36126022520124557,-6.9203066548928875,17470.347063123747,0.0,0.1982440594157468,1.9482726234074998,2244157.3495041556,578.2771319026116
63700.0,4553741.842938459,78499.66425559178,4553741.734353226,928.2477362671171,1834.394351718963,928.0354335426028,-6.917967500569756,-0.35758686483021385,-6.917939512603024,17470.347063123747,0.0,0.1982440594157468,1.9482726234074998,2244157.3495041556,578.2771319026116
63800.0,4553834.633126148,78683.10190886857,4553834.503310782,927.5560563669111,1834.3587739356458,927.343756420307,-6.915636550998776,-0.3539797440871476,-6.9156089794948326,17470.347063123747,0.0,0.1982440594157468,1.9482726234074998,2244157.3495041556,578.2771319026116
63900.0,4553927.354157442,78866.5360222937,4553927.2031122185,926.8646077583567,1834.3235536008585,926.652310548394,-6.913341558639284,-0.3504377026145035,-6.913314396072229,17470.347063123747,0.0,0.1982440594157468,1.9482726234074998,2244157.3495041556,578.2771319026116
64000.0,4554020.006055291,79049.96663128852,4554019.8337804815,926.1733868781968,1834.2886842638088,925.9610923643526,-6.911081876254713,-0.3469596012128004,-6.911055115230347,17470.347063123747,0.0,0.1982440594157468,1.9482726234074998,2244157.3495041556,578.2771319026116
64100.0,4554112.588842292,79233.39377063498,4554112.395338165,925.4823902272884,1834.254159586583,925.2700983697728,-6.9088568687597505,-0.3435443214374466,-6.908830502013186,17470.347063123747,0.0,0.1982440594157468,1.9482726234074998,2244157.3495041556,578.2771319026116
64200.0,4554205.102540696,79416.81747448679,4554204.8878075145,924.7916143693997,1834.2199733420907,924.5793251291427,-6.906665912982986,-0.3401907652037505,-6.906639933376283,17470.347063123747,0.0,0.1982440594157468,1.9482726234074998,2244157.3495041556,578.2771319026116
64300.0,4554297.547172413,79600.2377763804,4554297.311210437,924.1010559300295,1834.1861194120484,923.888769268669,-6.90450839743424,-0.33689785439959746,-6.9044827979541,17470.347063123747,0.0,0.1982440594157468,1.9482726234074998,2244157.3495041556,578.2771319026116
64400.0,4554389.922759019,79783.6547092458,4554389.665568504,923.4107115952514,1834.1525917850006,923.1984274751203,-6.902383722076825,-0.33366453050614564,-6.902358495832332,17470.347063123747,0.0,0.1982440594157468,1.9482726234074998,2244157.3495041556,578.2771319026116
64500.0,4554482.22932176,79967.06830541712,4554481.950902958,922.7205781105794,1834.1193845543798,922.5082964946936,-6.900291298104423,-0.33048975422604643,-6.900266438324818,17470.347063123747,0.0,0.1982440594157468,1.9482726234074998,2244157.3495041556,578.2771319026116
64600.0,4554574.466881562,80150.47859664296,4554574.1672347225,922.0306522798554,1834.0864919166024,921.818373131902,-6.898230547722377,-0.32737250511887056,-6.898206047754878,17470.347063123747,0.0,0.1982440594157468,1.9482726234074998,2244157.3495041556,578.2771319026116
64700.0,4554666.635459033,80333.88561409665,4554666.3145844005,921.3409309641595,1834.0539081692007,921.1286542484851,-6.89620090393364,-0.3243117812441053,-6.896176757241307,17470.347063123747,0.0,0.1982440594157468,1.9482726234074998,2244157.3495041556,578.2771319026116
64800.0,4554758.735074469,80517.28938838624,4554758.392972286,920.6514110807401,1834.0216277089908,920.4391367623392,-6.894201810328954,-0.32130659881108875,-6.894178010488588,17470.347063123747,0.0,0.1982440594157468,1.9482726234074998,2244157.3495041556,578.2771319026116
64900.0,4554850.765747862,80700.68994956436,4554850.402418366,919.9620896019658,1833.9896450302747,919.7498176464698,-6.89223272088131,-0.31835599183590474,-6.892209261581394,17470.347063123747,0.0,0.1982440594157468,1.9482726234074998,2244157.3495041556,578.2771319026116
65000.0,4554942.727498903,80884.08732713788,4554942.342942328,919.2729635542972,1833.9579547230767,919.060693927963,-6.890293099744652,-0.31545901180521857,-6.890269974783334,17470.347063123747,0.0,0.1982440594157468,1.9482726234074998,2244157.3495041556,578.2771319026116
65100.0,4555034.6203469895,81067.48155007737,4555034.214563567,918.5840300172788,1833.9265514714123,918.3717626869782,-6.8883824210564955,-0.3126147273464951,-6.88835962433961,17470.347063123747,0.0,0.1982440594157468,1.9482726234074998,2244157.3495041556,578.2771319026116
65200.0,4555126.444311228,81250.87264682644,4555126.017301186,917.89528612255,1833.8954300515907,917.6830210557589,-6.886500168744789,-0.30982222390517566,-6.886477694283906,17470.347063123747,0.0,0.1982440594157468,1.9482726234074998,2244157.3495041556,578.2771319026116
65300.0,4555218.199410441,81434.26064531086,4555217.751174005,917.2067290528761,1833.8645853305493,916.9944662176639,-6.884645836338442,-0.30708060342781157,-6.884623678248967,17470.347063123747,0.0,0.1982440594157468,1.9482726234074998,2244157.3495041556,578.2771319026116
65400.0,4555309.885663173,81617.64557294759,4555309.416200563,916.518356041197,1833.8340122642182,916.3060954062165,-6.882818926781873,-0.30438898405179243,-6.882797079281172,17470.347063123747,0.0,0.1982440594157468,1.9482726234074998,2244157.3495041556,578.2771319026116
65500.0,4555401.503087694,81801.02745665352,4555401.01239913,915.8301643696949,1833.8037058959176,915.6179059041723,-6.881018952253106,-0.3017464998008869,-6.880997409658668,17470.347063123747,0.0,0.1982440594157468,1.9482726234074998,2244157.3495041556,578.2771319026116
65600.0,4555493.051702003,81984.40632285422,4555492.5397876995,915.1421513688801,1833.7736613547827,914.9298950426048,-6.879245433985815,-0.2991523002872233,-6.879224190713453,17470.347063123747,0.0,0.1982440594157468,1.9482726234074998,2244157.3495041556,578.2771319026116
65700.0,4555584.531523836,82167.78219749239,4555583.998384005,914.4543144166943,1833.743873854221,914.2420602000091,-6.877497902094606,-0.2966055504185775,-6.8774769526566875,17470.347063123747,0.0,0.1982440594157468,1.9482726234074998,2244157.3495041556,578.2771319026116
65800.0,4555675.942570669,82351.15510603618,4555675.388205521,913.7666509376302,1833.7143386903956,913.554398801422,-6.875775895404086,-0.2941054301118694,-6.875755234407798,17470.347063123747,0.0,0.1982440594157468,1.9482726234074998,2244157.3495041556,578.2771319026116
65900.0,4555767.284859722,82534.52507348749,4555766.709269463,913.0791584018699,1833.68505124074,912.8669083175606,-6.874078961281278,-0.2916511340121245,-6.874058583426926,17470.347063123747,0.0,0.1982440594157468,1.9482726234074998,2244157.3495041556,578.2771319026116
66000.0,4555858.558407964,82717.89212438992,4555857.961592799,912.3918343244387,1833.6560069624977,912.1795862639751,-6.872406655471345,-0.28924187121688916,-6.8723865555506825,17470.347063123747,0.0,0.1982440594157468,1.9482726234074998,2244157.3495041556,578.2771319026116
66100.0,4555949.76323212,82901.25628283678,4555949.145192249,911.7046762643749,1833.6272013912915,911.4924302002203,-6.870758541936719,-0.2868768650061764,-6.8707387148313055,17470.347063123747,0.0,0.1982440594157468,1.9482726234074998,2244157.3495041556,578.2771319026116
66200.0,4556040.899348672,83084.61757247873,4556040.260084292,911.0176818239164,1833.598630139718,910.8054377290415,-6.869134192699291,-0.2845553525774923,-6.869114633378884,17470.347063123747,0.0,0.1982440594157468,1.9482726234074998,2244157.3495041556,578.2771319026116
66300.0,4556131.966773861,83267.97601653154,4556131.306285169,910.3308486477024,1833.5702888959686,910.1186064955766,-6.867533187685965,-0.2822765847863482,-6.867513891206948,17470.347063123747,0.0,0.1982440594157468,1.9482726234074998,2244157.3495041556,578.2771319026116
66400.0,4556222.965523699,83451.3316377835,4556222.283810888,909.6441744219903,1833.5421734224776,909.4319341865732,-6.865955114577149,-0.28003982589156673,-6.865936076080971,17470.347063123747,0.0,0.1982440594157468,1.9482726234074998,2244157.3495041556,578.2771319026116
66500.0,4556313.895613967,83634.68445860279,4556313.192677228,908.9576568738884,1833.5142795545933,908.745418529621,-6.864399568658316,-0.2778443533056967,-6.864380783369977,17470.347063123747,0.0,0.1982440594157468,1.9482726234074998,2244157.3495041556,578.2771319026116
66600.0,4556404.757060221,83818.03450094473,4556404.032899741,908.2712937706018,1833.4866031992751,908.0590572923987,-6.862866152674466,-0.2756894573501524,-6.862847615901029,17470.347063123747,0.0,0.1982440594157468,1.9482726234074998,2244157.3495041556,578.2771319026116
66700.0,4556495.549877796,84001.38178635888,4556494.804493761,907.5850829186944,1833.4591403338154,907.3728482819355,-6.861354476687649,-0.273574441015353,-6.861336183816766,17470.347063123747,0.0,0.1982440594157468,1.9482726234074998,2244157.3495041556,578.2771319026116
66800.0,4556586.2740818085,84184.72633599595,4556585.5074744,906.8990221633637,1833.4318870045834,906.686789343886,-6.859864157937173,-0.27149861972535183,-6.859846104435655,17470.347063123747,0.0,0.1982440594157468,1.9482726234074998,2244157.3495041556,578.2771319026116
66900.0,4556676.929687162,84368.06817061472,4556676.141856561,906.2131093877302,1833.4048393257938,906.0008783618201,-6.858394820702595,-0.26946132110697374,-6.858377002115,17470.347063123747,0.0,0.1982440594157468,1.9482726234074998,2244157.3495041556,578.2771319026116
67000.0,4556767.51670855,84551.40731058872,4556766.707654935,905.5273425121402,1833.3779934782983,905.3151132565259,-6.856946096169583,-0.2674618847637019,-6.856928508116828,17470.347063123747,0.0,0.1982440594157468,1.9482726234074998,2244157.3495041556,578.2771319026116
67100.0,4556858.03516046,84734.74377591287,4556857.204884008,904.8417194934813,1833.3513457083986,904.6294919853251,-6.855517622298226,-0.265499662053609,-6.855500260476234,17470.347063123747,0.0,0.1982440594157468,1.9482726234074998,2244157.3495041556,578.2771319026116
67200.0,4556948.485057177,84918.07758620991,4556947.63355806,904.1562383245118,1833.3248923266817,903.9440125414029,-6.854109043694111,-0.2635740158718238,-6.854091903872471,17470.347063123747,0.0,0.1982440594157468,1.9482726234074998,2244157.3495041556,578.2771319026116
67300.0,4557038.866412788,85101.40876073684,4557037.993691177,903.4708970332027,1833.2986297068776,903.2586729531495,-6.852720011481936,-0.261684320437168,-6.852703089502598,17470.347063123747,0.0,0.1982440594157468,1.9482726234074998,2244157.3495041556,578.2771319026116
67400.0,4557129.179241182,85284.73731839113,4557128.285297248,902.7856936820916,1833.2725542847363,902.5734712835148,-6.851350183181533,-0.25982996108279327,-6.851333474957526,17470.347063123747,0.0,0.1982440594157468,1.9482726234074998,2244157.3495041556,578.2771319026116
67500.0,4557219.423556059,85468.06327771685,4557218.5083899675,902.1006263676494,1833.246662556928,901.8884056293748,-6.849999222586456,-0.2580103340510207,-6.849982724100625,17470.347063123747,0.0,0.1982440594157468,1.9482726234074998,2244157.3495041556,578.2771319026116
67600.0,4557309.599370928,85651.38665691079,4557308.662982845,901.4156932196589,1833.2209510799612,901.2034741209108,-6.8486667996448904,-0.2562248462920147,-6.848650506948649,17470.347063123747,0.0,0.1982440594157468,1.9482726234074998,2244157.3495041556,578.2771319026116
67700.0,4557399.706699113,85834.7074738283,4557398.749089202,900.7308924006053,1833.1954164691224,900.5186749209993,-6.847352590342928,-0.25447291526637766,-6.847336499555059,17470.347063123747,0.0,0.1982440594157468,1.9482726234074998,2244157.3495041556,578.2771319026116
67800.0,4557489.745553758,86018.02574598917,4557488.766722179,900.0462221050781,1833.1700553974347,899.8340062246147,-6.846056276590173,-0.25275396875156797,-6.846040383895626,17470.347063123747,0.0,0.1982440594157468,1.9482726234074998,2244157.3495041556,578.2771319026116
67900.0,4557579.715947825,86201.34149058333,4557578.715894737,899.3616805591842,1833.1448645946352,899.1494662582421,-6.844777546107555,-0.2510674446519666,-6.844761847756278,17470.347063123747,0.0,0.1982440594157468,1.9482726234074998,2244157.3495041556,578.2771319026116
68000.0,4557669.617894103,86384.6547244765,4557668.596619663,898.6772660199725,1833.1198408461723,898.4650532793023,-6.843516092317395,-0.2494127908126865,-6.843500584623184,17470.347063123747,0.0,0.1982440594157468,1.9482726234074998,2244157.3495041556,578.2771319026116
68100.0,4557759.451405206,86567.96546421564,4557758.408909569,897.9929767748694,1833.0949809922204,897.780765575587,-6.842271614235593,-0.247789464836855,-6.842256293574967,17470.347063123747,0.0,0.1982440594157468,1.9482726234074998,2244157.3495041556,578.2771319026116
68200.0,4557849.216493579,86751.27372603447,4557848.152776898,897.3088111411239,1833.070281926713,897.0966014647046,-6.8410438163659455,-0.24619693390645236,-6.841028679177037,17470.347063123747,0.0,0.1982440594157468,1.9482726234074998,2244157.3495041556,578.2771319026116
68300.0,4557938.913171499,86934.57952585875,4557937.828233927,896.624767465265,1833.0457405963944,896.4125592935371,-6.8398324085965845,-0.24463467460662658,-6.839817451378053,17470.347063123747,0.0,0.1982440594157468,1.9482726234074998,2244157.3495041556,578.2771319026116
68400.0,4558028.541451083,87117.88287931148,4558027.435292767,895.9408441225676,1833.0213539998863,895.7286374377068,-6.838637106098331,-0.24310217275320178,-6.838622325408295,17470.347063123747,0.0,0.1982440594157468,1.9482726234074998,2244157.3495041556,578.2771319026116
68500.0,4558118.101344282,87301.1838017181,4558116.973965372,895.2570395165297,1832.9971191867753,895.0448343010527,-6.837457629225188,-0.24159892322371113,-6.83744302168018,17470.347063123747,0.0,0.1982440594157468,1.9482726234074998,2244157.3495041556,578.2771319026116
68600.0,4558207.592862892,87484.48230811153,4558206.444263533,894.5733520783589,1832.973033256714,894.3611483151179,-6.836293703416641,-0.24012442979143558,-6.836279265690573,17470.347063123747,0.0,0.1982440594157468,1.9482726234074998,2244157.3495041556,578.2771319026116
68700.0,4558297.016018552,87667.7784132371,4558295.8461988885,893.8897802664684,1832.9490933585391,893.6775779386455,-6.835145059101959,-0.2386782049627606,-6.835130787925127,17470.347063123747,0.0,0.1982440594157468,1.9482726234074998,2244157.3495041556,578.2771319026116
68800.0,4558386.370822749,87851.07213155746,4558385.179782923,893.2063225659829,1832.9252966894073,892.9941216570844,-6.834011431606342,-0.23725976981755384,-6.833997323764414,17470.347063123747,0.0,0.1982440594157468,1.9482726234074998,2244157.3495041556,578.2771319026116
68900.0,4558475.657286819,88034.36347725737,4558474.445026973,892.5229774882537,1832.9016404939448,892.3107779821046,-6.8328925610588955,-0.2358686538526386,-6.832878613391958,17470.347063123747,0.0,0.1982440594157468,1.9482726234074998,2244157.3495041556,578.2771319026116
69000.0,4558564.8754219515,88217.65246424836,4558563.641942224,891.8397435703828,1832.878122063414,891.6275454511214,-6.831788192302388,-0.23450439482816238,-6.831774401703976,17470.347063123747,0.0,0.1982440594157468,1.9482726234074998,2244157.3495041556,578.2771319026116
69100.0,4558654.02523919,88400.93910617339,4558652.77053972,891.1566193747559,1832.8547387348938,890.9444226268283,-6.830698074804789,-0.23316653861696418,-6.83068443822096,17470.347063123747,0.0,0.1982440594157468,1.9482726234074998,2244157.3495041556,578.2771319026116
69200.0,4558743.106749437,88584.2234164114,4558741.830830359,890.4736034885842,1832.8314878904769,890.2614080967396,-6.829621962572502,-0.2318546390567305,-6.829608477000903,17470.347063123747,0.0,0.1982440594157468,1.9482726234074998,2244157.3495041556,578.2771319026116
69300.0,4558832.119963452,88767.50540808176,4558830.822824902,889.790694523455,1832.80836695648,889.5785004727402,-6.82855961406533,-0.2305682578050442,-6.828546276554307,17470.347063123747,0.0,0.1982440594157468,1.9482726234074998,2244157.3495041556,578.2771319026116
69400.0,4558921.06489186,88950.78509404864,4558919.746533971,889.1078911148904,1832.785373402669,888.8956983906447,-6.827510792113047,-0.22930696419708954,-6.827497599760748,17470.347063123747,0.0,0.1982440594157468,1.9482726234074998,2244157.3495041556,578.2771319026116
69500.0,4559009.941545148,89134.06248692532,4559008.601968054,888.4251919219143,1832.7625047414979,888.213000509765,-6.826475263833604,-0.22807033510608332,-6.826462213787108,17470.347063123747,0.0,0.1982440594157468,1.9482726234074998,2244157.3495041556,578.2771319026116
69600.0,4559098.749933674,89317.33759907846,4559097.389137503,887.742595626628,1832.7397585273623,887.5304055124851,-6.82545280055293,-0.22685795480636628,-6.825439890007396,17470.347063123747,0.0,0.1982440594157468,1.9482726234074998,2244157.3495041556,578.2771319026116
69700.0,4559187.490067661,89500.61044263217,4559186.108052542,887.0601009337929,1832.7171323558662,886.8479121038446,-6.82444317772629,-0.22566941483905914,-6.824430403924115,17470.347063123747,0.0,0.1982440594157468,1.9482726234074998,2244157.3495041556,578.2771319026116
69800.0,4559276.161957205,89683.8810294722,4559274.758723267,886.3777065704215,1832.6946238631015,886.1655190111295,-6.823446174861169,-0.22450431388027317,-6.823433535091158,17470.347063123747,0.0,0.1982440594157468,1.9482726234074998,2244157.3495041556,578.2771319026116
69900.0,4559364.765612277,89867.14937124989,4559363.341159646,885.6954112853765,1832.672230724941,885.4832249834711,-6.822461575441601,-0.22336225761175726,-6.822449067038168,17470.347063123747,0.0,0.1982440594157468,1.9482726234074998,2244157.3495041556,578.2771319026116
70000.0,4559453.3010427235,90050.41547938612,4559451.855371525,885.0132138489761,1832.6499506563446,884.8010287914522,-6.821489166854043,-0.22224285859406087,-6.821476787196403,17470.347063123747,0.0,0.1982440594157468,1.9482726234074998,2244157.3495041556,578.2771319026116
70100.0,4559541.768258268,90233.67936507521,4559540.301368625,884.331113052608,1832.627781410677,884.1189292267201,-6.820528740314591,-0.2211457361419868,-6.820516486825986,17470.347063123747,0.0,0.1982440594157468,1.9482726234074998,2244157.3495041556,578.2771319026116
70200.0,4559630.167268516,90416.94103928868,4559628.679160551,883.6491077083496,1832.6057207790393,883.4369251016078,-6.819580090797706,-0.22007051620252122,-6.819567960944641,17470.347063123747,0.0,0.1982440594157468,1.9482726234074998,2244157.3495041556,578.2771319026116
70300.0,4559718.498082953,90600.20051277905,4559716.988756788,882.967196648596,1832.5837665896108,882.7550152487618,-6.818643016966195,-0.21901683123489518,-6.818631008257681,17470.347063123747,0.0,0.1982440594157468,1.9482726234074998,2244157.3495041556,578.2771319026116
70400.0,4559806.76071095,90783.45779608346,4559805.230166705,882.2853787256944,1832.5619167070047,882.073198520776,-6.8177173211026565,-0.2179843200930495,-6.817705431089468,17470.347063123747,0.0,0.1982440594157468,1.9482726234074998,2244157.3495041556,578.2771319026116
70500.0,4559894.955161765,90966.71289952731,4559893.403399559,881.6036528115856,1832.5401690316335,881.3914737898343,-6.816802809042161,-0.21697262791021021,-6.816791035316118,17470.347063123747,0.0,0.1982440594157468,1.9482726234074998,2244157.3495041556,578.2771319026116
70600.0,4559983.081444543,91149.96583322782,4559981.508464493,880.922017797452,1832.518521499087,880.7098399473579,-6.815899290106286,-0.21598140598566512,-6.815887630299536,17470.347063123747,0.0,0.1982440594157468,1.9482726234074998,2244157.3495041556,578.2771319026116
70700.0,4560071.139568319,91333.2166070975,4560069.5453705415,880.2404725933723,1832.496972079522,880.02829590366,-6.815006577038342,-0.215010311673616,-6.8149950288226595,17470.347063123747,0.0,0.1982440594157468,1.9482726234074998,2244157.3495041556,578.2771319026116
70800.0,4560159.129542019,91516.46523084758,4560157.514126631,879.5590161279821,1832.4755187770613,879.3468405876075,-6.814124485939963,-0.21405900827420832,-6.814113047026064,17470.347063123747,0.0,0.1982440594157468,1.9482726234074998,2244157.3495041556,578.2771319026116
70900.0,4560247.051374467,91699.71171399136,4560245.414741582,878.877647348142,1832.4541596292047,878.6654729462877,-6.813252836208771,-0.21312716492646666,-6.813241504345638,17470.347063123747,0.0,0.1982440594157468,1.9482726234074998,2244157.3495041556,578.2771319026116
71000.0,4560334.905074378,91882.95606584754,4560333.247224109,878.1963652186103,1832.4328927062509,877.9841919446822,-6.812391450477404,-0.21221445650340315,-6.812380223451623,17470.347063123747,0.0,0.1982440594157468,1.9482726234074998,2244157.3495041556,578.2771319026116
71100.0,4560422.690650365,92066.19829554348,4560421.011582825,877.5151687217228,1832.4117161107288,877.3029965653462,-6.811540154553519,-0.2113205635088622,-6.811529030188626,17470.347063123747,0.0,0.1982440594157468,1.9482726234074998,2244157.3495041556,578.2771319026116
71200.0,4560510.408110943,92249.43841201837,4560508.707826243,876.8340568570784,1832.3906279768394,876.6218858080946,-6.810698777361134,-0.21044517197651635,-6.810687753516978,17470.347063123747,0.0,0.1982440594157468,1.9482726234074998,2244157.3495041556,578.2771319026116
71300.0,4560598.057464524,92432.67642402637,4560596.335962775,876.15302864123,1832.369626469908,875.9408586896924,-6.809867150882939,-0.20958797337056248,-6.809856225455054,17470.347063123747,0.0,0.1982440594157468,1.9482726234074998,2244157.3495041556,578.2771319026116
71400.0,4560685.6387194265,92615.91234013974,4560683.896000737,875.4720831073816,1832.3487097858465,875.2599142435524,-6.8090451101038,-0.20874866448838209,-6.809034281022788,17470.347063123747,0.0,0.1982440594157468,1.9482726234074998,2244157.3495041556,578.2771319026116
71500.0,4560773.15188387,92799.1461687518,4560771.387948348,874.7912193050912,1832.3278761506238,874.5790515194377,-6.808232492955346,-0.2079269473649868,-6.808221758186269,17470.347063123747,0.0,0.1982440594157468,1.9482726234074998,2244157.3495041556,578.2771319026116
71600.0,4560860.596965981,92982.37791807998,4560858.811813734,874.1104362999783,1832.3071238197474,873.8982695831697,-6.807429140261547,-0.20712252917920235,-6.807418497803337,17470.347063123747,0.0,0.1982440594157468,1.9482726234074998,2244157.3495041556,578.2771319026116
71700.0,4560947.973973793,93165.60759616867,4560946.167604927,873.4297331734379,1832.286451077754,873.2175675163417,-6.806634895685371,-0.20633512216161112,-6.806624343570243,17470.347063123747,0.0,0.1982440594157468,1.9482726234074998,2244157.3495041556,578.2771319026116
71800.0,4561035.282915249,93348.83521089221,4561033.455329869,872.7491090223585,1832.265856237708,872.5369444160375,-6.805849605676512,-0.20556444350427983,-6.805839141969392,17470.347063123747,0.0,0.1982440594157468,1.9482726234074998,2244157.3495041556,578.2771319026116
71900.0,4561122.5237982,93532.0607699576,4561120.674996412,872.068562958847,1832.2453376407104,871.8563993945556,-6.8050731194199985,-0.20481021527203266,-6.805062742217958,17470.347063123747,0.0,0.1982440594157468,1.9482726234074998,2244157.3495041556,578.2771319026116
72000.0,4561209.696630414,93715.28428090738,4561207.826612322,871.3880941099566,1832.2248936554158,871.1759315791383,-6.804305288785862,-0.204072164315445,-6.804294996217567,17470.347063123747,0.0,0.1982440594157468,1.9482726234074998,2244157.3495041556,578.2771319026116
72100.0,4561296.801419567,93898.50575112224,4561294.910185274,870.7077016174215,1832.2045226775579,870.4955401117052,-6.803545968279768,-0.20335002218547615,-6.803535758504932,17470.347063123747,0.0,0.1982440594157468,1.9482726234074998,2244157.3495041556,578.2771319026116
72200.0,4561383.838173254,94081.72518782385,4561381.925722861,870.0273846373959,1832.1842231294836,869.8152241485928,-6.802795014994539,-0.20264352504961078,-6.802784886203392,17470.347063123747,0.0,0.1982440594157468,1.9482726234074998,2244157.3495041556,578.2771319026116
72300.0,4561470.806898984,94264.94259807738,4561468.873232592,869.3471423401968,1832.163993459696,869.134982860298,-6.802052288562625,-0.20195241360959293,-6.802042238975388,17470.347063123747,0.0,0.1982440594157468,1.9482726234074998,2244157.3495041556,578.2771319026116
72400.0,4561557.707604185,94448.15798879416,4561555.7527218945,868.6669739100532,1832.1438321424046,868.454815431226,-6.801317651109472,-0.20127643302066672,-6.801307678975844,17470.347063123747,0.0,0.1982440594157468,1.9482726234074998,2244157.3495041556,578.2771319026116
72500.0,4561644.540296202,94631.37136673422,4561642.564198114,867.986878544859,1832.1237376770837,867.7747210594443,-6.800590967207787,-0.2006153328123298,-6.800581070806439,17470.347063123747,0.0,0.1982440594157468,1.9482726234074998,2244157.3495041556,578.2771319026116
72600.0,4561731.304982303,94814.58273850876,4561729.3076685155,867.30685545593,1832.1037085880396,867.0946989564394,-6.799872103832664,-0.19996886681053247,-6.799862281470735,17470.347063123747,0.0,0.1982440594157468,1.9482726234074998,2244157.3495041556,578.2771319026116
72700.0,4561818.001669676,94997.79211058264,4561815.983140288,866.6269038677663,1832.083743423984,866.4147483468794,-6.79916093031754,-0.19933679306130006,-6.799151180330161,17470.347063123747,0.0,0.1982440594157468,1.9482726234074998,2244157.3495041556,578.2771319026116
72800.0,4561904.630365434,95180.99948927679,4561902.590620542,865.9470230178185,1832.0638407576166,865.73486846838,-6.7984573183109855,-0.19871887375575642,-6.798447639060792,17470.347063123747,0.0,0.1982440594157468,1.9482726234074998,2244157.3495041556,578.2771319026116
72900.0,4561991.191076613,95364.2048807706,4561989.130116314,865.2672121562587,1832.0439991852134,865.0550585712755,-6.797761141734391,-0.19811487515660428,-6.797751531611055,17470.347063123747,0.0,0.1982440594157468,1.9482726234074998,2244157.3495041556,578.2771319026116
73000.0,4562077.683810174,95547.40829110425,4562075.601634564,864.5874705457545,1832.0242173262236,864.3753179183934,-6.797072276740338,-0.19752456752585473,-6.797062734160106,17470.347063123747,0.0,0.1982440594157468,1.9482726234074998,2244157.3495041556,578.2771319026116
73100.0,4562164.1085730065,95730.609726181,4562162.0051821815,863.9077974612487,1832.0044938228734,863.6956457848335,-6.796390601671822,-0.19694772505393804,-6.796381125077058,17470.347063123747,0.0,0.1982440594157468,1.9482726234074998,2244157.3495041556,578.2771319026116
73200.0,4562250.465371927,95913.80919176947,4562248.340765982,863.2281921897418,1831.9848273397765,863.0160414577506,-6.795715997022241,-0.196384125790121,-6.795706584880984,17470.347063123747,0.0,0.1982440594157468,1.9482726234074998,2244157.3495041556,578.2771319026116
73300.0,4562336.754213681,96097.00669350583,4562334.60839271,862.548654030079,1831.9652165635512,862.3365042361421,-6.795048345396142,-0.19583355157419616,-6.7950389962016615,17470.347063123747,0.0,0.1982440594157468,1.9482726234074998,2244157.3495041556,578.2771319026116
73400.0,4562422.975104947,96280.20223689599,4562420.808069043,861.8691822927412,1831.9456602024452,861.6570334306384,-6.794387531470664,-0.19529578796938724,-6.79437824374104,17470.347063123747,0.0,0.1982440594157468,1.9482726234074998,2244157.3495041556,578.2771319026116
73500.0,4562509.1280523315,96463.39582731777,4562506.939801588,861.1897762996398,1831.9261569859666,860.9776283632975,-6.793733441957768,-0.19477062419653937,-6.793724214235456,17470.347063123747,0.0,0.1982440594157468,1.9482726234074998,2244157.3495041556,578.2771319026116
73600.0,4562595.213062376,96646.58747002299,4562593.003596885,860.5104353839143,1831.9067056645213,860.2982883674038,-6.793085965567165,-0.19425785306951274,-6.793076796418591,17470.347063123747,0.0,0.1982440594157468,1.9482726234074998,2244157.3495041556,578.2771319026116
73700.0,4562681.230141555,96829.77717013951,4562678.999461409,859.8311588897353,1831.8873050090567,859.6190127872698,-6.792444992969896,-0.19375727093169542,-6.79243588098504,17470.347063123747,0.0,0.1982440594157468,1.9482726234074998,2244157.3495041556,578.2771319026116
73800.0,4562767.179296279,97012.96493267333,4562764.927401568,859.1519461721094,1831.867953810712,858.939800978042,-6.791810416762642,-0.19326867759373603,-6.791801360554641,17470.347063123747,0.0,0.1982440594157468,1.9482726234074998,2244157.3495041556,578.2771319026116
73900.0,4562853.060532894,97196.15076251056,4562850.7874237085,858.4727965966889,1831.8486508804742,858.2606523055102,-6.7911821314327065,-0.1927918762724181,-6.791173129637462,17470.347063123747,0.0,0.1982440594157468,1.9482726234074998,2244157.3495041556,578.2771319026116
74000.0,4562938.873857683,97379.33466441935,4562936.5795341125,857.7937095395841,1831.8293950488414,857.5815661459203,-6.790560033323625,-0.1923266735305967,-6.790551084599413,17470.347063123747,0.0,0.1982440594157468,1.9482726234074998,2244157.3495041556,578.2771319026116
74100.0,4563024.619276865,97562.5166430519,4563022.303739001,857.1146843871799,1831.8101851654903,856.9025418857899,-6.789944020601433,-0.191872879218291,-6.789935123628528,17470.347063123747,0.0,0.1982440594157468,1.9482726234074998,2244157.3495041556,578.2771319026116
74200.0,4563110.296796603,97745.69670294631,4563107.960044533,856.4357205359543,1831.7910200989506,856.2235789217283,-6.789333993221602,-0.1914303064148291,-6.789325146701897,17470.347063123747,0.0,0.1982440594157468,1.9482726234074998,2244157.3495041556,578.2771319026116
74300.0,4563195.906422996,97928.87484852846,4563193.548456809,855.7568173923021,1831.7718987362853,855.5446766602588,-6.788729852896533,-0.19099877137202653,-6.788721055553178,17470.347063123747,0.0,0.1982440594157468,1.9482726234074998,2244157.3495041556,578.2771319026116
74400.0,4563281.448162085,98112.05108411385,4563279.068981869,855.0779743723602,1831.7528199827752,854.8658345176449,-6.788131503063688,-0.19057809345842103,-6.788122753640729,17470.347063123747,0.0,0.1982440594157468,1.9482726234074998,2244157.3495041556,578.2771319026116
74500.0,4563366.922019855,98295.2254139094,4563364.521625698,854.399190901837,1831.7337827616113,854.1870519197195,-6.787538848854353,-0.1901680951045373,-6.787530146116376,17470.347063123747,0.0,0.1982440594157468,1.9482726234074998,2244157.3495041556,578.2771319026116
74600.0,4563452.328002232,98478.39784201526,4563449.90639422,853.7204664158438,1831.7147860135908,853.5083283017166,-6.786951797062913,-0.18976860174910648,-6.786943139794697,17470.347063123747,0.0,0.1982440594157468,1.9482726234074998,2244157.3495041556,578.2771319026116
74700.0,4563537.6661150865,98661.56837242648,4563535.223293306,853.0418003587312,1831.6958286968181,852.8296631081072,-6.786370256116776,-0.18937944178630808,-6.786361643122952,17470.347063123747,0.0,0.1982440594157468,1.9482726234074998,2244157.3495041556,578.2771319026116
74800.0,4563622.9363642335,98844.73700903481,4563620.472328771,852.3631921839262,1831.6769097864135,852.151055792437,-6.785794136046816,-0.18900044651394557,-6.785785566151528,17470.347063123747,0.0,0.1982440594157468,1.9482726234074998,2244157.3495041556,578.2771319026116
74900.0,4563708.138755435,99027.90375563035,4563705.653506376,851.684641353774,1831.6580282742236,851.4725058171676,-6.785223348458327,-0.18863145008251994,-6.785214820504909,17470.347063123747,0.0,0.1982440594157468,1.9482726234074998,2244157.3495041556,578.2771319026116
75000.0,4563793.273294399,99211.06861590319,4563790.766831828,851.0061473393818,1831.63918316854,850.794012653521,-6.78465780650267,-0.18827228944535962,-6.784649319353313,17470.347063123747,0.0,0.1982440594157468,1.9482726234074998,2244157.3495041556,578.2771319026116
75100.0,4563878.33998678,99394.23159344507,4563875.812310783,850.327709620465,1831.6203734938206,850.1155757813258,-6.784097424849237,-0.1879228043094801,-6.784088977384679,17470.347063123747,0.0,0.1982440594157468,1.9482726234074998,2244157.3495041556,578.2771319026116
75200.0,4563963.338838182,99577.39269175098,4563960.789948844,849.649327685198,1831.601598290417,849.437194688867,-6.783542119658128,-0.1875828370874831,-6.783533710777332,17470.347063123747,0.0,0.1982440594157468,1.9482726234074998,2244157.3495041556,578.2771319026116
75300.0,4564048.26985416,99760.55191422072,4564045.699751564,848.9710010300654,1831.5828566143064,848.7588688727384,-6.782991808553218,-0.18725223285023415,-6.782983437173077,17470.347063123747,0.0,0.1982440594157468,1.9482726234074998,2244157.3495041556,578.2771319026116
75400.0,4564133.133040215,99943.70926416045,4564130.541724445,848.2927291597173,1831.5641475368275,848.0805978376977,-6.782446410595778,-0.18693083928043708,-6.7824380756508,17470.347063123747,0.0,0.1982440594157468,1.9482726234074998,2244157.3495041556,578.2771319026116
75500.0,4564217.928401802,100126.86474478424,4564215.315872941,847.614511586827,1831.5454701444223,847.4023810965239,-6.781905846258566,-0.18661850662703425,-6.781897546700585,17470.347063123747,0.0,0.1982440594157468,1.9482726234074998,2244157.3495041556,578.2771319026116
75600.0,4564302.655944326,100310.01835921552,4564300.022202458,846.936347831951,1831.5268235383817,846.7242181698774,-6.781370037400405,-0.18631508766043153,-6.781361772198287,17470.347063123747,0.0,0.1982440594157468,1.9482726234074998,2244157.3495041556,578.2771319026116
75700.0,4564387.315673146,100493.17011048863,4564384.660718353,846.2582374233917,1831.5082068345948,846.0461085861629,-6.780838907241247,-0.18602043762854306,-6.780830675380604,17470.347063123747,0.0,0.1982440594157468,1.9482726234074998,2244157.3495041556,578.2771319026116
75800.0,4564471.907593573,100676.32000155018,4564469.231425938,845.5801798970623,1831.4896191633045,845.3680518813941,-6.780312380337684,-0.1857344142136212,-6.7803041808205915,17470.347063123747,0.0,0.1982440594157468,1.9482726234074998,2244157.3495041556,578.2771319026116
75900.0,4564556.431710873,100859.4680352605,4564553.734330477,844.9021747963546,1831.4710596688649,844.6900475990619,-6.779790382558893,-0.1854568774898407,-6.779782214403615,17470.347063123747,0.0,0.1982440594157468,1.9482726234074998,2244157.3495041556,578.2771319026116
76000.0,4564640.8880302645,101042.6142143951,4564638.1694371905,844.2242216720091,1831.452527509505,844.012095290004,-6.779272841063103,-0.18518768988171116,-6.77926470330382,17470.347063123747,0.0,0.1982440594157468,1.9482726234074998,2244157.3495041556,578.2771319026116
76100.0,4564725.276556925,101225.75854164595,4564722.536751253,843.5463200819864,1831.4340218570958,843.3341945122772,-6.778759684274393,-0.1849267161231588,-6.77875157596093,17470.347063123747,0.0,0.1982440594157468,1.9482726234074998,2244157.3495041556,578.2771319026116
76200.0,4564809.597295985,101408.9010196229,4564806.836277796,842.868469591343,1831.4155418969208,842.6563448310319,-6.778250841860004,-0.1846738232174038,-6.778242762057576,17470.347063123747,0.0,0.1982440594157468,1.9482726234074998,2244157.3495041556,578.2771319026116
76300.0,4564893.850252532,101592.04165085501,4564891.068021908,842.190669772107,1831.3970868274516,841.978545818389,-6.777746244708046,-0.18442888039754737,-6.777738192496999,17470.347063123747,0.0,0.1982440594157468,1.9482726234074998,2244157.3495041556,578.2771319026116
76400.0,4564978.035431614,101775.18043779179,4564975.231988635,841.5129202031576,1831.3786558601266,841.3007970533189,-6.777245824905579,-0.18419175908782806,-6.777237799381129,17470.347063123747,0.0,0.1982440594157468,1.9482726234074998,2244157.3495041556,578.2771319026116
76500.0,4565062.152838234,101958.31738280455,4565059.32818298,840.8352204701065,1831.3602482191334,840.6230981215231,-6.776749515717169,-0.18396233286563984,-6.77674151598916,17470.347063123747,0.0,0.1982440594157468,1.9482726234074998,2244157.3495041556,578.2771319026116
76600.0,4565146.2024773555,102141.45248818769,4565143.356609907,840.1575701651808,1831.3418631411962,839.9454486153169,-6.776257251563791,-0.18374047742417804,-6.776249276756448,17470.347063123747,0.0,0.1982440594157468,1.9482726234074998,2244157.3495041556,578.2771319026116
76700.0,4565230.184353901,102324.58575615984,4565227.317274338,839.4799688871085,1831.3234998753655,839.2678481335153,-6.775768968002128,-0.18352607053577819,-6.775761017253817,17470.347063123747,0.0,0.1982440594157468,1.9482726234074998,2244157.3495041556,578.2771319026116
76800.0,4565314.098472754,102507.71718886518,4565311.210181154,838.8024162410061,1831.3051576828123,838.5902962813201,-6.775284601704254,-0.18331899201590424,-6.7752766741672446,17470.347063123747,0.0,0.1982440594157468,1.9482726234074998,2244157.3495041556,578.2771319026116
76900.0,4565397.944838757,102690.84678837459,4565395.035335202,838.1249118382677,1831.2868358366247,837.9127926702097,-6.7748040904377085,-0.18311912368778666,-6.7747961852779435,17470.347063123747,0.0,0.1982440594157468,1.9482726234074998,2244157.3495041556,578.2771319026116
77000.0,4565481.723456716,102873.97455668685,4565478.792741284,837.4474552964572,1831.2685336216105,837.2353369178304,-6.774327373045928,-0.1829263493477031,-6.774319489442796,17470.347063123747,0.0,0.1982440594157468,1.9482726234074998,2244157.3495041556,578.2771319026116
77100.0,4565565.434331398,103057.10049572981,4565562.482404168,836.7700462392005,1831.2502503340997,836.55792864789,-6.773854389429031,-0.18274055473086592,-6.773846526575137,17470.347063123747,0.0,0.1982440594157468,1.9482726234074998,2244157.3495041556,578.2771319026116
77200.0,4565649.077467534,103240.2246073615,4565646.104328584,836.092684296082,1831.231985281754,835.8805674900525,-6.773385080524959,-0.18256162747791727,-6.773377237625911,17470.347063123747,0.0,0.1982440594157468,1.9482726234074998,2244157.3495041556,578.2771319026116
77300.0,4565732.652869816,103423.34689337127,4565729.658519224,835.4153691025409,1831.213737783377,835.2032530798361,-6.77291938829096,-0.18238945710202262,-6.772911564565144,17470.347063123747,0.0,0.1982440594157468,1.9482726234074998,2244157.3495041556,578.2771319026116
77400.0,4565816.160542901,103606.46735548094,4565813.144980746,834.7381002997706,1831.195507168728,834.5259850585118,-6.772457255685444,-0.1822239349565883,-6.772449450363819,17470.347063123747,0.0,0.1982440594157468,1.9482726234074998,2244157.3495041556,578.2771319026116
77500.0,4565899.60049141,103789.58599534581,4565896.56371777,834.0608775346192,1831.177292778341,833.8487630730039,-6.771998626650129,-0.18206495420349916,-6.771990838976017,17470.347063123747,0.0,0.1982440594157468,1.9482726234074998,2244157.3495041556,578.2771319026116
77600.0,4565982.97271993,103972.70281455577,4565979.914734883,833.3837004594923,1831.1590939633447,833.1715867757931,-6.77154344609253,-0.18191240978195203,-6.771535675321406,17470.347063123747,0.0,0.1982440594157468,1.9482726234074998,2244157.3495041556,578.2771319026116
77700.0,4566066.277233013,104155.81781463636,4566063.198036637,832.7065687322572,1831.140910085286,832.4944558248205,-6.771091659868791,-0.1817661983778519,-6.771083905268084,17470.347063123747,0.0,0.1982440594157468,1.9482726234074998,2244157.3495041556,578.2771319026116
77800.0,4566149.5140351765,104338.93099704977,4566146.413627549,832.0294820161488,1831.1227405159568,831.8173698833938,-6.770643214766811,-0.18162621839374812,-6.770635475615703,17470.347063123747,0.0,0.1982440594157468,1.9482726234074998,2244157.3495041556,578.2771319026116
77900.0,4566232.683130905,104522.04236319588,4566229.561512103,831.3524399796773,1831.1045846372251,831.1403286200945,-6.770198058489662,-0.18149236991927695,-6.770190334078894,17470.347063123747,0.0,0.1982440594157468,1.9482726234074998,2244157.3495041556,578.2771319026116
78000.0,4566315.78452465,104705.15191441328,4566312.641694752,830.6754422965377,1831.086441840866,830.4633317086879,-6.769756139639351,-0.18136455470217738,-6.769748429271037,17470.347063123747,0.0,0.1982440594157468,1.9482726234074998,2244157.3495041556,578.2771319026116
78100.0,4566398.818220831,104888.25965198017,4566395.654179913,829.9984886455201,1831.0683115283985,829.7863788280337,-6.769317407700866,-0.18124267611979297,-6.7693097106882965,17470.347063123747,0.0,0.1982440594157468,1.9482726234074998,2244157.3495041556,578.2771319026116
78200.0,4566481.784223836,105071.36557711544,4566478.598971974,829.321578710423,1831.0501931109231,829.1094696619982,-6.768881813026493,-0.18112663915108518,-6.76887412869395,17470.347063123747,0.0,0.1982440594157468,1.9482726234074998,2244157.3495041556,578.2771319026116
78300.0,4566564.68253802,105254.46969097953,4566561.476075292,828.6447121799667,1831.0320860089641,828.432603899369,-6.768449306820427,-0.18101635034913305,-6.768441634503006,17470.347063123747,0.0,0.1982440594157468,1.9482726234074998,2244157.3495041556,578.2771319026116
78400.0,4566647.513167709,105437.5719946754,4566644.285494191,827.9678887477095,1831.0139896523126,827.75578123377,-6.768019841123711,-0.18091171781416063,-6.768012180167143,17470.347063123747,0.0,0.1982440594157468,1.9482726234074998,2244157.3495041556,578.2771319026116
78500.0,4566730.276117196,105620.67248924945,4566727.027232965,827.2911081119638,1830.9959034798733,827.0790013635788,-6.767593368799363,-0.18081265116698844,-6.767585718559835,17470.347063123747,0.0,0.1982440594157468,1.9482726234074998,2244157.3495041556,578.2771319026116
78600.0,4566812.971390747,105803.77117569243,4566809.701295881,826.6143699757157,1830.977826939514,826.4022639918452,-6.767169843517864,-0.18071906152299572,-6.767162203361846,17470.347063123747,0.0,0.1982440594157468,1.9482726234074998,2244157.3495041556,578.2771319026116
78700.0,4566895.598992598,105986.86805494029,4566892.307687171,825.9376740465442,1830.9597594879174,825.7255688262111,-6.766749219742848,-0.18063086146652907,-6.7667415890469265,17470.347063123747,0.0,0.1982440594157468,1.9482726234074998,2244157.3495041556,578.2771319026116
78800.0,4566978.1589269545,106169.96312787513,4566974.846411043,825.261020036543,1830.941700590435,825.0489155788321,-6.766331452717072,-0.1805479650257541,-6.766323830867777,17470.347063123747,0.0,0.1982440594157468,1.9482726234074998,2244157.3495041556,578.2771319026116
78900.0,4567060.651197993,106353.05639532597,4567057.317471675,824.5844076622429,1830.9236497209447,824.3723039662999,-6.765916498448662,-0.18047028764798143,-6.765908884842312,17470.347063123747,0.0,0.1982440594157468,1.9482726234074998,2244157.3495041556,578.2771319026116
79000.0,4567143.075809865,106536.14785806966,4567139.720873215,823.9078366445367,1830.90560636171,823.695733709567,-6.7655043136975825,-0.18039774617539897,-6.765496707740114,17470.347063123747,0.0,0.1982440594157468,1.9482726234074998,2244157.3495041556,578.2771319026116
79100.0,4567225.432766692,106719.23751683166,4567222.056619787,823.2313067086036,1830.8875700032404,823.0192045338716,-6.765094855962362,-0.18033025882124742,-6.765087257069176,17470.347063123747,0.0,0.1982440594157468,1.9482726234074998,2244157.3495041556,578.2771319026116
79200.0,4567307.722072568,106902.32537228694,4567304.324715483,822.5548175838369,1830.8695401441576,822.3427161686651,-6.764688083467064,-0.18026774514641564,-6.764680491062871,17470.347063123747,0.0,0.1982440594157468,1.9482726234074998,2244157.3495041556,578.2771319026116
79300.0,4567389.94373156,107085.41142506068,4567386.525164372,821.8783690037717,1830.8515162910603,821.6662683475395,-6.7642839551484935,-0.180210126036449,-6.764276368667155,17470.347063123747,0.0,0.1982440594157468,1.9482726234074998,2244157.3495041556,578.2771319026116
79400.0,4567472.097747711,107268.49567572915,4567468.6579704955,821.2019607060141,1830.8334979583933,820.9898608081572,-6.763882430643629,-0.18015732367895687,-6.763874849528011,17470.347063123747,0.0,0.1982440594157468,1.9482726234074998,2244157.3495041556,578.2771319026116
79500.0,4567554.184125036,107451.57812482043,4567550.723137868,820.5255924321724,1830.8154846683185,820.3134932921816,-6.7634834702772935,-0.18010926154143175,-6.763475893979117,17470.347063123747,0.0,0.1982440594157468,1.9482726234074998,2244157.3495041556,578.2771319026116
79600.0,4567636.202867524,107634.65877281521,4567632.720670479,819.8492639277881,1830.797475950588,819.6371655452089,-6.7630870350500345,-0.18006586434943833,-6.763079463029732,17470.347063123747,0.0,0.1982440594157468,1.9482726234074998,2244157.3495041556,578.2771319026116
79700.0,4567718.153979139,107817.73762014751,4567714.650572294,819.1729749422697,1830.7794713424196,818.9608773167007,-6.762693086626238,-0.18002705806521047,-6.76268551835281,17470.347063123747,0.0,0.1982440594157468,1.9482726234074998,2244157.3495041556,578.2771319026116
79800.0,4567800.0374638215,108000.81466720547,4567796.512847252,818.4967252288262,1830.7614703883735,818.2846283599191,-6.762301587322473,-0.17999276986661714,-6.762294022273345,17470.347063123747,0.0,0.1982440594157468,1.9482726234074998,2244157.3495041556,578.2771319026116
79900.0,4567881.853325486,108183.88991433203,4567878.307499267,817.8205145444033,1830.7434726402323,817.6084184318613,-6.761912500095988,-0.17996292812647552,-6.761904937756871,17470.347063123747,0.0,0.1982440594157468,1.9482726234074998,2244157.3495041556,578.2771319026116
80000.0,4567963.601568024,108366.96336182566,4567960.034532231,817.1443426496189,1830.7254776568825,816.9322472931965,-6.761525788533487,-0.1799374623922667,-6.761518228398249,17470.347063123747,0.0,0.1982440594157468,1.9482726234074998,2244157.3495041556,578.2771319026116
80100.0,4568045.282195302,108550.03500994109,4568041.693950011,816.4682093087016,1830.7074850041981,816.2561147082033,-6.761141416840073,-0.17991630336618053,-6.7611338584105996,17470.347063123747,0.0,0.1982440594157468,1.9482726234074998,2244157.3495041556,578.2771319026116
80200.0,4568126.895211163,108733.10485888994,4568123.285756451,815.7921142894288,1830.6894942549256,815.5800204447087,-6.7607593498284,-0.17989938288552565,-6.760751792614463,17470.347063123747,0.0,0.1982440594157468,1.9482726234074998,2244157.3495041556,578.2771319026116
80300.0,4568208.440619429,108916.17290884149,4568204.809955371,815.1160573630668,1830.6715049885722,814.9039642740274,-6.760379552907988,-0.1798866339034557,-6.760371996427118,17470.347063123747,0.0,0.1982440594157468,1.9482726234074998,2244157.3495041556,578.2771319026116
80400.0,4568289.918423898,109099.23915992328,4568286.266550568,814.4400383043115,1830.6535167912946,814.2279459709034,-6.760001992074798,-0.1798779904700767,-6.759994435852153,17470.347063123747,0.0,0.1982440594157468,1.9482726234074998,2244157.3495041556,578.2771319026116
80500.0,4568371.328628344,109282.3036122218,4568367.65554582,813.7640568912304,1830.63552925579,813.5519653134512,-6.759626633900935,-0.17987338771385064,-6.759619077469188,17470.347063123747,0.0,0.1982440594157468,1.9482726234074998,2244157.3495041556,578.2771319026116
80600.0,4568452.671236523,109465.36626578313,4568448.976944879,813.0881129052053,1830.6175419811907,812.876022083099,-6.759253445524568,-0.17987276182333614,-6.759245888423768,17470.347063123747,0.0,0.1982440594157468,1.9482726234074998,2244157.3495041556,578.2771319026116
80700.0,4568533.946252166,109648.42712061357,4568530.230751477,812.4122061308764,1830.5995545729568,812.2001160645324,-6.758882394640019,-0.17987605002925644,-6.758874836417483,17470.347063123747,0.0,0.1982440594157468,1.9482726234074998,2244157.3495041556,578.2771319026116
80800.0,4568615.153678983,109831.48617668031,4568611.416969325,811.7363363560868,1830.5815666427743,811.5242470456398,-6.758513449488057,-0.17988319058687674,-6.758505889698246,17470.347063123747,0.0,0.1982440594157468,1.9482726234074998,2244157.3495041556,578.2771319026116
80900.0,4568696.293520664,110014.54343391198,4568692.535602113,811.060503371829,1830.5635778084534,810.8484148174575,-6.758146578846305,-0.17989412275866662,-6.75813901705071,17470.347063123747,0.0,0.1982440594157468,1.9482726234074998,2244157.3495041556,578.2771319026116
81000.0,4568777.365780877,110197.59889219931,4568773.586653509,810.3847069721909,1830.545587693828,810.1726191741174,-6.757781752019904,-0.17990878679731187,-6.757774187786926,17470.347063123747,0.0,0.1982440594157468,1.9482726234074998,2244157.3495041556,578.2771319026116
81100.0,4568858.370463271,110380.65255139572,4568854.570127161,809.7089469543042,1830.5275959286585,809.4968599127935,-6.757418938832264,-0.1799271239289784,-6.757411371737108,17470.347063123747,0.0,0.1982440594157468,1.9482726234074998,2244157.3495041556,578.2771319026116
81200.0,4568939.3075714735,110563.70441131787,4568935.486026698,809.0332231182927,1830.509602148534,808.821136833652,-6.757058109616046,-0.17994907633689367,-6.757050539240607,17470.347063123747,0.0,0.1982440594157468,1.9482726234074998,2244157.3495041556,578.2771319026116
81300.0,4569020.177109093,110746.7544717463,4569016.334355728,808.3575352672215,1830.4916059947786,808.1454497397995,-6.756699235204262,-0.17997458714520842,-6.75669166113702,17470.347063123747,0.0,0.1982440594157468,1.9482726234074998,2244157.3495041556,578.2771319026116
81400.0,4569100.97907972,110929.80273242593,4569097.11511784,807.681883207048,1830.4736071143575,807.4697984372342,-6.756342286921563,-0.18000360040313412,-6.756334708757467,17470.347063123747,0.0,0.1982440594157468,1.9482726234074998,2244157.3495041556,578.2771319026116
81500.0,4569181.713486921,111112.8491930667,4569177.828316602,807.006266746573,1830.4556051597854,806.7941827347971,-6.75598723657568,-0.18003606106937547,-6.75597965391605,17470.347063123747,0.0,0.1982440594157468,1.9482726234074998,2244157.3495041556,578.2771319026116
81600.0,4569262.380334249,111295.89385334401,4569258.473955567,806.3306856973927,1830.4375997890359,806.1186024441239,-6.7556340564489865,-0.18007191499679676,-6.755626468901412,17470.347063123747,0.0,0.1982440594157468,1.9482726234074998,2244157.3495041556,578.2771319026116
81700.0,4569342.979625234,111478.93671289939,4569339.052038265,805.6551398738515,1830.4195906654538,805.4430573795979,-6.755282719290257,-0.18011110891739981,-6.755275126468488,17470.347063123747,0.0,0.1982440594157468,1.9482726234074998,2244157.3495041556,578.2771319026116
81800.0,4569423.511363392,111661.97777134094,4569419.562568211,804.979629092996,1830.4015774576671,804.7675473583041,-6.754933198306545,-0.18015359042752768,-6.754925599830397,17470.347063123747,0.0,0.1982440594157468,1.9482726234074998,2244157.3495041556,578.2771319026116
81900.0,4569503.975552215,111845.01702824389,4569500.005548899,804.3041531745296,1830.3835598395015,804.0920721999836,-6.754585467155233,-0.18019930797335346,-6.75457786265049,17470.347063123747,0.0,0.1982440594157468,1.9482726234074998,2244157.3495041556,578.2771319026116
82000.0,4569584.372195182,112028.05448315112,4569580.380983807,803.6287119407676,1830.365537489896,803.416631726989,-6.754239499936184,-0.1802482108365951,-6.754231889034494,17470.347063123747,0.0,0.1982440594157468,1.9482726234074998,2244157.3495041556,578.2771319026116
82100.0,4569664.701295753,112211.09013557363,4569660.688876395,802.9533052165939,1830.3475100928208,802.7412257642403,-6.753895271184055,-0.1803002491204904,-6.753887653522847,17470.347063123747,0.0,0.1982440594157468,1.9482726234074998,2244157.3495041556,578.2771319026116
82200.0,4569744.96285737,112394.12398499106,4569740.929230105,802.277932829417,1830.329477337195,802.0658541391824,-6.753552755860794,-0.18035537373603103,-6.753545131083173,17470.347063123747,0.0,0.1982440594157468,1.9482726234074998,2244157.3495041556,578.2771319026116
82300.0,4569825.156883459,112577.15603085223,4569821.102048363,801.6025946091285,1830.3114389168065,801.3905166817422,-6.753211929348159,-0.1804135363883976,-6.753204297102819,17470.347063123747,0.0,0.1982440594157468,1.9482726234074998,2244157.3495041556,578.2771319026116
82400.0,4569905.283377426,112760.18627257555,4569901.207334575,800.9272903880609,1830.293394530234,800.715213224287,-6.752872767440507,-0.1804746895636753,-6.752865127381643,17470.347063123747,0.0,0.1982440594157468,1.9482726234074998,2244157.3495041556,578.2771319026116
82500.0,4569985.342342664,112943.21470954952,4569981.245092135,800.2520200009473,1830.2753438807688,800.0399436015841,-6.7525352463375885,-0.18053878651575608,-6.752527598124806,17470.347063123747,0.0,0.1982440594157468,1.9482726234074998,2244157.3495041556,578.2771319026116
82600.0,4570065.333782548,113126.2413411332,4570061.215324418,799.5767832848803,1830.257286676339,799.3647076507602,-6.752199342637573,-0.18060578125350168,-6.752191685935797,17470.347063123747,0.0,0.1982440594157468,1.9482726234074998,2244157.3495041556,578.2771319026116
82700.0,4570145.257700438,113309.26616665669,4570141.118034782,798.9015800792737,1830.2392226294344,798.689505211262,-6.751865033330098,-0.18067562852810437,-6.751857367809492,17470.347063123747,0.0,0.1982440594157468,1.9482726234074998,2244157.3495041556,578.2771319026116
82800.0,4570225.114099676,113492.28918542156,4570220.953226571,798.2264102258225,1830.2211514570336,798.0143361248174,-6.751532295789567,-0.1807482838206918,-6.751524621125447,17470.347063123747,0.0,0.1982440594157468,1.9482726234074998,2244157.3495041556,578.2771319026116
82900.0,4570304.902983589,113675.31039670129,4570300.720903113,797.5512735684656,1830.2030728805305,797.3392002353974,-6.751201107768427,-0.18082370333011613,-6.751193423641177,17470.347063123747,0.0,0.1982440594157468,1.9482726234074998,2244157.3495041556,578.2771319026116
83000.0,4570384.62435549,113858.32979974171,4570380.421067719,796.8761699533478,1830.1849866256641,796.6640973891786,-6.750871447390674,-0.18090184396097325,-6.750863753485667,17470.347063123747,0.0,0.1982440594157468,1.9482726234074998,2244157.3495041556,578.2771319026116
83100.0,4570464.278218676,114041.34739376146,4570460.053723687,796.2010992287834,1830.1668924224482,795.9890274345065,-6.750543293145434,-0.18098266331183532,-6.750535589152947,17470.347063123747,0.0,0.1982440594157468,1.9482726234074998,2244157.3495041556,578.2771319026116
83200.0,4570543.864576428,114224.36317795239,4570539.6188742975,795.5260612452197,1830.1487900051025,795.3139902218592,-6.750216623880645,-0.18106611966366196,-6.750208909495789,17470.347063123747,0.0,0.1982440594157468,1.9482726234074998,2244157.3495041556,578.2771319026116
83300.0,4570623.383432012,114407.37715147994,4570619.116522818,794.8510558552016,1830.1306791119846,794.6389856038116,-6.7498914187968735,-0.1811521719684311,-6.749883693719502,17470.347063123747,0.0,0.1982440594157468,1.9482726234074998,2244157.3495041556,578.2771319026116
83400.0,4570702.834788681,114590.38931348365,4570698.5466725,794.1760829133365,1830.1125594855241,793.9640134350012,-6.749567657441235,-0.18124077983796089,-6.749559921375882,17470.347063123747,0.0,0.1982440594157468,1.9482726234074998,2244157.3495041556,578.2771319026116
83500.0,4570782.218649671,114773.39966307748,4570777.909326581,793.5011422762599,1830.0944308721569,793.2890735720927,-6.749245319701425,-0.18133190353292422,-6.749237572357222,17470.347063123747,0.0,0.1982440594157468,1.9482726234074998,2244157.3495041556,578.2771319026116
83600.0,4570861.5350182075,114956.4081993502,4570857.204488286,792.8262338026019,1830.0762930222606,792.614165873745,-6.74892438579983,-0.1814255039520425,-6.748916626890437,17470.347063123747,0.0,0.1982440594157468,1.9482726234074998,2244157.3495041556,578.2771319026116
83700.0,4570940.783897499,115139.41492136585,4570936.432160824,792.1513573529539,1830.058145690092,791.9392902005781,-6.7486048362878,-0.18152154262148534,-6.748597065531325,17470.347063123747,0.0,0.1982440594157468,1.9482726234074998,2244157.3495041556,578.2771319026116
83800.0,4571019.965290741,115322.41982816407,4571015.592347389,791.4765127898359,1830.0399886337239,791.2644464151396,-6.748286652039952,-0.1816199816844322,-6.748278869158887,17470.347063123747,0.0,0.1982440594157468,1.9482726234074998,2244157.3495041556,578.2771319026116
83900.0,4571099.079201115,115505.42291876051,4571094.685051165,790.8016999776644,1830.0218216149842,790.5896343818738,-6.747969814248658,-0.1817207838908363,-6.747962018969801,17470.347063123747,0.0,0.1982440594157468,1.9482726234074998,2244157.3495041556,578.2771319026116
84000.0,4571178.125631791,115688.42419214717,4571173.710275319,790.1269187827211,1830.0036443993965,789.9148539670895,-6.747654304418509,-0.18182391258732686,-6.747646496472909,17470.347063123747,0.0,0.1982440594157468,1.9482726234074998,2244157.3495041556,578.2771319026116
84100.0,4571257.104585921,115871.42364729279,4571252.668023008,789.4521690731219,1829.98545675612,789.2401050389292,-6.747340104361032,-0.18192933170733408,-6.747332283483908,17470.347063123747,0.0,0.1982440594157468,1.9482726234074998,2244157.3495041556,578.2771319026116
84200.0,4571336.01606665,116054.42128314322,4571331.558297372,788.7774507187863,1829.9672584578911,788.5653874673388,-6.747027196189368,-0.18203700576134096,-6.747019362120044,17470.347063123747,0.0,0.1982440594157468,1.9482726234074998,2244157.3495041556,578.2771319026116
84300.0,4571414.860077105,116237.41709862175,4571410.381101542,788.1027635914078,1829.9490492809678,787.8907011240376,-6.7467155623131205,-0.18214689982732743,-6.746707714794966,17470.347063123747,0.0,0.1982440594157468,1.9482726234074998,2244157.3495041556,578.2771319026116
84400.0,4571493.636620404,116420.41109262945,4571489.136438634,787.4281075644241,1829.9308290050712,787.2160458824887,-6.746405185433239,-0.18225897954136,-6.746397324213599,17470.347063123747,0.0,0.1982440594157468,1.9482726234074998,2244157.3495041556,578.2771319026116
84500.0,4571572.34569965,116603.40326404557,4571567.824311752,786.7534825129886,1829.9125974133322,786.5414216178707,-6.746096048537073,-0.18237321108836804,-6.746088173367208,17470.347063123747,0.0,0.1982440594157468,1.9482726234074998,2244157.3495041556,578.2771319026116
84600.0,4571650.987317935,116786.3936117278,4571646.444723986,786.0788883139419,1829.8943542922354,785.8668282070487,-6.745788134893423,-0.1824895611930491,-6.745780245528442,17470.347063123747,0.0,0.1982440594157468,1.9482726234074998,2244157.3495041556,578.2771319026116
84700.0,4571729.561478337,116969.38213451269,4571724.997678418,785.4043248457837,1829.876099431567,785.1922655285467,-6.745481428047749,-0.1826079971109496,-6.745473524246551,17470.347063123747,0.0,0.1982440594157468,1.9482726234074998,2244157.3495041556,578.2771319026116
84800.0,4571808.068183924,117152.36883121589,4571803.483178113,784.7297919886455,1829.8578326243608,784.5177334625204,-6.7451759118174035,-0.18272848661968832,-6.745167993342622,17470.347063123747,0.0,0.1982440594157468,1.9482726234074998,2244157.3495041556,578.2771319026116
84900.0,4571886.507437751,117335.35370063255,4571881.901226127,784.0552896242638,1829.8395536668475,783.8432318907296,-6.744871570287023,-0.18285099801033713,-6.744863636904955,17470.347063123747,0.0,0.1982440594157468,1.9482726234074998,2244157.3495041556,578.2771319026116
85000.0,4571964.879242861,117518.33674153757,4571960.251825503,783.3808176359533,1829.8212623584031,783.1687606965124,-6.744568387803921,-0.1829755000789416,-6.74456043928448,17470.347063123747,0.0,0.1982440594157468,1.9482726234074998,2244157.3495041556,578.2771319026116
85100.0,4572043.1836022865,117701.31795268595,4572038.5349792745,782.7063759085814,1829.8029585014997,782.4943197647588,-6.7442663489736185,-0.18310196211818872,-6.744258385090267,17470.347063123747,0.0,0.1982440594157468,1.9482726234074998,2244157.3495041556,578.2771319026116
85200.0,4572121.420519047,117884.29733281309,4572116.750690461,782.0319643285418,1829.7846419016548,781.819908981885,-6.743965438655432,-0.18323035390922435,-6.743957459185137,17470.347063123747,0.0,0.1982440594157468,1.9482726234074998,2244157.3495041556,578.2771319026116
85300.0,4572199.5899961535,118067.27488063512,4572194.898962072,781.3575827837299,1829.7663123673844,781.1455282358086,-6.74366564195814,-0.18336064571359534,-6.743657646681303,17470.347063123747,0.0,0.1982440594157468,1.9482726234074998,2244157.3495041556,578.2771319026116
85400.0,4572277.692036602,118250.25059484913,4572272.979797105,780.6832311635179,1829.7479697101544,780.4711774159236,-6.74336694423572,-0.18349280826534325,-6.743358932936136,17470.347063123747,0.0,0.1982440594157468,1.9482726234074998,2244157.3495041556,578.2771319026116
85500.0,4572355.72664338,118433.22447413353,4572350.993198548,780.0089093587306,1829.7296137443336,779.7968564130764,-6.743069331083183,-0.1836268127632229,-6.74306130354798,17470.347063123747,0.0,0.1982440594157468,1.9482726234074998,2244157.3495041556,578.2771319026116
85600.0,4572433.693819463,118616.19651714829,4572428.939169378,779.3346172616215,1829.7112442871487,779.1225651195413,-6.742772788332461,-0.18376263086306147,-6.742764744352045,17470.347063123747,0.0,0.1982440594157468,1.9482726234074998,2244157.3495041556,578.2771319026116
85700.0,4572511.593567818,118799.16672253524,4572506.817712559,778.6603547658489,1829.692861158638,778.4483034289975,-6.74247730204835,-0.18390023467023597,-6.742469241416357,17470.347063123747,0.0,0.1982440594157468,1.9482726234074998,2244157.3495041556,578.2771319026116
85800.0,4572589.425891399,118982.1350889184,4572584.628831048,777.9861217664534,1829.6744641816067,777.7740712365063,-6.742182858524582,-0.18403959673229528,-6.742174781037827,17470.347063123747,0.0,0.1982440594157468,1.9482726234074998,2244157.3495041556,578.2771319026116
85900.0,4572667.190793151,119165.10161490414,4572662.3725277865,777.3119181598349,1829.656053181584,777.0998684384875,-6.74188944427991,-0.18418069003169266,-6.741881349738331,17470.347063123747,0.0,0.1982440594157468,1.9482726234074998,2244157.3495041556,578.2771319026116
86000.0,4572744.888276008,119348.06629908156,4572740.048805712,776.6377438437304,1829.637627986779,776.4256949326981,-6.741597046054284,-0.18432348797864864,-6.7415889342609,17470.347063123747,0.0,0.1982440594157468,1.9482726234074998,2244157.3495041556,578.2771319026116
86100.0,4572822.518342894,119531.0291400227,4572817.657667747,775.9635987171918,1829.6191884280393,775.7515506182095,-6.741305650805079,-0.18446796440413024,-6.74129752156594,17470.347063123747,0.0,0.1982440594157468,1.9482726234074998,2244157.3495041556,578.2771319026116
86200.0,4572900.080996721,119713.99013628281,4572895.199116806,775.2894826805647,1829.6007343388078,775.0774353953866,-6.741015245703436,-0.1846140935529627,-6.741007098827571,17470.347063123747,0.0,0.1982440594157468,1.9482726234074998,2244157.3495041556,578.2771319026116
86300.0,4572977.576240396,119896.94928640063,4572972.673155792,774.615395635467,1829.5822655550833,774.4033491658662,-6.740725818130593,-0.18476185007703366,-6.740717653429959,17470.347063123747,0.0,0.1982440594157468,1.9482726234074998,2244157.3495041556,578.2771319026116
86400.0,4573055.0040768115,120079.90658889862,4573050.079787602,773.9413374847683,1829.5637819153787,773.7292918325364,-6.74043735567435,-0.1849112090286417,-6.740429172963804,17470.347063123747,0.0,0.1982440594157468,1.9482726234074998,2244157.3495041556,578.2771319026116
86500.0,4573132.364508852,120262.8620422832,4573127.419015119,773.2673081325688,1829.5452832606823,773.0552632995161,-6.740149846125548,-0.18506214585393135,-6.740141645222781,17470.347063123747,0.0,0.1982440594157468,1.9482726234074998,2244157.3495041556,578.2771319026116
86600.0,4573209.657539395,120445.81564504503,4573204.690841218,772.5933074841801,1829.5267694344182,772.3812634721348,-6.739863277474642,-0.1852146363864578,-6.739855058200142,17470.347063123747,0.0,0.1982440594157468,1.9482726234074998,2244157.3495041556,578.2771319026116
86700.0,4573286.883171303,120628.76739565922,4573281.895268767,771.9193354461046,1829.508240282408,771.7072922569128,-6.739577637908291,-0.1853686568408475,-6.739569400085303,17470.347063123747,0.0,0.1982440594157468,1.9482726234074998,2244157.3495041556,578.2771319026116
86800.0,4573364.041407434,120811.71729258558,4573359.03230062,771.2453919260165,1829.4896956528332,771.0333495615416,-6.739292915806087,-0.1855241838065808,-6.739284659260566,17470.347063123747,0.0,0.1982440594157468,1.9482726234074998,2244157.3495041556,578.2771319026116
86900.0,4573441.132250636,120994.66533426888,4573436.101939627,770.5714768327425,1829.471135396198,770.3594352948654,-6.739009099737232,-0.18568119424185858,-6.739000824297794,17470.347063123747,0.0,0.1982440594157468,1.9482726234074998,2244157.3495041556,578.2771319026116
87000.0,4573518.155703746,121177.61151913901,4573513.104188624,769.897590076243,1829.4525593652922,769.6855493668616,-6.7387261784573775,-0.18583966546759592,-6.73871788395527,17470.347063123747,0.0,0.1982440594157468,1.9482726234074998,2244157.3495041556,578.2771319026116
87100.0,4573595.111769593,121360.55584561129,4573590.039050441,769.2237315675936,1829.4339674151558,769.0116916886225,-6.738444140905442,-0.18599957516149931,-6.738435827174495,17470.347063123747,0.0,0.1982440594157468,1.9482726234074998,2244157.3495041556,578.2771319026116
87200.0,4573672.000450999,121543.49831208664,4573666.9065279,768.5499012189672,1829.4153594030436,768.3378621723374,-6.738162976200534,-0.1861609013522509,-6.738154643077119,17470.347063123747,0.0,0.1982440594157468,1.9482726234074998,2244157.3495041556,578.2771319026116
87300.0,4573748.821750773,121726.43891695181,4573743.706623811,767.8760989436156,1829.39673518839,767.6640607312745,-6.737882673638899,-0.1863236224137944,-6.737874320961894,17470.347063123747,0.0,0.1982440594157468,1.9482726234074998,2244157.3495041556,578.2771319026116
87400.0,4573825.57567172,121909.37765857961,4573820.439340979,767.2023246558525,1829.3780946327752,766.9902872797634,-6.737603222690929,-0.18648771705970488,-6.737594850301671,17470.347063123747,0.0,0.1982440594157468,1.9482726234074998,2244157.3495041556,578.2771319026116
87500.0,4573902.262216634,122092.31453532912,4573897.104682197,766.5285782710358,1829.3594375998907,766.3165417331777,-6.737324612998229,-0.18665316433767112,-6.737316220740487,17470.347063123747,0.0,0.1982440594157468,1.9482726234074998,2244157.3495041556,578.2771319026116
87600.0,4573978.881388301,122275.24954554587,4573973.702650253,765.8548597055509,1829.3407639555076,765.6428240079184,-6.7370468343707435,-0.18681994362405627,-6.737038422090672,17470.347063123747,0.0,0.1982440594157468,1.9482726234074998,2244157.3495041556,578.2771319026116
87700.0,4574055.433189499,122458.18268756209,4574050.233247924,765.1811688767938,1829.3220735674427,764.9691340213968,-6.736769876783883,-0.18698803461855282,-6.736761444329982,17470.347063123747,0.0,0.1982440594157468,1.9482726234074998,2244157.3495041556,578.2771319026116
87800.0,4574131.917622998,122641.11395969689,4574126.696477979,764.507505703155,1829.3033663055267,764.2954716920183,-6.736493730375789,-0.18715741733893765,-6.736485277598874,17470.347063123747,0.0,0.1982440594157468,1.9482726234074998,2244157.3495041556,578.2771319026116
87900.0,4574208.334691559,122824.04336025646,4574203.092343181,763.8338701040029,1829.2846420415733,763.6218369391662,-6.736218385444545,-0.18732807211589939,-6.736209912197712,17470.347063123747,0.0,0.1982440594157468,1.9482726234074998,2244157.3495041556,578.2771319026116
88000.0,4574284.684397935,123006.97088753426,4574279.420846283,763.1602619996685,1829.2659006493473,762.948229683186,-6.735943832445524,-0.1874999795879648,-6.735935338584103,17470.347063123747,0.0,0.1982440594157468,1.9482726234074998,2244157.3495041556,578.2771319026116
88100.0,4574360.966744873,123189.89653981123,4574355.681990032,762.4866813114293,1829.2471420045347,762.2746498453696,-6.735670061988718,-0.187673120696504,-6.735661547370252,17470.347063123747,0.0,0.1982440594157468,1.9482726234074998,2244157.3495041556,578.2771319026116
88200.0,4574437.181735109,123372.82031535599,4574431.8757771645,761.8131279614942,1829.2283659847124,761.60109734794,-6.735397064836143,-0.1878474766808222,-6.735388529320346,17470.347063123747,0.0,0.1982440594157468,1.9482726234074998,2244157.3495041556,578.2771319026116
88300.0,4574513.329371373,123555.74221242499,4574508.00221041,761.1396018729884,1829.2095724693186,760.9275721140365,-6.735124831899319,-0.18802302907333768,-6.735116275348038,17470.347063123747,0.0,0.1982440594157468,1.9482726234074998,2244157.3495041556,578.2771319026116
88400.0,4574589.409656389,123738.66222926271,4574584.061292493,760.4661029699387,1829.1907613396238,760.2540740676993,-6.734853354236712,-0.1881997596948281,-6.734844776513903,17470.347063123747,0.0,0.1982440594157468,1.9482726234074998,2244157.3495041556,578.2771319026116
88500.0,4574665.422592871,123921.58036410187,4574660.053026128,759.7926311772586,1829.1719324787023,759.5806031338557,-6.734582623051291,-0.18837765064976864,-6.7345740240229786,17470.347063123747,0.0,0.1982440594157468,1.9482726234074998,2244157.3495041556,578.2771319026116
88600.0,4574741.368183526,124104.49661516357,4574735.977414021,759.1191864207344,1829.1530857714038,758.9071592383051,-6.734312629688114,-0.18855668432174608,-6.734304009222364,17470.347063123747,0.0,0.1982440594157468,1.9482726234074998,2244157.3495041556,578.2771319026116
88700.0,4574817.246431055,124287.4109806575,4574811.834458875,758.4457686270108,1829.134221104326,758.2337423077054,-6.73404336563193,-0.1887368433689436,-6.734034723598817,17470.347063123747,0.0,0.1982440594157468,1.9482726234074998,2244157.3495041556,578.2771319026116
88800.0,4574893.057338148,124470.32345878206,4574887.62416338,757.7723777235772,1829.1153383657868,757.5603522695587,-6.733774822504853,-0.18891811071970815,-6.733766158776425,17470.347063123747,0.0,0.1982440594157468,1.9482726234074998,2244157.3495041556,578.2771319026116
88900.0,4574968.800907494,124653.2340477246,4574963.346530222,757.0990136387537,1829.0964374457988,756.8869890521983,-6.733506992064054,-0.1891004695681867,-6.733498306514307,17470.347063123747,0.0,0.1982440594157468,1.9482726234074998,2244157.3495041556,578.2771319026116
89000.0,4575044.477141768,124836.14274566156,4575039.001562081,756.4256763016785,1829.0775182360414,756.2136525847743,-6.733239866199495,-0.18928390337003695,-6.7332311587043385,17470.347063123747,0.0,0.1982440594157468,1.9482726234074998,2244157.3495041556,578.2771319026116
89100.0,4575120.086043643,125019.0495507586,4575114.589261629,755.7523656422941,1829.0585806298361,755.5403427972417,-6.732973436931728,-0.18946839583821284,-6.732964707368956,17470.347063123747,0.0,0.1982440594157468,1.9482726234074998,2244157.3495041556,578.2771319026116
89200.0,4575195.627615783,125201.95446117081,4575190.109631528,755.0790815913342,1829.0396245221198,754.8670596203465,-6.732707696409689,-0.18965393093881466,-6.732698944658956,17470.347063123747,0.0,0.1982440594157468,1.9482726234074998,2244157.3495041556,578.2771319026116
89300.0,4575271.101860846,125384.85747504285,4575265.562674438,754.4058240803116,1829.0206498094203,754.1938029856133,-6.732442636908581,-0.18984049288701665,-6.732433862851368,17470.347063123747,0.0,0.1982440594157468,1.9482726234074998,2244157.3495041556,578.2771319026116
89400.0,4575346.508781482,125567.75859050913,4575340.948393008,753.7325930415053,1829.0016563898323,753.5205728253328,-6.732178250827736,-0.19002806614304957,-6.732169454347316,17470.347063123747,0.0,0.1982440594157468,1.9482726234074998,2244157.3495041556,578.2771319026116
89500.0,4575421.848380336,125750.6578056939,4575416.266789882,753.0593884079482,1828.9826441629916,752.8473690725497,-6.731914530688556,-0.19021663540826309,-6.731905711669982,17470.347063123747,0.0,0.1982440594157468,1.9482726234074998,2244157.3495041556,578.2771319026116
89600.0,4575497.120660042,125933.55511871152,4575491.5178677,752.386210113415,1828.9636130300526,752.1741916610499,-6.731651469132489,-0.19040618562124864,-6.731642627462553,17470.347063123747,0.0,0.1982440594157468,1.9482726234074998,2244157.3495041556,578.2771319026116
89700.0,4575572.325623234,126116.45052766647,4575566.701629091,751.7130580924104,1828.9445628936637,751.5010405253496,-6.731389058919013,-0.19059670195402426,-6.731380194486226,17470.347063123747,0.0,0.1982440594157468,1.9482726234074998,2244157.3495041556,578.2771319026116
89800.0,4575647.463272534,126299.3440306536,4575641.8180766795,751.0399322801574,1828.9254936579448,750.8279156006826,-6.731127292923671,-0.19078816980828672,-6.731118405618232,17470.347063123747,0.0,0.1982440594157468,1.9482726234074998,2244157.3495041556,578.2771319026116
89900.0,4575722.533610561,126482.23562575826,4575716.867213083,750.3668326125855,1828.906405228464,750.1548168229895,-6.730866164136151,-0.19098057481172578,-6.7308572538499245,17470.347063123747,0.0,0.1982440594157468,1.9482726234074998,2244157.3495041556,578.2771319026116
90000.0,4575797.536639926,126665.1253110564,4575791.849040914,749.69375902632,1828.887297512216,749.4817441289059,-6.730605665658364,-0.1911739028143947,-6.73059673228485,17470.347063123747,0.0,0.1982440594157468,1.9482726234074998,2244157.3495041556,578.2771319026116
90100.0,4575872.472363234,126848.01308461475,4575866.763562777,749.02071145867,1828.8681704175992,748.8086974557519,-6.730345790702597,-0.19136813988514934,-6.7303368341369145,17470.347063123747,0.0,0.1982440594157468,1.9482726234074998,2244157.3495041556,578.2771319026116
90200.0,4575947.340783083,127030.89894449097,4575941.610781271,748.3476898476182,1828.8490238543943,748.1356767415206,-6.730086532589674,-0.1915632723081376,-6.7300775527285195,17470.347063123747,0.0,0.1982440594157468,1.9482726234074998,2244157.3495041556,578.2771319026116
90300.0,4576022.141902067,127213.78288873372,4576016.390698989,747.6746941318098,1828.829857733743,747.4626819248673,-6.729827884747143,-0.1917592865793549,-6.729818881488785,17470.347063123747,0.0,0.1982440594157468,1.9482726234074998,2244157.3495041556,578.2771319026116
90400.0,4576096.875722771,127396.66491538289,4576091.103318517,747.0017242505421,1828.8106719681268,746.7897129450995,-6.729569840707519,-0.19195616940325125,-6.729560813951762,17470.347063123747,0.0,0.1982440594157468,1.9482726234074998,2244157.3495041556,578.2771319026116
90500.0,4576171.542247776,127579.54502246964,4576165.748642437,746.3287801437538,1828.7914664713471,746.1167697421657,-6.7293123941065245,-0.19215390768939558,-6.729303343754691,17470.347063123747,0.0,0.1982440594157468,1.9482726234074998,2244157.3495041556,578.2771319026116
90600.0,4576246.141479657,127762.42320801661,4576240.326673323,745.655861752015,1828.7722411585034,745.443852256646,-6.729055538681395,-0.19235248854919854,-6.729046464636296,17470.347063123747,0.0,0.1982440594157468,1.9482726234074998,2244157.3495041556,578.2771319026116
90700.0,4576320.6734209815,127945.29947003801,4576314.837413744,744.9829690165171,1828.7529959459746,744.7709604297413,-6.728799268269184,-0.19255189929268574,-6.7287901704351025,17470.347063123747,0.0,0.1982440594157468,1.9482726234074998,2244157.3495041556,578.2771319026116
90800.0,4576395.138074313,128128.17380653974,4576389.2808662625,744.3101018790629,1828.7337307513988,744.0980942032639,-6.728543576805106,-0.19275212742532497,-6.728534455087772,17470.347063123747,0.0,0.1982440594157468,1.9482726234074998,2244157.3495041556,578.2771319026116
90900.0,4576469.535442209,128311.04621551951,4576463.657033436,743.6372602820568,1828.7144454936536,743.4252535196276,-6.72828845832093,-0.1929531606449085,-6.728279312627494,17470.347063123747,0.0,0.1982440594157468,1.9482726234074998,2244157.3495041556,578.2771319026116
91000.0,4576543.865527219,128493.91669496703,4576537.965917816,742.9644441684952,1828.6951400928376,742.752438321838,-6.728033906943364,-0.19315498683848495,-6.728024737182382,17470.347063123747,0.0,0.1982440594157468,1.9482726234074998,2244157.3495041556,578.2771319026116
91100.0,4576618.12833189,128676.78524286403,4576612.207521948,742.2916534819573,1828.6758144702512,742.0796485534833,-6.727779916892483,-0.1933575940793397,-6.727770722973889,17470.347063123747,0.0,0.1982440594157468,1.9482726234074998,2244157.3495041556,578.2771319026116
91200.0,4576692.323858761,128859.65185718445,4576686.3818483725,741.6188881665955,1828.6564685483784,741.4068841587249,-6.727526482480195,-0.19356097062402927,-6.7275172643152885,17470.347063123747,0.0,0.1982440594157468,1.9482726234074998,2244157.3495041556,578.2771319026116
91300.0,4576766.452110367,129042.51653589452,4576760.488899624,740.9461481671267,1828.6371022508686,740.7341450822885,-6.7272735981087175,-0.1937651049094629,-6.727264355610133,17470.347063123747,0.0,0.1982440594157468,1.9482726234074998,2244157.3495041556,578.2771319026116
91400.0,4576840.513089237,129225.37927695292,4576834.528678231,740.2734334288228,1828.6177155025182,740.0614312694547,-6.727021258269099,-0.1939699855500319,-6.727011991350786,17470.347063123747,0.0,0.1982440594157468,1.9482726234074998,2244157.3495041556,578.2771319026116
91500.0,4576914.506797893,129408.24007831086,4576908.501186718,739.6007438975026,1828.598308229254,739.3887426660508,-6.726769457539726,-0.19417560133478548,-6.7267601661169385,17470.347063123747,0.0,0.1982440594157468,1.9482726234074998,2244157.3495041556,578.2771319026116
91600.0,4576988.433238855,129591.09893791217,4576982.406427603,738.9280795195225,1828.5788803581147,738.7160792184417,-6.726518190584903,-0.1943819412246543,-6.72650887457417,17470.347063123747,0.0,0.1982440594157468,1.9482726234074998,2244157.3495041556,578.2771319026116
91700.0,4577062.292414634,129773.9558536935,4577056.244403399,738.2554402417683,1828.5594318172348,738.0434408735214,-6.72626745215344,-0.19458899434972227,-6.7262581114725455,17470.347063123747,0.0,0.1982440594157468,1.9482726234074998,2244157.3495041556,578.2771319026116
91800.0,4577136.084327738,129956.81082358428,4577130.015116612,737.5828260116467,1828.5399625358273,737.3708275787048,-6.726017237077241,-0.19479675000653643,-6.726007871645213,17470.347063123747,0.0,0.1982440594157468,1.9482726234074998,2244157.3495041556,578.2771319026116
91900.0,4577209.808980669,130139.66384550699,4577203.718569747,736.9102367770773,1828.5204724441674,736.6982392819195,-6.7257675402699375,-0.1950051976554667,-6.7257581500070245,17470.347063123747,0.0,0.1982440594157468,1.9482726234074998,2244157.3495041556,578.2771319026116
92000.0,4577283.466375925,130322.51491737715,4577277.354765301,736.2376724864841,1828.500961473576,736.0256759315974,-6.725518356725564,-0.19521432691810844,-6.7255089415532145,17470.347063123747,0.0,0.1982440594157468,1.9482726234074998,2244157.3495041556,578.2771319026116
92100.0,4577357.056515996,130505.36403710349,4577350.923705764,735.5651330887878,1828.481429556404,735.353137476667,-6.725269681517214,-0.1954241275747262,-6.725260241358058,17470.347063123747,0.0,0.1982440594157468,1.9482726234074998,2244157.3495041556,578.2771319026116
92200.0,4577430.579403371,130688.21120258799,4577424.425393624,734.8926185333978,1828.4618766260166,734.6806238665455,-6.725021509795748,-0.1956345895617391,-6.7250120445735835,17470.347063123747,0.0,0.1982440594157468,1.9482726234074998,2244157.3495041556,578.2771319026116
92300.0,4577504.035040529,130871.05641172605,4577497.859831364,734.2201287702048,1828.4423026167776,734.008135051131,-6.724773836788512,-0.19584570296924889,-6.7247643464282865,17470.347063123747,0.0,0.1982440594157468,1.9482726234074998,2244157.3495041556,578.2771319026116
92400.0,4577577.423429949,131053.89966240655,4577571.2270214595,733.547663749573,1828.4227074640341,733.3356709807952,-6.724526657798086,-0.19605745803860755,-6.724517142225871,17470.347063123747,0.0,0.1982440594157468,1.9482726234074998,2244157.3495041556,578.2771319026116
92500.0,4577650.744574103,131236.74095251193,4577644.526966384,732.8752234223322,1828.4030911041016,732.6632316063752,-6.724279968201049,-0.1962698451600262,-6.724270427344029,17470.347063123747,0.0,0.1982440594157468,1.9482726234074998,2244157.3495041556,578.2771319026116
92600.0,4577723.998475456,131419.58027991836,4577717.759668603,732.2028077397714,1828.3834534742493,731.9908168791674,-6.72403376344675,-0.1964828548702201,-6.72402419723321,17470.347063123747,0.0,0.1982440594157468,1.9482726234074998,2244157.3495041556,578.2771319026116
92700.0,4577797.185136471,131602.4176424957,4577790.92513058,731.5304166536308,1828.3637945126854,731.3184267509189,-6.7237880390561395,-0.1966964778500961,-6.723778447415441,17470.347063123747,0.0,0.1982440594157468,1.9482726234074998,2244157.3495041556,578.2771319026116
92800.0,4577870.304559605,131785.2530381078,4577864.023354772,730.8580501160951,1828.344114158543,730.6460611738215,-6.723542790620576,-0.19691070492247578,-6.723533173483144,17470.347063123747,0.0,0.1982440594157468,1.9482726234074998,2244157.3495041556,578.2771319026116
92900.0,4577943.356747311,131968.08646461234,4577937.0543436315,730.1857080797863,1828.324412351866,729.9737201005041,-6.723298013800682,-0.19712552704985445,-6.723288371097986,17470.347063123747,0.0,0.1982440594157468,1.9482726234074998,2244157.3495041556,578.2771319026116
93000.0,4578016.341702036,132150.91791986112,4578010.018099607,729.513390497757,1828.3046890335947,729.3014034840261,-6.723053704325204,-0.19734093533220046,-6.723044035989745,17470.347063123747,0.0,0.1982440594157468,1.9482726234074998,2244157.3495041556,578.2771319026116
93100.0,4578089.259426223,132333.74740170006,4578082.914625142,728.8410973234834,1828.2849441455533,728.6291112778705,-6.722809857989898,-0.19755692100478595,-6.722800163955193,17470.347063123747,0.0,0.1982440594157468,1.9482726234074998,2244157.3495041556,578.2771319026116
93200.0,4578162.109922312,132516.57490796933,4578155.743922675,728.168828510859,1828.2651776304353,727.9568434359372,-6.722566470656438,-0.197773475436058,-6.722556750857001,17470.347063123747,0.0,0.1982440594157468,1.9482726234074998,2244157.3495041556,578.2771319026116
93300.0,4578234.893192736,132699.40043650338,4578228.50599464,727.4965840141879,1828.245389431791,727.284599912537,-6.7223235382513415,-0.19799059012554118,-6.722313792622674,17470.347063123747,0.0,0.1982440594157468,1.9482726234074998,2244157.3495041556,578.2771319026116
93400.0,4578307.609239925,132882.22398513104,4578301.200843467,726.8243637881782,1828.225579494014,726.6123806623843,-6.722081056764902,-0.19820825670177414,-6.722071285243472,17470.347063123747,0.0,0.1982440594157468,1.9482726234074998,2244157.3495041556,578.2771319026116
93500.0,4578380.258066302,133065.0455516757,4578373.8284715805,726.1521677879359,1828.2057477623293,725.9401856405915,-6.721839022250153,-0.1984264669202824,-6.7218292247733835,17470.347063123747,0.0,0.1982440594157468,1.9482726234074998,2244157.3495041556,578.2771319026116
93600.0,4578452.839674288,133247.86513395523,4578446.388881401,725.4799959689586,1828.1858941827795,725.2680148026623,-6.721597430821835,-0.19864521266158,-6.721587607328091,17470.347063123747,0.0,0.1982440594157468,1.9482726234074998,2244157.3495041556,578.2771319026116
93700.0,4578525.3540663,133430.68272978222,4578518.882075345,724.8078482871296,1828.166018702213,724.5958681044859,-6.721356278655397,-0.19886448592920863,-6.721346429083965,17470.347063123747,0.0,0.1982440594157468,1.9482726234074998,2244157.3495041556,578.2771319026116
93800.0,4578597.801244749,133613.4983369639,4578591.308055825,724.1357246987111,1828.146121268272,723.923745502331,-6.721115561986011,-0.1990842788478058,-6.721105686277098,17470.347063123747,0.0,0.1982440594157468,1.9482726234074998,2244157.3495041556,578.2771319026116
93900.0,4578670.1812120415,133796.3119533024,4578663.666825247,723.4636251603393,1828.1262018293803,723.2516469528396,-6.720875277107595,-0.19930458366120427,-6.720865375202296,17470.347063123747,0.0,0.1982440594157468,1.9482726234074998,2244157.3495041556,578.2771319026116
94000.0,4578742.493970581,133979.1235765946,4578735.958386015,722.7915496290182,1828.1062603347314,722.5795724130212,-6.720635420371841,-0.19952539273056263,-6.720625492212143,17470.347063123747,0.0,0.1982440594157468,1.9482726234074998,2244157.3495041556,578.2771319026116
94100.0,4578814.739522766,134161.93320463249,4578808.182740528,722.1194980621133,1828.0862967342766,721.9075218402475,-6.720395988187307,-0.1997466985325283,-6.720386033716063,17470.347063123747,0.0,0.1982440594157468,1.9482726234074998,2244157.3495041556,578.2771319026116
94200.0,4578886.917870991,134344.74083520297,4578880.33989118,721.4474704173468,1828.0663109787142,721.235495192246,-6.720156977018457,-0.19996849365742655,-6.720146996179382,17470.347063123747,0.0,0.1982440594157468,1.9482726234074998,2244157.3495041556,578.2771319026116
94300.0,4578959.029017646,134527.54646608813,4578952.429840363,720.7754666527918,1828.0463030194778,720.5634924270956,-6.719918383384777,-0.20019077080748296,-6.719908376122429,17470.347063123747,0.0,0.1982440594157468,1.9482726234074998,2244157.3495041556,578.2771319026116
94400.0,4579031.072965116,134710.35009506517,4579024.452590461,720.1034867268663,1828.026272808725,719.8915135032198,-6.71968020385987,-0.20041352279507096,-6.71967017011964,17470.347063123747,0.0,0.1982440594157468,1.9482726234074998,2244157.3495041556,578.2771319026116
94500.0,4579103.049715784,134893.15171990657,4579096.408143857,719.4315305983287,1828.006220299327,719.2195583793823,-6.719442435070583,-0.20063674254099192,-6.71943237479868,17470.347063123747,0.0,0.1982440594157468,1.9482726234074998,2244157.3495041556,578.2771319026116
94600.0,4579174.959272028,135075.95133838017,4579168.296502928,718.7595982262718,1827.9861454448574,718.5476270146813,-6.719205073696131,-0.20086042307277788,-6.719194986839573,17470.347063123747,0.0,0.1982440594157468,1.9482726234074998,2244157.3495041556,578.2771319026116
94700.0,4579246.80163622,135258.74894824918,4579240.11767005,718.0876895701181,1827.9660481995818,717.8757193685447,-6.718968116467267,-0.20108455752302776,-6.718958002973869,17470.347063123747,0.0,0.1982440594157468,1.9482726234074998,2244157.3495041556,578.2771319026116
94800.0,4579318.576810731,135441.54454727223,4579311.871647591,717.4158045896143,1827.9459285184475,717.2038354007241,-6.71873156016543,-0.20130913912776452,-6.718721419983784,17470.347063123747,0.0,0.1982440594157468,1.9482726234074998,2244157.3495041556,578.2771319026116
94900.0,4579390.2847979255,135624.33813320354,4579383.558437917,716.7439432448265,1827.925786357073,716.531975071291,-6.718495401621915,-0.20153416122482276,-6.718485234701392,17470.347063123747,0.0,0.1982440594157468,1.9482726234074998,2244157.3495041556,578.2771319026116
95000.0,4579461.925600166,135807.12970379286,4579455.178043392,716.0721054961354,1827.9056216717383,715.8601383406309,-6.718259637717105,-0.20175961725226324,-6.7182494440078315,17470.347063123747,0.0,0.1982440594157468,1.9482726234074998,2244157.3495041556,578.2771319026116
95100.0,4579533.499219811,135989.91925678565,4579526.7304663705,715.4002913042309,1827.885434419374,715.1883251694388,-6.71802426537963,-0.20198550074680843,-6.718014044832481,17470.347063123747,0.0,0.1982440594157468,1.9482726234074998,2244157.3495041556,578.2771319026116
95200.0,4579605.005659211,136172.70678992308,4579598.215709209,714.728500630108,1827.8652245575524,714.5165355187146,-6.717789281585616,-0.2022118053423076,-6.717779034152207,17470.347063123747,0.0,0.1982440594157468,1.9482726234074998,2244157.3495041556,578.2771319026116
95300.0,4579676.44492072,136355.4923009421,4579669.633774257,714.0567334350616,1827.844992044478,713.8447693497578,-6.717554683357913,-0.20243852476822574,-6.71754440899058,17470.347063123747,0.0,0.1982440594157468,1.9482726234074998,2244157.3495041556,578.2771319026116
95400.0,4579747.81700668,136538.27578757555,4579740.984663861,713.384989680682,1827.824736838977,713.1730266241636,-6.717320467765321,-0.20266565284815327,-6.717310166417118,17470.347063123747,0.0,0.1982440594157468,1.9482726234074998,2244157.3495041556,578.2771319026116
95500.0,4579819.121919435,136721.05724755212,4579812.268380363,712.7132693288503,1827.8044589004894,712.5013073038177,-6.717086631921871,-0.2028931834983468,-6.717076303546561,17470.347063123747,0.0,0.1982440594157468,1.9482726234074998,2244157.3495041556,578.2771319026116
95600.0,4579890.359661325,136903.83667859653,4579883.484926101,712.0415723417341,1827.7841581890582,711.8296113508923,-6.716853172986087,-0.20312111072628616,-6.7168428175381205,17470.347063123747,0.0,0.1982440594157468,1.9482726234074998,2244157.3495041556,578.2771319026116
95700.0,4579961.530234681,137086.61407842953,4579954.634303411,711.3698986817828,1827.7638346653216,711.1579387278413,-6.716620088160265,-0.20334942862926014,-6.716609705594777,17470.347063123747,0.0,0.1982440594157468,1.9482726234074998,2244157.3495041556,578.2771319026116
95800.0,4580032.633641837,137269.3894447679,4580025.716514623,710.6982483117235,1827.7434882905036,710.4862893973963,-6.716387374689759,-0.2035781313929701,-6.716376964962562,17470.347063123747,0.0,0.1982440594157468,1.9482726234074998,2244157.3495041556,578.2771319026116
95900.0,4580103.6698851185,137452.16277532466,4580096.731562065,710.0266211945568,1827.7231190264051,709.8146633225621,-6.716155029862323,-0.2038072132901627,-6.716144592929886,17470.347063123747,0.0,0.1982440594157468,1.9482726234074998,2244157.3495041556,578.2771319026116
96000.0,4580174.63896685,137634.93406780896,4580167.679448061,709.3550172935521,1827.7027268353959,709.1430604666126,-6.715923051007372,-0.20403666867927533,-6.715912586826823,17470.347063123747,0.0,0.1982440594157468,1.9482726234074998,2244157.3495041556,578.2771319026116
96100.0,4580245.540889351,137817.70331992628,4580238.560174931,708.683436572244,1827.6823116804048,708.4714807930867,-6.715691435495357,-0.2042664920031131,-6.715680944024463,17470.347063123747,0.0,0.1982440594157468,1.9482726234074998,2244157.3495041556,578.2771319026116
96200.0,4580316.375654937,138000.47052937836,4580309.373744991,708.011878994428,1827.6618735249133,707.799924265784,-6.7154601807370895,-0.20449667778754055,-6.715449661934255,17470.347063123747,0.0,0.1982440594157468,1.9482726234074998,2244157.3495041556,578.2771319026116
96300.0,4580387.143265921,138183.23569386336,4580380.120160554,707.3403445241565,1827.6414123329453,707.1283908487611,-6.715229284183093,-0.20472722064019694,-6.715218738007348,17470.347063123747,0.0,0.1982440594157468,1.9482726234074998,2244157.3495041556,578.2771319026116
96400.0,4580457.843724611,138365.99881107587,4580450.799423929,706.668833125735,1827.6209280690603,706.4568805063275,-6.714998743322958,-0.20495811524923035,-6.714988169733944,17470.347063123747,0.0,0.1982440594157468,1.9482726234074998,2244157.3495041556,578.2771319026116
96500.0,4580528.477033314,138548.75987870694,4580521.411537423,705.9973447637179,1827.6004206983448,705.7853932030416,-6.714768555684726,-0.20518935638205466,-6.714757954642692,17470.347063123747,0.0,0.1982440594157468,1.9482726234074998,2244157.3495041556,578.2771319026116
96600.0,4580599.043194331,138731.51889444416,4580591.956503336,705.3258794029051,1827.579890186405,705.1139289037073,-6.71453871883426,-0.20542093888412427,-6.714528090300052,17470.347063123747,0.0,0.1982440594157468,1.9482726234074998,2244157.3495041556,578.2771319026116
96700.0,4580669.5422099605,138914.2758559717,4580662.434323969,704.654437008338,1827.5593364993583,704.4424875733699,-6.714309230374651,-0.2056528576777297,-6.714298574309702,17470.347063123747,0.0,0.1982440594157468,1.9482726234074998,2244157.3495041556,578.2771319026116
96800.0,4580739.974082497,139097.0307609704,4580732.845001616,703.9830175452959,1827.5387596038265,703.7710691773124,-6.714080087945614,-0.20588510776081237,-6.714069404311941,17470.347063123747,0.0,0.1982440594157468,1.9482726234074998,2244157.3495041556,578.2771319026116
96900.0,4580810.3388142325,139279.78360711774,4580803.188538568,703.3116209792921,1827.5181594669275,703.099673681052,-6.713851289222901,-0.20611768420579635,-6.713840577983084,17470.347063123747,0.0,0.1982440594157468,1.9482726234074998,2244157.3495041556,578.2771319026116
97000.0,4580880.6364074545,139462.53439208798,4580873.464937114,702.6402472760708,1827.4975360562685,702.4283010503365,-6.713622831917719,-0.20635058215844246,-6.713612093034906,17470.347063123747,0.0,0.1982440594157468,1.9482726234074998,2244157.3495041556,578.2771319026116
97100.0,4580950.866864448,139645.28311355214,4580943.674199539,701.9688964016032,1827.4768893399385,701.7569512511408,-6.71339471377617,-0.2065837968367169,-6.71338394721406,17470.347063123747,0.0,0.1982440594157468,1.9482726234074998,2244157.3495041556,578.2771319026116
97200.0,4581021.030187495,139828.02976917807,4581013.816328124,701.2975683220841,1827.4562192865008,701.0856242496634,-6.713166932578696,-0.2068173235296812,-6.713156138301534,17470.347063123747,0.0,0.1982440594157468,1.9482726234074998,2244157.3495041556,578.2771319026116
97300.0,4581091.1263788715,140010.7743566305,4581083.891325148,700.6262630039288,1827.4355258649866,700.4143200123231,-6.712939486139522,-0.20705115759639778,-6.712928664112091,17470.347063123747,0.0,0.1982440594157468,1.9482726234074998,2244157.3495041556,578.2771319026116
97400.0,4581161.155440853,140193.51687357112,4581153.899192885,699.9549804137694,1827.414809044888,699.7430385057553,-6.7127123723061075,-0.20728529446485236,-6.712701522493719,17470.347063123747,0.0,0.1982440594157468,1.9482726234074998,2244157.3495041556,578.2771319026116
97500.0,4581231.117375711,140376.25731765854,4581223.839933606,699.2837205184514,1827.3940687961503,699.0717796968092,-6.712485588958638,-0.20751972963089696,-6.712474711327127,17470.347063123747,0.0,0.1982440594157468,1.9482726234074998,2244157.3495041556,578.2771319026116
97600.0,4581301.012185712,140558.9956865484,4581293.7135495795,698.6124832850311,1827.3733050891665,698.4005435525444,-6.712259134009489,-0.20775445865720624,-6.712248228525203,17470.347063123747,0.0,0.1982440594157468,1.9482726234074998,2244157.3495041556,578.2771319026116
97700.0,4581370.839873122,140741.73197789345,4581363.52004307,697.9412686807715,1827.3525178947693,697.7293300402273,-6.71203300540271,-0.20798947717225194,-6.7120220720325,17470.347063123747,0.0,0.1982440594157468,1.9482726234074998,2244157.3495041556,578.2771319026116
97800.0,4581440.600440201,140924.46618934348,4581433.259416341,697.27007667314,1827.331707184226,697.0581391273284,-6.711807201113534,-0.20822478086929402,-6.711796239824755,17470.347063123747,0.0,0.1982440594157468,1.9482726234074998,2244157.3495041556,578.2771319026116
97900.0,4581510.293889209,141107.19831854547,4581502.931671648,696.5989072298047,1827.3108729292308,696.3869707815193,-6.711581719147848,-0.20846036550538538,-6.711570729908344,17470.347063123747,0.0,0.1982440594157468,1.9482726234074998,2244157.3495041556,578.2771319026116
98000.0,4581579.920222399,141289.92836314358,4581572.536811248,695.9277603186317,1827.2900151018996,695.7158249706691,-6.711356557541748,-0.20869622690039746,-6.711345540319846,17470.347063123747,0.0,0.1982440594157468,1.9482726234074998,2244157.3495041556,578.2771319026116
98100.0,4581649.479442023,141472.6563207792,4581642.074837393,695.2566359076822,1827.2691336747628,695.0447016628422,-6.711131714361027,-0.20893236093605586,-6.711120669125534,17470.347063123747,0.0,0.1982440594157468,1.9482726234074998,2244157.3495041556,578.2771319026116
98200.0,4581718.97155033,141655.38218909097,4581711.545752331,694.5855339652089,1827.2482286207596,694.3736008262944,-6.7109071877007205,-0.20916876355499467,-6.710896114420907,17470.347063123747,0.0,0.1982440594157468,1.9482726234074998,2244157.3495041556,578.2771319026116
98300.0,4581788.396549564,141838.1059657149,4581780.9495583065,693.9144544596539,1827.2272999132322,693.7025224294708,-6.710682975684621,-0.20940543075982407,-6.710671874330228,17470.347063123747,0.0,0.1982440594157468,1.9482726234074998,2244157.3495041556,578.2771319026116
98400.0,4581857.754441968,142020.8276482843,4581850.286257563,693.2433973596454,1827.2063475259195,693.0314664410027,-6.710459076464842,-0.20964235861221403,-6.710447947006062,17470.347063123747,0.0,0.1982440594157468,1.9482726234074998,2244157.3495041556,578.2771319026116
98500.0,4581927.045229781,142203.5472344299,4581919.5558523405,692.5723626339951,1827.185371432951,692.3604328297047,-6.710235488221353,-0.20987954323199126,-6.710224330628831,17470.347063123747,0.0,0.1982440594157468,1.9482726234074998,2244157.3495041556,578.2771319026116
98600.0,4581996.26891524,142386.26472177985,4581988.758344874,691.9013502516951,1827.1643716088415,691.6894215645718,-6.710012209161549,-0.2101169807962522,-6.710001023406369,17470.347063123747,0.0,0.1982440594157468,1.9482726234074998,2244157.3495041556,578.2771319026116
98700.0,4582065.425500575,142568.9801079598,4582057.893737397,691.2303601819156,1827.1433480284857,691.0184326147771,-6.709789237519809,-0.21035466753848822,-6.709778023573494,17470.347063123747,0.0,0.1982440594157468,1.9482726234074998,2244157.3495041556,578.2771319026116
98800.0,4582134.514988019,142751.69339059285,4582126.96203214,690.5593923940019,1827.1223006671516,690.3474659496687,-6.709566571557064,-0.210592599747725,-6.709555329391566,17470.347063123747,0.0,0.1982440594157468,1.9482726234074998,2244157.3495041556,578.2771319026116
98900.0,4582203.537379797,142934.4045672997,4582195.963231329,689.888446857472,1827.101229500476,689.6765215387675,-6.709344209560389,-0.2108307737676781,-6.709332939148083,17470.347063123747,0.0,0.1982440594157468,1.9482726234074998,2244157.3495041556,578.2771319026116
99000.0,4582272.492678132,143117.11363569862,4582264.897337188,689.2175235420139,1827.0801345044579,689.0055993517641,-6.7091221498425755,-0.21106918599591695,-6.709110851156253,17470.347063123747,0.0,0.1982440594157468,1.9482726234074998,2244157.3495041556,578.2771319026116
99100.0,4582341.380885245,143299.8205934055,4582333.764351939,688.5466224174829,1827.0590156554547,688.3346993585166,-6.708900390741731,-0.21130783288304675,-6.708889063754598,17470.347063123747,0.0,0.1982440594157468,1.9482726234074998,2244157.3495041556,578.2771319026116
99200.0,4582410.202003354,143482.52543803383,4582402.564277799,687.8757434538995,1827.0378729301758,687.663821529048,-6.708678930620872,-0.21154671093190042,-6.708667575306534,17470.347063123747,0.0,0.1982440594157468,1.9482726234074998,2244157.3495041556,578.2771319026116
99300.0,4582478.956034673,143665.22816719487,4582471.297116983,687.2048866214465,1827.0167063056779,686.992965833544,-6.708457767867546,-0.21178581669674582,-6.708446384200013,17470.347063123747,0.0,0.1982440594157468,1.9482726234074998,2244157.3495041556,578.2771319026116
99400.0,4582547.642981415,143847.92877849756,4582539.962871702,686.5340518904667,1826.9955157593593,686.3221322423497,-6.7082369008934295,-0.2120251467825023,-6.708225488847102,17470.347063123747,0.0,0.1982440594157468,1.9482726234074998,2244157.3495041556,578.2771319026116
99500.0,4582616.262845787,144030.6272695486,4582608.561544167,685.8632392314606,1826.9743012689555,685.6513207259683,-6.708016328133941,-0.2122646978439713,-6.708004887683606,17470.347063123747,0.0,0.1982440594157468,1.9482726234074998,2244157.3495041556,578.2771319026116
99600.0,4582684.815629996,144213.32363795248,4582677.0931365825,685.1924486150841,1826.9530628125344,684.980531255058,-6.707796048047885,-0.21250446658508074,-6.707784579168711,17470.347063123747,0.0,0.1982440594157468,1.9482726234074998,2244157.3495041556,578.2771319026116
99700.0,4582753.301336245,144396.0178813115,4582745.557651152,684.5216800121459,1826.9318003684907,684.3097638004302,-6.707576059117075,-0.21274444975813814,-6.707564561784611,17470.347063123747,0.0,0.1982440594157468,1.9482726234074998,2244157.3495041556,578.2771319026116
99800.0,4582821.719966732,144578.70999722587,4582813.955090076,683.8509333936054,1826.9105139155417,683.6390183330467,-6.707356359845962,-0.2129846441630974,-6.7073448340361255,17470.347063123747,0.0,0.1982440594157468,1.9482726234074998,2244157.3495041556,578.2771319026116
99900.0,4582890.071523655,144761.3999832936,4582882.285455551,683.1802087305705,1826.8892034327223,682.9682948240177,-6.70713694876129,-0.2132250466468365,-6.707125394450361,17470.347063123747,0.0,0.1982440594157468,1.9482726234074998,2244157.3495041556,578.2771319026116
100000.0,4582958.356009209,144944.0878371107,4582950.548749772,682.5095059942953,1826.86786889938,682.2975932445996,-6.706917824411742,-0.21346565410244756,-6.7069062415763625,17470.347063123747,0.0,0.1982440594157468,1.9482726234074998,2244157.3495041556,578.2771319026116
100100.0,4583026.573425584,145126.7735562711,4583018.74497493,681.838825156178,1826.8465102951714,681.626913566193,-6.706698985367588,-0.21370646346853608,-6.706687373984755,17470.347063123747,0.0,0.1982440594157468,1.9482726234074998,2244157.3495041556,578.2771319026116
100200.0,4583094.723774969,145309.4571383667,4583086.874133214,681.1681661877586,1826.8251276000565,680.9562557603402,-6.706480430220347,-0.213947471728533,-6.706468790267405,17470.347063123747,0.0,0.1982440594157468,1.9482726234074998,2244157.3495041556,578.2771319026116
100300.0,4583162.807059549,145492.13858098743,4583154.93622681,680.497529060717,1826.803720794295,680.2856197987234,-6.706262157582463,-0.21418867591001722,-6.7062504890371,17470.347063123747,0.0,0.1982440594157468,1.9482726234074998,2244157.3495041556,578.2771319026116
100400.0,4583230.823281508,145674.81788172125,4583222.931257901,679.8269137468708,1826.7822898584416,679.6150056531621,-6.70604416608697,-0.21443007308404852,-6.7060324689272175,17470.347063123747,0.0,0.1982440594157468,1.9482726234074998,2244157.3495041556,578.2771319026116
100500.0,4583298.772443024,145857.49503815416,4583290.859228667,679.1563202181732,1826.7608347733415,678.9444132956121,-6.705826454387151,-0.2146716603645091,-6.705814728591372,17470.347063123747,0.0,0.1982440594157468,1.9482726234074998,2244157.3495041556,578.2771319026116
100600.0,4583366.654546277,146040.1700478703,4583358.720141285,678.4857484467111,1826.7393555201265,678.2738426981623,-6.70560902115626,-0.2149134349074602,-6.705597266703145,17470.347063123747,0.0,0.1982440594157468,1.9482726234074998,2244157.3495041556,578.2771319026116
100700.0,4583434.469593438,146222.84290845197,4583426.513997931,677.8151984047032,1826.7178520802113,677.6032938330335,-6.705391865087168,-0.21515539391050365,-6.705380081955736,17470.347063123747,0.0,0.1982440594157468,1.9482726234074998,2244157.3495041556,578.2771319026116
100800.0,4583502.217586681,146405.51361747953,4583494.240800776,677.1446700644979,1826.6963244352878,676.9327666725761,-6.705174984892079,-0.21539753461215627,-6.705163173061668,17470.347063123747,0.0,0.1982440594157468,1.9482726234074998,2244157.3495041556,578.2771319026116
100900.0,4583569.898528174,146588.1821725316,4583561.900551988,676.4741633985712,1826.6747725673229,676.2622611892684,-6.704958379302226,-0.21563985429123356,-6.704946538752484,17470.347063123747,0.0,0.1982440594157468,1.9482726234074998,2244157.3495041556,578.2771319026116
101000.0,4583637.512420082,146770.848571185,4583629.493253735,675.8036783795255,1826.653196458553,675.5917773557145,-6.70474204706755,-0.21588235026624206,-6.704730177778444,17470.347063123747,0.0,0.1982440594157468,1.9482726234074998,2244157.3495041556,578.2771319026116
101100.0,4583705.0592645705,146953.51281101472,4583697.01890818,675.1332149800869,1826.6315960914812,674.9213151446426,-6.704525986956445,-0.21612501989478333,-6.704514088908241,17470.347063123747,0.0,0.1982440594157468,1.9482726234074998,2244157.3495041556,578.2771319026116
101200.0,4583772.539063798,147136.1748895941,4583764.477517484,674.4627731731039,1826.6099714488726,674.2508745289032,-6.704310197755442,-0.21636786057296548,-6.704298270928711,17470.347063123747,0.0,0.1982440594157468,1.9482726234074998,2244157.3495041556,578.2771319026116
101300.0,4583839.951819924,147318.83480449475,4583831.869083805,673.7923529315453,1826.5883225137507,673.5804554814671,-6.704094678268926,-0.2166108697348229,-6.704082722644537,17470.347063123747,0.0,0.1982440594157468,1.9482726234074998,2244157.3495041556,578.2771319026116
101400.0,4583907.297535102,147501.49255328655,4583899.193609298,673.1219542284989,1826.5666492693938,672.9100579754238,-6.703879427318873,-0.2168540448517488,-6.703867442877986,17470.347063123747,0.0,0.1982440594157468,1.9482726234074998,2244157.3495041556,578.2771319026116
101500.0,4583974.576211486,147684.14813353776,4583966.451096117,672.451577037169,1826.5449516993315,672.2396819839796,-6.703664443744556,-0.21709738343193213,-6.703652430468618,17470.347063123747,0.0,0.1982440594157468,1.9482726234074998,2244157.3495041556,578.2771319026116
101600.0,4584041.787851226,147866.80154281502,4584033.6415464105,671.7812213308756,1826.5232297873404,671.5693274804563,-6.703449726402295,-0.21734088301980736,-6.703437684273039,17470.347063123747,0.0,0.1982440594157468,1.9482726234074998,2244157.3495041556,578.2771319026116
101700.0,4584108.932456467,148049.4527786833,4584100.764962328,671.1108870830518,1826.501483517441,670.8989944382888,-6.703235274165177,-0.21758454119550966,-6.703223203164619,17470.347063123747,0.0,0.1982440594157468,1.9482726234074998,2244157.3495041556,578.2771319026116
101800.0,4584176.010029356,148232.10183870606,4584167.821346013,670.4405742672428,1826.4797128738944,670.2286828310241,-6.703021085922793,-0.21782835557433958,-6.703008986033222,17470.347063123747,0.0,0.1982440594157468,1.9482726234074998,2244157.3495041556,578.2771319026116
101900.0,4584243.020572034,148414.74872044512,4584234.810699608,669.770282857104,1826.4579178411977,669.5583926323194,-6.702807160580993,-0.21807232380623748,-6.702795031784972,17470.347063123747,0.0,0.1982440594157468,1.9482726234074998,2244157.3495041556,578.2771319026116
102000.0,4584309.96408664,148597.39342146082,4584301.733025253,669.1000128263993,1826.4360984040818,668.8881238159403,-6.702593497061628,-0.21831644357526436,-6.702581339341985,17470.347063123747,0.0,0.1982440594157468,1.9482726234074998,2244157.3495041556,578.2771319026116
102100.0,4584376.84057531,148780.03593931196,4584368.588325083,668.4297641489997,1826.4142545475074,668.2178763557596,-6.702380094302288,-0.21856071259909057,-6.702367907642117,17470.347063123747,0.0,0.1982440594157468,1.9482726234074998,2244157.3495041556,578.2771319026116
102200.0,4584443.65004018,148962.67627155586,4584435.376601235,667.7595367988816,1826.392386256662,667.5476502257553,-6.7021669512560775,-0.21880512862849433,-6.702154735638734,17470.347063123747,0.0,0.1982440594157468,1.9482726234074998,2244157.3495041556,578.2771319026116
102300.0,4584510.392483381,149145.31441574835,4584502.097855839,667.0893307501257,1826.3704935169555,666.8774454000096,-6.701954066891366,-0.21904968944686692,-6.701941822300462,17470.347063123747,0.0,0.1982440594157468,1.9482726234074998,2244157.3495041556,578.2771319026116
102400.0,4584577.06790704,149327.9503694438,4584568.752091024,666.4191459769145,1826.348576314019,666.2072618527069,-6.7017414401915465,-0.2192943928697249,-6.701729166610947,17470.347063123747,0.0,0.1982440594157468,1.9482726234074998,2244157.3495041556,578.2771319026116
102500.0,4584643.676313285,149510.58413019523,4584635.3393089175,665.7489824535319,1826.3266346337,665.5370995581325,-6.701529070154802,-0.2195392367442305,-6.70151676756862,17470.347063123747,0.0,0.1982440594157468,1.9482726234074998,2244157.3495041556,578.2771319026116
102600.0,4584710.217704238,149693.21569555416,4584701.859511643,665.078840154361,1826.3046684620592,664.8669584906711,-6.701316955793889,-0.21978421894872072,-6.701304624186482,17470.347063123747,0.0,0.1982440594157468,1.9482726234074998,2244157.3495041556,578.2771319026116
102700.0,4584776.692082022,149875.8450630708,4584768.312701322,664.408719053883,1826.2826777853688,664.1968386248055,-6.701105096135889,-0.22002933739224087,-6.701092735491864,17470.347063123747,0.0,0.1982440594157468,1.9482726234074998,2244157.3495041556,578.2771319026116
102800.0,4584843.099448755,150058.47223029393,4584834.698880074,663.7386191266758,1826.2606625901083,663.5267399351151,-6.700893490222015,-0.2202745900140885,-6.700881100526208,17470.347063123747,0.0,0.1982440594157468,1.9482726234074998,2244157.3495041556,578.2771319026116
102900.0,4584909.439806553,150241.09719477108,4584901.018050014,663.0685403474121,1826.2386228629612,662.8566623962741,-6.700682137107367,-0.2205199747833621,-6.700669718344857,17470.347063123747,0.0,0.1982440594157468,1.9482726234074998,2244157.3495041556,578.2771319026116
103000.0,4584975.713157529,150423.71995404837,4584967.2702132575,662.3984826908587,1826.2165585908133,662.186605983051,-6.7004710358607245,-0.22076548969851692,-6.700458588016816,17470.347063123747,0.0,0.1982440594157468,1.9482726234074998,2244157.3495041556,578.2771319026116
103100.0,4585041.919503794,150606.34050567064,4585033.455371914,661.7284461318749,1826.194469760749,661.5165706703062,-6.700260185564349,-0.22101113278693035,-6.70024770862458,17470.347063123747,0.0,0.1982440594157468,1.9482726234074998,2244157.3495041556,578.2771319026116
103200.0,4585108.058847457,150788.9588471815,4585099.573528094,661.0584306454109,1826.1723563600483,660.8465564329916,-6.700049585313752,-0.22125690210446955,-6.700037079263885,17470.347063123747,0.0,0.1982440594157468,1.9482726234074998,2244157.3495041556,578.2771319026116
103300.0,4585174.131190624,150971.57497612323,4585165.624683903,660.388436206507,1826.1502183761843,660.1765632461487,-6.699839234217506,-0.22150279573506956,-6.699826699043522,17470.347063123747,0.0,0.1982440594157468,1.9482726234074998,2244157.3495041556,578.2771319026116
103400.0,4585240.136535399,151154.1888900369,4585231.608841444,659.7184627902916,1826.1280557968205,659.5065910849075,-6.699629131397048,-0.22174881179031694,-6.699616567085151,17470.347063123747,0.0,0.1982440594157468,1.9482726234074998,2244157.3495041556,578.2771319026116
103500.0,4585306.074883882,151336.80058646234,4585297.52600282,659.0485103719806,1826.1058686098074,658.8366399244852,-6.699419275986456,-0.22199494840903747,-6.699406682523059,17470.347063123747,0.0,0.1982440594157468,1.9482726234074998,2244157.3495041556,578.2771319026116
103600.0,4585371.946238172,151519.4100629382,4585363.376170129,658.3785789268758,1826.083656803181,658.1667097401848,-6.699209667132279,-0.2222412037568946,-6.699197044504017,17470.347063123747,0.0,0.1982440594157468,1.9482726234074998,2244157.3495041556,578.2771319026116
103700.0,4585437.750600366,151702.01731700194,4585429.159345467,657.7086684303637,1826.0614203651587,657.4968005073944,-6.699000303993336,-0.2224875760259899,-6.698987652187045,17470.347063123747,0.0,0.1982440594157468,1.9482726234074998,2244157.3495041556,578.2771319026116
103800.0,4585503.487972556,151884.6223461898,4585494.875530927,657.0387788579143,1826.039159284138,656.8269122015851,-6.698791185740527,-0.2227340634344724,-6.698778504743253,17470.347063123747,0.0,0.1982440594157468,1.9482726234074998,2244157.3495041556,578.2771319026116
103900.0,4585569.158356834,152067.22514803696,4585560.524728604,656.3689101850799,1826.0168735486925,656.1570447983105,-6.698582311556634,-0.22298066422615145,-6.698569601355627,17470.347063123747,0.0,0.1982440594157468,1.9482726234074998,2244157.3495041556,578.2771319026116
104000.0,4585634.761755289,152249.82572007738,4585626.106940583,655.6990623874941,1825.994563147571,655.4871982732055,-6.6983736806361645,-0.22322737667011958,-6.698360941218874,17470.347063123747,0.0,0.1982440594157468,1.9482726234074998,2244157.3495041556,578.2771319026116
104100.0,4585700.298170006,152432.42405984394,4585691.6221689535,655.0292354408704,1825.9722280696935,654.8173726019849,-6.698165292185159,-0.22347419906037677,-6.698152523539229,17470.347063123747,0.0,0.1982440594157468,1.9482726234074998,2244157.3495041556,578.2771319026116
104200.0,4585765.7676030705,152615.02016486842,4585757.070415799,654.3594293210009,1825.94986830415,654.1475677604419,-6.697957145420992,-0.2237211297154617,-6.697944347534267,17470.347063123747,0.0,0.1982440594157468,1.9482726234074998,2244157.3495041556,578.2771319026116
104300.0,4585831.170056564,152797.6140326815,4585822.4516832,653.6896440037557,1825.9274838401968,653.4777837244479,-6.6977492395722455,-0.22396816697809205,-6.697736412432757,17470.347063123747,0.0,0.1982440594157468,1.9482726234074998,2244157.3495041556,578.2771319026116
104400.0,4585896.505532565,152980.20566081282,4585887.765973236,653.0198794650813,1825.9050746672551,652.8080204699506,-6.697541573878481,-0.2242153092148044,-6.697528717474452,17470.347063123747,0.0,0.1982440594157468,1.9482726234074998,2244157.3495041556,578.2771319026116
104500.0,4585961.774033149,153162.79504679097,4585953.013287986,652.3501356809999,1825.8826407749084,652.1382779729732,-6.697334147590119,-0.22446255481560543,-6.697321261909962,17470.347063123747,0.0,0.1982440594157468,1.9482726234074998,2244157.3495041556,578.2771319026116
104600.0,4586026.975560391,153345.38218814347,4586018.193629522,651.6804126276078,1825.8601821528996,651.4685562096134,-6.697126959968247,-0.22470990219362433,-6.697114045000552,17470.347063123747,0.0,0.1982440594157468,1.9482726234074998,2244157.3495041556,578.2771319026116
104700.0,4586092.110116364,153527.96708239688,4586083.306999918,651.0107102810749,1825.8376987911292,650.7988551560422,-6.696920010284452,-0.22495734978477192,-6.696907066017992,17470.347063123747,0.0,0.1982440594157468,1.9482726234074998,2244157.3495041556,578.2771319026116
104800.0,4586157.1777031375,153710.5497270767,4586148.353401243,650.3410286176436,1825.8151906796536,650.1291747885028,-6.696713297820683,-0.22520489604740682,-6.6967003242444125,17470.347063123747,0.0,0.1982440594157468,1.9482726234074998,2244157.3495041556,578.2771319026116
104900.0,4586222.178322777,153893.1301197075,4586213.332835564,649.6713676136271,1825.7926578086815,649.45951508331,-6.696506821869066,-0.2254525394620032,-6.696493818972115,17470.347063123747,0.0,0.1982440594157468,1.9482726234074998,2244157.3495041556,578.2771319026116
105000.0,4586287.111977348,154075.7082578128,4586278.245304948,649.0017272454094,1825.7701001685728,648.7898760168483,-6.696300581731772,-0.22570027853082666,-6.696287549503442,17470.347063123747,0.0,0.1982440594157468,1.9482726234074998,2244157.3495041556,578.2771319026116
105100.0,4586351.978668913,154258.28413891525,4586343.090811455,648.3321074894433,1825.747517749836,648.120257565572,-6.696094576720845,-0.22594811177761331,-6.696081515150608,17470.347063123747,0.0,0.1982440594157468,1.9482726234074998,2244157.3495041556,578.2771319026116
105200.0,4586416.778399533,154440.85776053648,4586407.869357146,647.6625083222502,1825.7249105431265,647.4506597060035,-6.695888806158059,-0.22619603774725447,-6.695875715235557,17470.347063123747,0.0,0.1982440594157468,1.9482726234074998,2244157.3495041556,578.2771319026116
105300.0,4586481.511171264,154623.42912019728,4586472.580944081,646.9929297204189,1825.7022785392437,646.7810824147326,-6.695683269374769,-0.226444055005486,-6.695670149089809,17470.347063123747,0.0,0.1982440594157468,1.9482726234074998,2244157.3495041556,578.2771319026116
105400.0,4586546.176986162,154805.99821541746,4586537.225574314,646.3233716606046,1825.6796217291296,646.1115256684153,-6.695477965711769,-0.22669216213858281,-6.695464816054322,17470.347063123747,0.0,0.1982440594157468,1.9482726234074998,2244157.3495041556,578.2771319026116
105500.0,4586610.77584628,154988.56504371593,4586601.803249898,645.6538341195277,1825.6569401038666,645.4419894437731,-6.695272894519129,-0.22694035775305654,-6.69525971547933,17470.347063123747,0.0,0.1982440594157468,1.9482726234074998,2244157.3495041556,578.2771319026116
105600.0,4586675.307753669,155171.12960261077,4586666.313972886,644.9843170739732,1825.6342336546754,644.7724737175921,-6.695068055156084,-0.22718864047536033,-6.695054846724224,17470.347063123747,0.0,0.1982440594157468,1.9482726234074998,2244157.3495041556,578.2771319026116
105700.0,4586739.772710377,155353.69188961913,4586730.757745325,644.3148205007899,1825.611502372913,644.102978466722,-6.69486344699087,-0.2274370089515958,-6.694850209157399,17470.347063123747,0.0,0.1982440594157468,1.9482726234074998,2244157.3495041556,578.2771319026116
105800.0,4586804.170718451,155536.25190225733,4586795.134569261,643.6453443768892,1825.5887462500712,643.4335036680751,-6.6946590694006,-0.2276854618472258,-6.694645802156121,17470.347063123747,0.0,0.1982440594157468,1.9482726234074998,2244157.3495041556,578.2771319026116
105900.0,4586868.501779933,155718.80963804084,4586859.44444674,642.9758886792443,1825.5659652777736,642.7640492986257,-6.694454921771112,-0.22793399784679047,-6.694441625106381,17470.347063123747,0.0,0.1982440594157468,1.9482726234074998,2244157.3495041556,578.2771319026116
106000.0,4586932.765896867,155901.3650944843,4586923.687379802,642.3064533848898,1825.543159447775,642.0946153354089,-6.694251003496868,-0.2281826156536295,-6.694237677402789,17470.347063123747,0.0,0.1982440594157468,1.9482726234074998,2244157.3495041556,578.2771319026116
106100.0,4586996.96307129,156083.91826910153,4586987.863370487,641.6370384709197,1825.5203287519587,641.4252017555201,-6.694047313980785,-0.22843131398960587,-6.694033958448414,17470.347063123747,0.0,0.1982440594157468,1.9482726234074998,2244157.3495041556,578.2771319026116
106200.0,4587061.09330524,156266.46915940556,4587051.972420831,640.967643914488,1825.497473182335,640.7558085361138,-6.693843852634134,-0.22868009159483668,-6.693830467654669,17470.347063123747,0.0,0.1982440594157468,1.9482726234074998,2244157.3495041556,578.2771319026116
106300.0,4587125.156600751,156449.01776290862,4587116.014532872,640.2982696928067,1825.474592731039,640.0864356544031,-6.693640618876404,-0.22892894722742588,-6.6936272044411895,17470.347063123747,0.0,0.1982440594157468,1.9482726234074998,2244157.3495041556,578.2771319026116
106400.0,4587189.152959855,156631.56407712214,4587179.98970864,639.6289157831455,1825.4516873903294,639.4170830876586,-6.6934376121351695,-0.22917787966320177,-6.693424168235692,17470.347063123747,0.0,0.1982440594157468,1.9482726234074998,2244157.3495041556,578.2771319026116
106500.0,4587253.082384584,156814.1080995568,4587243.897950166,638.9595821628312,1825.4287571525865,638.7477508132079,-6.693234831845987,-0.22942688769545938,-6.693221358473872,17470.347063123747,0.0,0.1982440594157468,1.9482726234074998,2244157.3495041556,578.2771319026116
106600.0,4587316.944876963,156996.6498277225,4587307.739259478,638.2902688092465,1825.4058020103103,638.0784388084343,-6.693032277452253,-0.22967597013470492,-6.69301877459926,17470.347063123747,0.0,0.1982440594157468,1.9482726234074998,2244157.3495041556,578.2771319026116
106700.0,4587380.74043902,157179.18925912844,4587371.513638602,637.6209756998293,1825.3828219561185,637.4091470507767,-6.692829948405101,-0.2299251258084064,-6.69281641606313,17470.347063123747,0.0,0.1982440594157468,1.9482726234074998,2244157.3495041556,578.2771319026116
106800.0,4587444.469072777,157361.72639128307,4587435.2210895615,636.951702812072,1825.359816982746,636.7398755177284,-6.692627844163274,-0.2301743535607454,-6.692614282324359,17470.347063123747,0.0,0.1982440594157468,1.9482726234074998,2244157.3495041556,578.2771319026116
106900.0,4587508.130780255,157544.26122169412,4587498.861614378,636.2824501235209,1825.3367870830418,636.0706241868363,-6.692425964193013,-0.2304236522523746,-6.692412372849315,17470.347063123747,0.0,0.1982440594157468,1.9482726234074998,2244157.3495041556,578.2771319026116
107000.0,4587571.725563474,157726.79374786856,4587562.435215071,635.6132176117752,1825.3137322499683,635.4013930357006,-6.692224307967955,-0.2306730207601792,-6.692210687111773,17470.347063123747,0.0,0.1982440594157468,1.9482726234074998,2244157.3495041556,578.2771319026116
107100.0,4587635.25342445,157909.32396731275,4587625.941893657,634.9440052544865,1825.2906524765995,634.7321820419734,-6.692022874968994,-0.23092245797703914,-6.692009224592747,17470.347063123747,0.0,0.1982440594157468,1.9482726234074998,2244157.3495041556,578.2771319026116
107200.0,4587698.714365196,158091.85187753232,4587689.38165215,634.2748130293577,1825.267547756119,634.0629911833585,-6.6918216646842,-0.2311719628115987,-6.69180798478044,17470.347063123747,0.0,0.1982440594157468,1.9482726234074998,2244157.3495041556,578.2771319026116
107300.0,4587762.108387726,158274.37747603218,4587752.754492564,633.6056409141427,1825.244418081819,633.3938204376105,-6.691620676608692,-0.23142153418803643,-6.691606967170093,17470.347063123747,0.0,0.1982440594157468,1.9482726234074998,2244157.3495041556,578.2771319026116
107400.0,4587825.435494049,158456.90076031667,4587816.060416908,632.9364888866455,1825.2212634470986,632.7246697825343,-6.69141991024455,-0.23167117104584134,-6.691406171263905,17470.347063123747,0.0,0.1982440594157468,1.9482726234074998,2244157.3495041556,578.2771319026116
107500.0,4587888.695686173,158639.4217278894,4587879.29942719,632.2673569247197,1825.198083845462,632.055539195984,-6.691219365100683,-0.2319208723395894,-6.691205596570913,17470.347063123747,0.0,0.1982440594157468,1.9482726234074998,2244157.3495041556,578.2771319026116
107600.0,4587951.888966102,158821.94037625333,4587942.471525416,631.5982450062675,1825.174879270517,631.3864286558626,-6.69101904069275,-0.23217063703872565,-6.691005242606891,17470.347063123747,0.0,0.1982440594157468,1.9482726234074998,2244157.3495041556,578.2771319026116
107700.0,4588015.015335841,159004.45670291086,4588005.576713589,630.9291531092392,1825.1516497159744,630.717338140121,-6.690818936543057,-0.23242046412734962,-6.690805108894263,17470.347063123747,0.0,0.1982440594157468,1.9482726234074998,2244157.3495041556,578.2771319026116
107800.0,4588078.074797391,159186.97070536367,4588068.614993711,630.2600812116326,1825.1283951756452,630.0482676267577,-6.690619052180423,-0.2326703526040015,-6.690605194961965,17470.347063123747,0.0,0.1982440594157468,1.9482726234074998,2244157.3495041556,578.2771319026116
107900.0,4588141.067352749,159369.4823811129,4588131.58636778,629.5910292914923,1825.1051156434403,629.379217093818,-6.690419387140145,-0.23292030148145595,-6.690405500345409,17470.347063123747,0.0,0.1982440594157468,1.9482726234074998,2244157.3495041556,578.2771319026116
108000.0,4588203.993003914,159551.99172765907,4588194.490837795,628.921997326909,1825.081811113368,628.7101865193933,-6.690219940963847,-0.23317030978651435,-6.69020602458633,17470.347063123747,0.0,0.1982440594157468,1.9482726234074998,2244157.3495041556,578.2771319026116
108100.0,4588266.851752879,159734.4987425021,4588257.328405749,628.2529852960191,1825.0584815795341,628.0411758816206,-6.690020713199394,-0.23342037655980225,-6.690006767232704,17470.347063123747,0.0,0.1982440594157468,1.9482726234074998,2244157.3495041556,578.2771319026116
108200.0,4588329.643601637,159917.00342314132,4588320.099073635,627.5839931770037,1825.0351270361389,627.3721851586815,-6.689821703400828,-0.23367050085557134,-6.689807727838684,17470.347063123747,0.0,0.1982440594157468,1.9482726234074998,2244157.3495041556,578.2771319026116
108300.0,4588392.368552178,160099.5057670755,4588382.802843444,626.9150209480881,1825.0117474774768,626.7032143288022,-6.689622911128232,-0.2339206817415014,-6.68960890596446,17470.347063123747,0.0,0.1982440594157468,1.9482726234074998,2244157.3495041556,578.2771319026116
108400.0,4588455.02660649,160282.0057718028,4588445.439717163,626.2460685875416,1824.988342897935,626.0342633702525,-6.689424335947683,-0.2341709182985075,-6.6894103011762125,17470.347063123747,0.0,0.1982440594157468,1.9482726234074998,2244157.3495041556,578.2771319026116
108500.0,4588517.617766557,160464.50343482086,4588508.00969678,625.5771360736763,1824.9649132919915,625.3653322613451,-6.689225977431126,-0.23442120962054913,-6.689211913045999,17470.347063123747,0.0,0.1982440594157468,1.9482726234074998,2244157.3495041556,578.2771319026116
108600.0,4588580.142034365,160646.9987536268,4588570.512784277,624.9082233848472,1824.941458654215,624.6964209804354,-6.6890278351563115,-0.2346715548144422,-6.689013741151667,17470.347063123747,0.0,0.1982440594157468,1.9482726234074998,2244157.3495041556,578.2771319026116
108700.0,4588642.599411895,160829.49172571715,4588632.948981636,624.239330499451,1824.9179789792622,624.0275295059207,-6.6888299087066905,-0.23492195299967425,-6.6888157850767715,17470.347063123747,0.0,0.1982440594157468,1.9482726234074998,2244157.3495041556,578.2771319026116
108800.0,4588704.9899011245,161011.98234858792,4588695.318290837,623.5704573959255,1824.8944742618776,623.3586578162398,-6.688632197671344,-0.23517240330822192,-6.688618044410494,17470.347063123747,0.0,0.1982440594157468,1.9482726234074998,2244157.3495041556,578.2771319026116
108900.0,4588767.313504033,161194.4706197346,4588757.620713858,622.9016040527497,1824.8709444968918,622.6898058898719,-6.6884347016448835,-0.23542290488437148,-6.688420518747544,17470.347063123747,0.0,0.1982440594157468,1.9482726234074998,2244157.3495041556,578.2771319026116
109000.0,4588829.570222594,161376.9565366522,4588819.856252673,622.2327704484428,1824.84738967922,622.0209737053368,-6.688237420227395,-0.23567345688454303,-6.688223207688106,17470.347063123747,0.0,0.1982440594157468,1.9482726234074998,2244157.3495041556,578.2771319026116
109100.0,4588891.76005878,161559.4400968352,4588882.024909256,621.5639565615637,1824.8238098038616,621.3521612411939,-6.688040353024311,-0.23592405847711403,-6.688026110837712,17470.347063123747,0.0,0.1982440594157468,1.9482726234074998,2244157.3495041556,578.2771319026116
109200.0,4588953.883014563,161741.92129777756,4588944.126685577,620.8951623707104,1824.8002048658986,620.6833684760419,-6.687843499646387,-0.23617470884225017,-6.6878292278072085,17470.347063123747,0.0,0.1982440594157468,1.9482726234074998,2244157.3495041556,578.2771319026116
109300.0,4589015.93909191,161924.4001369728,4589006.161583607,620.2263878545197,1824.7765748604943,620.0145953885179,-6.68764685970958,-0.23642540717173474,-6.687632558212645,17470.347063123747,0.0,0.1982440594157468,1.9482726234074998,2244157.3495041556,578.2771319026116
109400.0,4589077.928292789,162106.87661191393,4589068.129605311,619.5576329916664,1824.7529197828921,619.3458419572975,-6.687450432834988,-0.2366761526688028,-6.687436101675217,17470.347063123747,0.0,0.1982440594157468,1.9482726234074998,2244157.3495041556,578.2771319026116
109500.0,4589139.850619162,162289.3507200935,4589130.030752653,618.8888977608631,1824.7292396284147,618.6771081610934,-6.687254218648776,-0.23692694454797714,-6.687239857821174,17470.347063123747,0.0,0.1982440594157468,1.9482726234074998,2244157.3495041556,578.2771319026116
109600.0,4589201.7060729945,162471.82245900357,4589191.865027597,618.2201821408594,1824.7055343924624,618.008393978656,-6.687058216782081,-0.23717778203490586,-6.687043826281746,17470.347063123747,0.0,0.1982440594157468,1.9482726234074998,2244157.3495041556,578.2771319026116
109700.0,4589263.494656244,162654.2918261358,4589253.632432102,617.5514861104415,1824.681804070513,617.339699388772,-6.686862426870969,-0.23742866436620502,-6.68684800669309,17470.347063123747,0.0,0.1982440594157468,1.9482726234074998,2244157.3495041556,578.2771319026116
109800.0,4589325.216370869,162836.75881898133,4589315.332968127,616.8828096484319,1824.6580486581195,616.6710243702644,-6.6866668485563405,-0.23767959078930007,-6.68665239869619,17470.347063123747,0.0,0.1982440594157468,1.9482726234074998,2244157.3495041556,578.2771319026116
109900.0,4589386.871218826,163019.22343503093,4589376.966637628,616.2141527336888,1824.63426815091,616.0023689019915,-6.686471481483864,-0.23793056056227227,-6.686457001936802,17470.347063123747,0.0,0.1982440594157468,1.9482726234074998,2244157.3495041556,578.2771319026116
110000.0,4589448.459202067,163201.68567177487,4589438.533442559,615.5455153451054,1824.6104625445862,615.3337329628474,-6.686276325303901,-0.23818157295370607,-6.68626181606537,17470.347063123747,0.0,0.1982440594157468,1.9482726234074998,2244157.3495041556,578.2771319026116
110100.0,4589509.980322544,163384.14552670307,4589500.033384871,614.8768974616098,1824.5866318349226,614.6651165317604,-6.6860813796714424,-0.23843262724253983,-6.686066840736971,17470.347063123747,0.0,0.1982440594157468,1.9482726234074998,2244157.3495041556,578.2771319026116
110200.0,4589571.434582208,163566.60299730496,4589561.466466514,614.2082990621643,1824.562776017765,613.9965195876933,-6.68588664424604,-0.2386837227179174,-6.685872075611238,17470.347063123747,0.0,0.1982440594157468,1.9482726234074998,2244157.3495041556,578.2771319026116
110300.0,4589632.821983006,163749.05808106958,4589622.832689437,613.5397201257649,1824.5388950890297,613.3279421096427,-6.685692118691732,-0.23893485867904318,-6.685677520352291,17470.347063123747,0.0,0.1982440594157468,1.9482726234074998,2244157.3495041556,578.2771319026116
110400.0,4589694.142526882,163931.51077548557,4589684.132055584,612.8711606314413,1824.5149890447028,612.6593840766384,-6.6854978026769905,-0.23918603443503866,-6.685483174628679,17470.347063123747,0.0,0.1982440594157468,1.9482726234074998,2244157.3495041556,578.2771319026116
110500.0,4589755.39621578,164113.9610780412,4589745.3645669,612.2026205582558,1824.491057880839,611.9908454677434,-6.68530369587464,-0.23943724930480131,-6.68528903811331,17470.347063123747,0.0,0.1982440594157468,1.9482726234074998,2244157.3495041556,578.2771319026116
110600.0,4589816.583051641,164296.4089862243,4589806.530225324,611.5340998853035,1824.4671015935605,611.3223262620529,-6.6851097979618,-0.23968850261686508,-6.685095110483378,17470.347063123747,0.0,0.1982440594157468,1.9482726234074998,2244157.3495041556,578.2771319026116
110700.0,4589877.703036403,164478.85449752235,4589867.629032798,610.8655985917112,1824.4431201790562,610.6538264386945,-6.684916108619824,-0.23993979370926388,-6.684901391420315,17470.347063123747,0.0,0.1982440594157468,1.9482726234074998,2244157.3495041556,578.2771319026116
110800.0,4589938.756172004,164661.2976094224,4589928.660991258,610.1971166566377,1824.419113633581,609.9853459768271,-6.684722627534231,-0.24019112192939593,-6.684707880609714,17470.347063123747,0.0,0.1982440594157468,1.9482726234074998,2244157.3495041556,578.2771319026116
110900.0,4589999.742460378,164843.73831941123,4589989.626102638,609.5286540592729,1824.395081953454,609.3168848556412,-6.684529354394659,-0.24044248663389206,-6.6845145777412895,17470.347063123747,0.0,0.1982440594157468,1.9482726234074998,2244157.3495041556,578.2771319026116
111000.0,4590060.66190346,165026.17662497517,4590050.524368873,608.8602107788374,1824.3710251350592,608.6484430543577,-6.684336288894777,-0.2406938871884825,-6.684321482508782,17470.347063123747,0.0,0.1982440594157468,1.9482726234074998,2244157.3495041556,578.2771319026116
111100.0,4590121.514503177,165208.6125236002,4590111.355791893,608.1917867945826,1824.3469431748424,607.9800205522283,-6.684143430732254,-0.24094532296787013,-6.684128594609935,17470.347063123747,0.0,0.1982440594157468,1.9482726234074998,2244157.3495041556,578.2771319026116
111200.0,4590182.300261461,165391.04601277196,4590172.120373626,607.5233820857896,1824.3228360693122,607.3116173285346,-6.683950779608679,-0.24119679335560137,-6.683935913746405,17470.347063123747,0.0,0.1982440594157468,1.9482726234074998,2244157.3495041556,578.2771319026116
111300.0,4590243.019180236,165573.47708997576,4590232.818116001,606.8549966317694,1824.2987038150382,606.6432333625877,-6.683758335229519,-0.24144829774394216,-6.683743439623737,17470.347063123747,0.0,0.1982440594157468,1.9482726234074998,2244157.3495041556,578.2771319026116
111400.0,4590303.671261428,165755.90575269656,4590293.449020941,606.186630411862,1824.2745464086502,605.9748686337282,-6.683566097304052,-0.24169983553375365,-6.683551171951269,17470.347063123747,0.0,0.1982440594157468,1.9482726234074998,2244157.3495041556,578.2771319026116
111500.0,4590364.256506959,165938.331998419,4590354.013090368,605.5182834054364,1824.2503638468377,605.3065231213253,-6.683374065545321,-0.2419514061343713,-6.683359110442116,17470.347063123747,0.0,0.1982440594157468,1.9482726234074998,2244157.3495041556,578.2771319026116
111600.0,4590424.774918749,166120.75582462733,4590414.510326205,604.8499555918901,1824.226156126349,604.6381968047771,-6.683182239670052,-0.2422030089634839,-6.683167254813076,17470.347063123747,0.0,0.1982440594157468,1.9482726234074998,2244157.3495041556,578.2771319026116
111700.0,4590485.2264987165,166303.17722880555,4590474.940730369,604.1816469506489,1824.20192324399,603.9698896635093,-6.68299061939865,-0.2424546434470172,-6.6829756047846125,17470.347063123747,0.0,0.1982440594157468,1.9482726234074998,2244157.3495041556,578.2771319026116
111800.0,4590545.611248777,166485.59620843732,4590535.304304776,603.5133574611662,1824.1776651966234,603.3016016769759,-6.682799204455091,-0.24270630901901566,-6.682784160080772,17470.347063123747,0.0,0.1982440594157468,1.9482726234074998,2244157.3495041556,578.2771319026116
111900.0,4590605.929170846,166668.01276100596,4590595.601051342,602.8450871029228,1824.1533819811684,602.633332824658,-6.6826079945669,-0.2429580051215288,-6.682592920429141,17470.347063123747,0.0,0.1982440594157468,1.9482726234074998,2244157.3495041556,578.2771319026116
112000.0,4590666.180266835,166850.4268839945,4590655.830971978,602.1768358554266,1824.1290735945997,601.9650830860639,-6.682416989465091,-0.2432097312044982,-6.682401885560803,17470.347063123747,0.0,0.1982440594157468,1.9482726234074998,2244157.3495041556,578.2771319026116
112100.0,4590726.364538654,167032.83857488574,4590715.994068595,601.5086036982124,1824.1047400339462,601.2968524407286,-6.68222618888413,-0.2434614867256466,-6.6822110552102805,17470.347063123747,0.0,0.1982440594157468,1.9482726234074998,2244157.3495041556,578.2771319026116
112200.0,4590786.48198821,167215.24783116207,4590776.090343101,600.8403906108412,1824.080381296291,600.6286408682133,-6.682035592561857,-0.2437132711503672,-6.6820204291154806,17470.347063123747,0.0,0.1982440594157468,1.9482726234074998,2244157.3495041556,578.2771319026116
112300.0,4590846.532617411,167397.65465030566,4590836.119797403,600.1721965729,1824.0559973787704,599.9604483481056,-6.681845200239461,-0.24396508395161645,-6.6818300070176475,17470.347063123747,0.0,0.1982440594157468,1.9482726234074998,2244157.3495041556,578.2771319026116
112400.0,4590906.516428159,167580.0590297984,4590896.082433405,599.5040215640018,1824.0315882785724,599.2922748600184,-6.681655011661414,-0.2442169246098071,-6.681639788661319,17470.347063123747,0.0,0.1982440594157468,1.9482726234074998,2244157.3495041556,578.2771319026116
112500.0,4590966.433422357,167762.46096712188,4590955.978253009,598.8358655637848,1824.007153992937,598.6241203835904,-6.681465026575441,-0.24446879261270382,-6.681449773794278,17470.347063123747,0.0,0.1982440594157468,1.9482726234074998,2244157.3495041556,578.2771319026116
112600.0,4591026.283601904,167944.8604597574,4591015.807258115,598.167728551912,1823.982694519155,597.9559848984849,-6.681275244732456,-0.24472068745531914,-6.681259962167494,17470.347063123747,0.0,0.1982440594157468,1.9482726234074998,2244157.3495041556,578.2771319026116
112700.0,4591086.066968699,168127.25750518602,4591075.5694506215,597.4996105080717,1823.9582098545677,597.2878683843903,-6.681085665886524,-0.24497260863981238,-6.681070353535092,17470.347063123747,0.0,0.1982440594157468,1.9482726234074998,2244157.3495041556,578.2771319026116
112800.0,4591145.783524637,168309.65210088852,4591135.264832424,596.8315114119762,1823.9336999965653,596.6197708210194,-6.680896289794819,-0.24522455567538876,-6.680880947654302,17470.347063123747,0.0,0.1982440594157468,1.9482726234074998,2244157.3495041556,578.2771319026116
112900.0,4591205.433271612,168492.04424434545,4591194.893405417,596.1634312433622,1823.909164942587,595.9516921881091,-6.680707116217558,-0.2454765280782005,-6.680691744285399,17470.347063123747,0.0,0.1982440594157468,1.9482726234074998,2244157.3495041556,578.2771319026116
113000.0,4591265.016211516,168674.43393303707,4591254.455171492,595.49536998199,1823.88460469012,595.2836324654198,-6.68051814491799,-0.24572852537124962,-6.680502743191682,17470.347063123747,0.0,0.1982440594157468,1.9482726234074998,2244157.3495041556,578.2771319026116
113100.0,4591324.532346238,168856.82116444342,4591313.9501325395,594.8273276076437,1823.860019236699,594.615591632736,-6.680329375662322,-0.2459805470842919,-6.680313944139417,17470.347063123747,0.0,0.1982440594157468,1.9482726234074998,2244157.3495041556,578.2771319026116
113200.0,4591383.981677666,169039.20593604428,4591373.378290447,594.1593041001305,1823.8354085799047,593.947569669865,-6.680140808219695,-0.24623259275374235,-6.680125346897799,17470.347063123747,0.0,0.1982440594157468,1.9482726234074998,2244157.3495041556,578.2771319026116
113300.0,4591443.364207686,169221.5882453192,4591432.739647102,593.4912994392804,1823.8107727173647,593.2795665566371,-6.679952442362126,-0.2464846619225812,-6.679936951238897,17470.347063123747,0.0,0.1982440594157468,1.9482726234074998,2244157.3495041556,578.2771319026116
113400.0,4591502.679938181,169403.96808974748,4591492.034204386,592.8233136049462,1823.7861116467518,592.6115822729053,-6.679764277864486,-0.2467367541402633,-6.679748756937632,17470.347063123747,0.0,0.1982440594157468,1.9482726234074998,2244157.3495041556,578.2771319026116
113500.0,4591561.928871034,169586.3454668082,4591551.261964183,592.155346577003,1823.7614253657832,591.943616798545,-6.679576314504432,-0.24698886896262637,-6.679560763771715,17470.347063123747,0.0,0.1982440594157468,1.9482726234074998,2244157.3495041556,578.2771319026116
113600.0,4591621.111008123,169768.72037398024,4591610.422928372,591.4873983353481,1823.7367138722204,591.2756701134538,-6.6793885520624,-0.24724100595180287,-6.679372971521633,17470.347063123747,0.0,0.1982440594157468,1.9482726234074998,2244157.3495041556,578.2771319026116
113700.0,4591680.226351326,169951.09280874216,4591669.517098832,590.8194688599004,1823.7119771638684,590.6077421975508,-6.679200990321535,-0.24749316467613106,-6.679185379970576,17470.347063123747,0.0,0.1982440594157468,1.9482726234074998,2244157.3495041556,578.2771319026116
113800.0,4591739.27490252,170133.46276857244,4591728.544477438,590.1515581306008,1823.687215238575,589.9398330307769,-6.6790136290676685,-0.2477453447100693,-6.678997988904433,17470.347063123747,0.0,0.1982440594157468,1.9482726234074998,2244157.3495041556,578.2771319026116
113900.0,4591798.256663577,170315.83025094925,4591787.505066063,589.4836661274111,1823.66242809423,589.2719425930941,-6.678826468089271,-0.24799754563410972,-6.6788107981117175,17470.347063123747,0.0,0.1982440594157468,1.9482726234074998,2244157.3495041556,578.2771319026116
114000.0,4591857.171636369,170498.1952533506,4591846.39886658,588.8157928303141,1823.6376157287657,588.6040708644856,-6.678639507177423,-0.24824976703469515,-6.678623807383555,17470.347063123747,0.0,0.1982440594157468,1.9482726234074998,2244157.3495041556,578.2771319026116
114100.0,4591916.019822766,170680.55777325426,4591905.2258808585,588.1479382193136,1823.6127781401542,587.9362178249554,-6.678452746125764,-0.24850200850413506,-6.678437016513639,17470.347063123747,0.0,0.1982440594157468,1.9482726234074998,2244157.3495041556,578.2771319026116
114200.0,4591974.801224635,170862.9178081378,4591963.986110767,587.4801022744338,1823.5879153264093,587.2683834545278,-6.678266184730471,-0.24875426964052477,-6.67825042529819,17470.347063123747,0.0,0.1982440594157468,1.9482726234074998,2244157.3495041556,578.2771319026116
114300.0,4592033.515843842,171045.27535547863,4592022.679558171,586.812284975719,1823.5630272855838,586.6005677332473,-6.6780798227902185,-0.24900655004766495,-6.678064033535928,17470.347063123747,0.0,0.1982440594157468,1.9482726234074998,2244157.3495041556,578.2771319026116
114400.0,4592092.163682251,171227.63041275396,4592081.306224935,586.1444863032337,1823.5381140157704,585.9327706411788,-6.677893660106127,-0.24925884933498108,-6.677877841028019,17470.347063123747,0.0,0.1982440594157468,1.9482726234074998,2244157.3495041556,578.2771319026116
114500.0,4592150.744741723,171409.98297744078,4592139.8661129195,585.4767062370623,1823.5131755151003,585.2649921584065,-6.677707696481743,-0.2495111671174465,-6.677691847578056,17470.347063123747,0.0,0.1982440594157468,1.9482726234074998,2244157.3495041556,578.2771319026116
114600.0,4592209.259024118,171592.3330470159,4592198.359223986,584.8089447573085,1823.488211781743,584.5972322650343,-6.67752193172301,-0.24976350301550515,-6.677506052992022,17470.347063123747,0.0,0.1982440594157468,1.9482726234074998,2244157.3495041556,578.2771319026116
114700.0,4592267.706531294,171774.680618956,4592256.785559991,584.1412018440952,1823.4632228139058,583.9294909411856,-6.677336365638216,-0.25001585665499526,-6.677320457078251,17470.347063123747,0.0,0.1982440594157468,1.9482726234074998,2244157.3495041556,578.2771319026116
114800.0,4592326.087265105,171957.02569073747,4592315.145122793,583.4734774775646,1823.4382086098328,583.2617681670025,-6.677150998037967,-0.25026822766707424,-6.6771350596473935,17470.347063123747,0.0,0.1982440594157468,1.9482726234074998,2244157.3495041556,578.2771319026116
114900.0,4592384.401227406,172139.3682598367,4592373.437914243,582.8057716378777,1823.4131691678053,582.5940639226462,-6.676965828735166,-0.250520615688146,-6.676949860512393,17470.347063123747,0.0,0.1982440594157468,1.9482726234074998,2244157.3495041556,578.2771319026116
115000.0,4592442.648420049,172321.70832372972,4592431.663936194,582.1380843052139,1823.3881044861403,581.9263781882963,-6.6767808575449585,-0.25077302035978694,-6.676764859488434,17470.347063123747,0.0,0.1982440594157468,1.9482726234074998,2244157.3495041556,578.2771319026116
115100.0,4592500.8288448835,172504.04587989254,4592489.823190496,581.4704154597711,1823.3630145631903,581.258710944151,-6.6765960842847125,-0.25102544132867477,-6.676580056392929,17470.347063123747,0.0,0.1982440594157468,1.9482726234074998,2244157.3495041556,578.2771319026116
115200.0,4592558.942503757,172686.38092580094,4592547.915678998,580.8027650817653,1823.337899397343,580.5910621704262,-6.676411508773997,-0.2512778782465191,-6.676395451045486,17470.347063123747,0.0,0.1982440594157468,1.9482726234074998,2244157.3495041556,578.2771319026116
115300.0,4592616.989398515,172868.71345893055,4592605.941403545,580.1351331514305,1823.312758987021,579.9234318473563,-6.6762271308345245,-0.25153033076998954,-6.676211043267855,17470.347063123747,0.0,0.1982440594157468,1.9482726234074998,2244157.3495041556,578.2771319026116
115400.0,4592674.9695310015,173051.04347675684,4592663.900365982,579.4675196490185,1823.2875933306802,579.2558199551929,-6.676042950290144,-0.2517827985606488,-6.676026832883929,17470.347063123747,0.0,0.1982440594157468,1.9482726234074998,2244157.3495041556,578.2771319026116
115500.0,4592732.882903058,173233.3709767551,4592721.79256815,578.7999245547985,1823.262402426811,578.5882264742055,-6.675858966966802,-0.25203528128488495,-6.675842819719687,17470.347063123747,0.0,0.1982440594157468,1.9482726234074998,2244157.3495041556,578.2771319026116
115600.0,4592790.729516525,173415.69595640057,4592779.61801189,578.1323478490569,1823.2371862739362,577.9206513846807,-6.675675180692501,-0.25228777861384377,-6.675659003603178,17470.347063123747,0.0,0.1982440594157468,1.9482726234074998,2244157.3495041556,578.2771319026116
115700.0,4592848.50937324,173598.01841316823,4592837.37669904,577.4647895120974,1823.2119448706121,577.2530946669223,-6.675491591297299,-0.2525402902233645,-6.67547538436449,17470.347063123747,0.0,0.1982440594157468,1.9482726234074998,2244157.3495041556,578.2771319026116
115800.0,4592906.222475039,173780.33834453297,4592895.068631435,576.7972495242404,1823.1866782154264,576.5855563012508,-6.675308198613253,-0.25279281579391394,-6.675291961835718,17470.347063123747,0.0,0.1982440594157468,1.9482726234074998,2244157.3495041556,578.2771319026116
115900.0,4592963.8688237555,173962.65574796955,4592952.693810911,576.1297278658233,1823.1613863069986,575.9180362680037,-6.675125002474391,-0.2530453550105228,-6.675108735850929,17470.347063123747,0.0,0.1982440594157468,1.9482726234074998,2244157.3495041556,578.2771319026116
116000.0,4593021.448421222,174144.97062095255,4593010.252239299,575.4622245171995,1823.1360691439797,575.2505345475347,-6.674942002716708,-0.2532979075627236,-6.674925706246151,17470.347063123747,0.0,0.1982440594157468,1.9482726234074998,2244157.3495041556,578.2771319026116
116100.0,4593078.961269269,174327.28296095648,4593067.74391843,574.7947394587393,1823.1107267250518,574.5830511202139,-6.674759199178118,-0.25355047314448825,-6.674742872859337,17470.347063123747,0.0,0.1982440594157468,1.9482726234074998,2244157.3495041556,578.2771319026116
116200.0,4593136.407369723,174509.59276545566,4593125.168850132,574.1272726708286,1823.0853590489266,573.9155859664276,-6.674576591698435,-0.2538030514541667,-6.674560235530335,17470.347063123747,0.0,0.1982440594157468,1.9482726234074998,2244157.3495041556,578.2771319026116
116300.0,4593193.786724411,174691.9000319243,4593182.527036232,573.4598241338696,1823.0599661143465,573.2481390665779,-6.6743941801193305,-0.2540556421944267,-6.674377794100848,17470.347063123747,0.0,0.1982440594157468,1.9482726234074998,2244157.3495041556,578.2771319026116
116400.0,4593251.099335157,174874.20475783653,4593239.818478554,572.79239382828,1823.034547920083,572.5807104010827,-6.674211964284335,-0.2543082450721953,-6.674195548414441,17470.347063123747,0.0,0.1982440594157468,1.9482726234074998,2244157.3495041556,578.2771319026116
116500.0,4593308.345203783,175056.5069406663,4593297.04317892,572.1249817344931,1823.009104464937,571.9132999503754,-6.67402994403879,-0.25456085979859955,-6.674013498316495,17470.347063123747,0.0,0.1982440594157468,1.9482726234074998,2244157.3495041556,578.2771319026116
116600.0,4593365.52433211,175238.80657788744,4593354.20113915,571.4575878329576,1822.983635747738,571.2459076949049,-6.673848119229824,-0.25481348608890864,-6.673831643654164,17470.347063123747,0.0,0.1982440594157468,1.9482726234074998,2244157.3495041556,578.2771319026116
116700.0,4593422.636721956,175421.10366697374,4593411.292361064,570.7902121041376,1822.9581417673432,570.5785336151351,-6.673666489706342,-0.255066123662478,-6.673649984276387,17470.347063123747,0.0,0.1982440594157468,1.9482726234074998,2244157.3495041556,578.2771319026116
116800.0,4593479.682375136,175603.3982053988,4593468.316846478,570.1228545285119,1822.9326225226387,569.9111776915452,-6.673485055318982,-0.25531877224269256,-6.673468520033834,17470.347063123747,0.0,0.1982440594157468,1.9482726234074998,2244157.3495041556,578.2771319026116
116900.0,4593536.661293466,175785.6901906361,4593525.274597206,569.4555150865742,1822.907078012537,569.2438399046288,-6.6733038159201,-0.25557143155691175,-6.673287250778896,17470.347063123747,0.0,0.1982440594157468,1.9482726234074998,2244157.3495041556,578.2771319026116
117000.0,4593593.573478757,175967.97962015908,4593582.165615062,568.7881937588331,1822.8815082359786,568.5765202348946,-6.673122771363749,-0.2558241013364151,-6.673106176365653,17470.347063123747,0.0,0.1982440594157468,1.9482726234074998,2244157.3495041556,578.2771319026116
117100.0,4593650.418932821,176150.26649144106,4593638.9899018565,568.1208905258115,1822.8559131919299,567.9092186628657,-6.672941921505642,-0.2560767813163484,-6.672925296649853,17470.347063123747,0.0,0.1982440594157468,1.9482726234074998,2244157.3495041556,578.2771319026116
117200.0,4593707.197657465,176332.5508019552,4593695.747459398,567.4536053680469,1822.830292879384,567.2419351690794,-6.672761266203151,-0.2563294712356714,-6.672744611488892,17470.347063123747,0.0,0.1982440594157468,1.9482726234074998,2244157.3495041556,578.2771319026116
117300.0,4593763.909654496,176514.8325491746,4593752.438289492,566.7863382660905,1822.80464729736,566.5746697340874,-6.672580805315255,-0.25658217083710483,-6.672564120741787,17470.347063123747,0.0,0.1982440594157468,1.9482726234074998,2244157.3495041556,578.2771319026116
117400.0,4593820.554925719,176697.1117305723,4593809.062393946,566.119089200508,1822.7789764449021,565.9074223384551,-6.672400538702545,-0.25683487986707965,-6.67238382426915,17470.347063123747,0.0,0.1982440594157468,1.9482726234074998,2244157.3495041556,578.2771319026116
117500.0,4593877.133472937,176879.3883436212,4593865.61977456,565.4518581518788,1822.7532803210804,565.2401929627623,-6.6722204662271825,-0.25708759807568626,-6.672203721933175,17470.347063123747,0.0,0.1982440594157468,1.9482726234074998,2244157.3495041556,578.2771319026116
117600.0,4593933.64529795,177061.6623857941,4593922.110433138,564.784645100796,1822.7275589249891,564.5729815876019,-6.672040587752881,-0.25734032521662414,-6.672023813597605,17470.347063123747,0.0,0.1982440594157468,1.9482726234074998,2244157.3495041556,578.2771319026116
117700.0,4593990.090402557,177243.93385456374,4593978.534371478,564.1174500278661,1822.7018122557474,563.9057881935806,-6.671860903144885,-0.2575930610471531,-6.671844099127713,17470.347063123747,0.0,0.1982440594157468,1.9482726234074998,2244157.3495041556,578.2771319026116
117800.0,4594046.468788554,177426.20274740277,4594034.891591376,563.4502729137092,1822.6760403124981,563.2386127613186,-6.671681412269966,-0.2578458053280454,-6.671664578390296,17470.347063123747,0.0,0.1982440594157468,1.9482726234074998,2244157.3495041556,578.2771319026116
117900.0,4594102.780457737,177608.46906178375,4594091.182094628,562.7831137389587,1822.650243094408,562.5714552714492,-6.6715021149963745,-0.25809855782353625,-6.671485251253633,17470.347063123747,0.0,0.1982440594157468,1.9482726234074998,2244157.3495041556,578.2771319026116
118000.0,4594159.025411899,177790.73279517912,4594147.405883027,562.115972484261,1822.6244206006675,561.9043157046189,-6.671323011193821,-0.25835131830127755,-6.671306117587457,17470.347063123747,0.0,0.1982440594157468,1.9482726234074998,2244157.3495041556,578.2771319026116
118100.0,4594215.203652831,177972.99394506132,4594203.562958365,561.4488491302752,1822.5985728304895,561.237194041487,-6.671144100733485,-0.2586040865322923,-6.67112717726298,17470.347063123747,0.0,0.1982440594157468,1.9482726234074998,2244157.3495041556,578.2771319026116
118200.0,4594271.315182322,178155.25250890263,4594259.653322431,560.7817436576737,1822.5726997831102,560.5700902627258,-6.6709653834879585,-0.2588568622909272,-6.67094843015282,17470.347063123747,0.0,0.1982440594157468,1.9482726234074998,2244157.3495041556,578.2771319026116
118300.0,4594327.360002158,178337.50848417534,4594315.676977013,560.1146560471412,1822.546801457788,559.9030043490202,-6.670786859331249,-0.2591096453548084,-6.670769876131005,17470.347063123747,0.0,0.1982440594157468,1.9482726234074998,2244157.3495041556,578.2771319026116
118400.0,4594383.338114126,178519.76186835158,4594371.633923896,559.4475862793753,1822.520877853803,559.2359362810676,-6.670608528138758,-0.2593624355047972,-6.670591515072967,17470.347063123747,0.0,0.1982440594157468,1.9482726234074998,2244157.3495041556,578.2771319026116
118500.0,4594439.2495200075,178702.01265890346,4594427.524164863,558.7805343350855,1822.494928970458,558.5688860395776,-6.670430389787238,-0.2596152325249445,-6.670413346855481,17470.347063123747,0.0,0.1982440594157468,1.9482726234074998,2244157.3495041556,578.2771319026116
118600.0,4594495.094221585,178884.260853303,4594483.347701697,558.1135001949939,1822.4689548070762,557.9018536052724,-6.670252444154814,-0.25986803620245036,-6.670235371356698,17470.347063123747,0.0,0.1982440594157468,1.9482726234074998,2244157.3495041556,578.2771319026116
118700.0,4594550.872220639,179066.50644902218,4594539.104536177,557.4464838398346,1822.4429553630025,557.2348389588863,-6.670074691120931,-0.26012084632761834,-6.6700575884560855,17470.347063123747,0.0,0.1982440594157468,1.9482726234074998,2244157.3495041556,578.2771319026116
118800.0,4594606.583518946,179248.7494435329,4594594.794670081,556.7794852503538,1822.4169306376025,556.5678420811653,-6.6698971305663495,-0.2603736626938158,-6.66987999803443,17470.347063123747,0.0,0.1982440594157468,1.9482726234074998,2244157.3495041556,578.2771319026116
118900.0,4594662.228118281,179430.98983430697,4594650.418105185,556.1125044073093,1822.3908806302625,555.9008629528674,-6.669719762373126,-0.26062648509743097,-6.669702599973809,17470.347063123747,0.0,0.1982440594157468,1.9482726234074998,2244157.3495041556,578.2771319026116
119000.0,4594717.806020418,179613.2276188162,4594705.974843263,555.4455412914709,1822.3648053403886,555.2339015547624,-6.669542586424592,-0.2608793133378327,-6.669525394157579,17470.347063123747,0.0,0.1982440594157468,1.9482726234074998,2244157.3495041556,578.2771319026116
119100.0,4594773.31722713,179795.46279453227,4594761.464886086,554.77859588362,1822.338704767407,554.5669578676316,-6.669365602605342,-0.2611321472173299,-6.669348380470353,17470.347063123747,0.0,0.1982440594157468,1.9482726234074998,2244157.3495041556,578.2771319026116
119200.0,4594828.761740185,179977.69535892687,4594816.888235426,554.1116681645493,1822.3125789107637,553.9000318722678,-6.669188810801203,-0.2613849865411319,-6.669171558797988,17470.347063123747,0.0,0.1982440594157468,1.9482726234074998,2244157.3495041556,578.2771319026116
119300.0,4594884.139561352,180159.9253094716,4594872.24489305,553.444758115063,1822.2864277699236,553.2331235494753,-6.669012210899242,-0.2616378311173097,-6.668994929027568,17470.347063123747,0.0,0.1982440594157468,1.9482726234074998,2244157.3495041556,578.2771319026116
119400.0,4594939.450692397,180342.15264363802,4594927.534860725,552.7778657159764,1822.2602513443715,552.5662328800694,-6.668835802787728,-0.26189068075675687,-6.668818491047388,17470.347063123747,0.0,0.1982440594157468,1.9482726234074998,2244157.3495041556,578.2771319026116
119500.0,4594994.695135083,180524.37735889765,4594982.758140214,552.1109909481161,1822.2340496336099,551.8993598448766,-6.668659586356113,-0.2621435352731508,-6.668642244746916,17470.347063123747,0.0,0.1982440594157468,1.9482726234074998,2244157.3495041556,578.2771319026116
119600.0,4595049.872891174,180706.59945272192,4595037.91473328,551.4441337923195,1822.2078226371605,551.2325044247343,-6.668483561495029,-0.2623963944829168,-6.66846619001681,17470.347063123747,0.0,0.1982440594157468,1.9482726234074998,2244157.3495041556,578.2771319026116
119700.0,4595104.983962428,180888.81892258223,4595093.004641685,550.7772942294349,1822.1815703545628,550.5656666004911,-6.668307728096271,-0.2626492582051897,-6.668290326748882,17470.347063123747,0.0,0.1982440594157468,1.9482726234074998,2244157.3495041556,578.2771319026116
119800.0,4595160.028350605,181071.03576594996,4595148.027867186,550.1104722403217,1822.155292785375,549.8988463530061,-6.668132086052773,-0.2629021262617782,-6.6681146548360894,17470.347063123747,0.0,0.1982440594157468,1.9482726234074998,2244157.3495041556,578.2771319026116
119900.0,4595215.006057461,181253.24998029642,4595202.98441154,549.4436678058494,1822.128989929172,549.2320436631489,-6.667956635258593,-0.26315499847712825,-6.667939174172509,17470.347063123747,0.0,0.1982440594157468,1.9482726234074998,2244157.3495041556,578.2771319026116
120000.0,4595269.917084751,181435.4615630929,4595257.874276503,548.7768809068984,1822.1026617855466,548.5652585118,-6.667781375608903,-0.26340787467828786,-6.667763884653334,17470.347063123747,0.0,0.1982440594157468,1.9482726234074998,2244157.3495041556,578.2771319026116
120100.0,4595324.761434226,181617.6705118106,4595312.697463826,548.1101115243596,1822.076308354109,547.8984908798502,-6.667606306999973,-0.26366075469487266,-6.667588786174853,17470.347063123747,0.0,0.1982440594157468,1.9482726234074998,2244157.3495041556,578.2771319026116
120200.0,4595379.539107638,181799.87682392076,4595367.453975262,547.4433596391339,1822.049929634486,547.2317407482004,-6.667431429329146,-0.26391363835903003,-6.667413878634431,17470.347063123747,0.0,0.1982440594157468,1.9482726234074998,2244157.3495041556,578.2771319026116
120300.0,4595434.250106736,181982.08049689454,4595422.143812559,546.7766252321326,1822.023525626321,546.5650080977621,-6.6672567424948515,-0.2641665255054072,-6.667239161930513,17470.347063123747,0.0,0.1982440594157468,1.9482726234074998,2244157.3495041556,578.2771319026116
120400.0,4595488.8944332665,182164.28152820308,4595476.766977464,546.109908284277,1821.9970963292742,545.8982929094565,-6.667082246396543,-0.26441941597111496,-6.667064635962573,17470.347063123747,0.0,0.1982440594157468,1.9482726234074998,2244157.3495041556,578.2771319026116
120500.0,4595543.472088974,182346.47991531744,4595531.323471722,545.4432087764986,1821.9706417430216,545.231595164215,-6.666907940934729,-0.2646723095956975,-6.666890300631141,17470.347063123747,0.0,0.1982440594157468,1.9482726234074998,2244157.3495041556,578.2771319026116
120600.0,4595597.983075602,182528.6756557087,4595585.813297077,544.7765266897387,1821.9441618672552,544.564914842979,-6.666733826010943,-0.2649252062210978,-6.66671615583776,17470.347063123747,0.0,0.1982440594157468,1.9482726234074998,2244157.3495041556,578.2771319026116
120700.0,4595652.427394892,182710.8687468479,4595640.236455271,544.1098620049484,1821.9176567016825,543.8982519266995,-6.66655990152771,-0.2651781056916259,-6.666542201484981,17470.347063123747,0.0,0.1982440594157468,1.9482726234074998,2244157.3495041556,578.2771319026116
120800.0,4595706.805048583,182893.05918620605,4595694.592948043,543.4432147030883,1821.891126246027,543.2316063963372,-6.666386167388573,-0.26543100785392837,-6.666368437476362,17470.347063123747,0.0,0.1982440594157468,1.9482726234074998,2244157.3495041556,578.2771319026116
120900.0,4595761.116038412,183075.24697125412,4595748.882777129,542.776584765129,1821.864570500027,542.5649782328625,-6.666212623498042,-0.26568391255695545,-6.66619486371643,17470.347063123747,0.0,0.1982440594157468,1.9482726234074998,2244157.3495041556,578.2771319026116
121000.0,4595815.360366114,183257.43209946304,4595803.1059442675,542.1099721720502,1821.8379894634359,541.8983674172554,-6.666039269761592,-0.26593681965193083,-6.66602148011068,17470.347063123747,0.0,0.1982440594157468,1.9482726234074998,2244157.3495041556,578.2771319026116
121100.0,4595869.538033424,183439.61456830378,4595857.2624511905,541.4433769048413,1821.8113831360217,541.231773930505,-6.665866106085672,-0.2661897289923223,-6.6658482865655735,17470.347063123747,0.0,0.1982440594157468,1.9482726234074998,2244157.3495041556,578.2771319026116
121200.0,4595923.649042073,183621.7943752472,4595911.352299631,540.7767989445008,1821.7847515175674,540.56519775361,-6.665693132377658,-0.26644264043380994,-6.665675282988506,17470.347063123747,0.0,0.1982440594157468,1.9482726234074998,2244157.3495041556,578.2771319026116
121300.0,4595977.693393789,183803.97151776424,4595965.375491317,540.1102382720366,1821.7580946078697,539.8986388675781,-6.665520348545855,-0.266695553834258,-6.665502469287798,17470.347063123747,0.0,0.1982440594157468,1.9482726234074998,2244157.3495041556,578.2771319026116
121400.0,4596031.671090302,183986.14599332574,4596019.332027979,539.4436948684654,1821.7314124067398,539.2320972534263,-6.665347754499496,-0.2669484690536855,-6.665329845372701,17470.347063123747,0.0,0.1982440594157468,1.9482726234074998,2244157.3495041556,578.2771319026116
121500.0,4596085.582133338,184168.31779940255,4596073.221911343,538.7771687148135,1821.7047049140028,538.5655728921804,-6.6651753501487025,-0.2672013859542367,-6.665157411153348,17470.347063123747,0.0,0.1982440594157468,1.9482726234074998,2244157.3495041556,578.2771319026116
121600.0,4596139.42652462,184350.4869334655,4596127.045143132,538.1106597921155,1821.6779721294974,537.8990657648753,-6.665003135404505,-0.26745430440015405,-6.66498516654079,17470.347063123747,0.0,0.1982440594157468,1.9482726234074998,2244157.3495041556,578.2771319026116
121700.0,4596193.20426587,184532.65339298538,4596180.80172507,537.4441680814152,1821.6512140530758,537.2325758525549,-6.664831110178797,-0.2677072242577491,-6.664813111446936,17470.347063123747,0.0,0.1982440594157468,1.9482726234074998,2244157.3495041556,578.2771319026116
121800.0,4596246.915358809,184714.81717543304,4596234.491658877,536.7776935637653,1821.6244306846033,536.5661031362715,-6.664659274384357,-0.26796014539537616,-6.664641245784574,17470.347063123747,0.0,0.1982440594157468,1.9482726234074998,2244157.3495041556,578.2771319026116
121900.0,4596300.559805155,184896.97827827925,4596288.11494627,536.1112362202268,1821.5976220239584,535.8996475970864,-6.664487627934817,-0.2682130676834042,-6.664469569467354,17470.347063123747,0.0,0.1982440594157468,1.9482726234074998,2244157.3495041556,578.2771319026116
122000.0,4596354.1376066245,185079.13669899476,4596341.6715889685,535.4447960318697,1821.5707880710324,535.2332092160693,-6.66431617074464,-0.2684659909941899,-6.664298082409752,17470.347063123747,0.0,0.1982440594157468,1.9482726234074998,2244157.3495041556,578.2771319026116
122100.0,4596407.6487649325,185261.29243505036,4596395.161588686,534.7783729797721,1821.5439288257296,534.5667879742986,-6.664144902729133,-0.26871891520205216,-6.664126784527096,17470.347063123747,0.0,0.1982440594157468,1.9482726234074998,2244157.3495041556,578.2771319026116
122200.0,4596461.093281792,185443.44548391682,4596448.584947134,534.1119670450208,1821.5170442879662,533.9003838528608,-6.663973823804434,-0.26897184018324594,-6.6639556757355285,17470.347063123747,0.0,0.1982440594157468,1.9482726234074998,2244157.3495041556,578.2771319026116
122300.0,4596514.4711589115,185625.59584306486,4596501.941666027,533.4455782087109,1821.4901344576713,533.2339968328512,-6.66380293388747,-0.26922476581593535,-6.663784755952001,17470.347063123747,0.0,0.1982440594157468,1.9482726234074998,2244157.3495041556,578.2771319026116
122400.0,4596567.782398002,185807.74350996525,4596555.23174707,532.7792064519458,1821.4631993347855,532.5676268953729,-6.66363223289599,-0.2694776919801701,-6.663614025094269,17470.347063123747,0.0,0.1982440594157468,1.9482726234074998,2244157.3495041556,578.2771319026116
122500.0,4596621.027000771,185989.88848208872,4596608.455191974,532.1128517558369,1821.4362389192615,531.9012740215375,-6.663461720748527,-0.26973061855785924,-6.663443483080879,17470.347063123747,0.0,0.1982440594157468,1.9482726234074998,2244157.3495041556,578.2771319026116
122600.0,4596674.204968922,186172.030756906,4596661.612002443,531.4465141015039,1821.409253211064,531.2349381924646,-6.663291397364381,-0.2699835454327468,-6.663273129831149,17470.347063123747,0.0,0.1982440594157468,1.9482726234074998,2244157.3495041556,578.2771319026116
122700.0,4596727.316304158,186354.17033188784,4596714.70218018,530.7801934700746,1821.382242210169,530.5686193892818,-6.663121262663632,-0.27023647249038796,-6.663102965265169,17470.347063123747,0.0,0.1982440594157468,1.9482726234074998,2244157.3495041556,578.2771319026116
122800.0,4596780.361008182,186536.30720450496,4596767.725726888,530.1138898426844,1821.3552059165636,529.9023175931247,-6.662951316567121,-0.2704893996181248,-6.662932989303796,17470.347063123747,0.0,0.1982440594157468,1.9482726234074998,2244157.3495041556,578.2771319026116
122900.0,4596833.339082693,186718.4413722281,4596820.682644265,529.447603200477,1821.3281443302467,529.2360327851368,-6.662781558996428,-0.27074232670506254,-6.662763201868619,17470.347063123747,0.0,0.1982440594157468,1.9482726234074998,2244157.3495041556,578.2771319026116
123000.0,4596886.250529388,186900.57283252792,4596873.57293401,528.7813335246036,1821.3010574512277,528.5697649464694,-6.662611989873877,-0.2709952536420463,-6.6625936028819766,17470.347063123747,0.0,0.1982440594157468,1.9482726234074998,2244157.3495041556,578.2771319026116
123100.0,4596939.095349963,187082.70158287522,4596926.396597819,528.1150807962232,1821.273945279527,527.9035140582814,-6.662442609122521,-0.27124818032163855,-6.6624241922669345,17470.347063123747,0.0,0.1982440594157468,1.9482726234074998,2244157.3495041556,578.2771319026116
123200.0,4596991.873546111,187264.82762074072,4596979.153637386,527.4488449965025,1821.2468078151755,527.2372801017395,-6.662273416666137,-0.2715011066380962,-6.662254969947279,17470.347063123747,0.0,0.1982440594157468,1.9482726234074998,2244157.3495041556,578.2771319026116
123300.0,4597044.585119526,187446.95094359515,4597031.844054403,526.7826261066159,1821.2196450582148,526.571063058018,-6.662104412429189,-0.2717540324873473,-6.6620859358474895,17470.347063123747,0.0,0.1982440594157468,1.9482726234074998,2244157.3495041556,578.2771319026116
123400.0,4597097.230071896,187629.07154890927,4597084.46785056,526.1164241077452,1821.192457008697,525.9048629082986,-6.6619355963368685,-0.27200695776697115,-6.661917089892768,17470.347063123747,0.0,0.1982440594157468,1.9482726234074998,2244157.3495041556,578.2771319026116
123500.0,4597149.808404909,187811.1894341538,4597137.025027547,525.4502389810796,1821.1652436666839,525.2386796337704,-6.6617669683150424,-0.2722598823761743,-6.661748432008993,17470.347063123747,0.0,0.1982440594157468,1.9482726234074998,2244157.3495041556,578.2771319026116
123600.0,4597202.320120254,187993.30459679954,4597189.51558705,524.7840707078157,1821.1380050322475,524.5725132156301,-6.6615985282902574,-0.2725128062157708,-6.661579962122725,17470.347063123747,0.0,0.1982440594157468,1.9482726234074998,2244157.3495041556,578.2771319026116
123700.0,4597254.765219612,188175.4170343172,4597241.939530752,524.1179192691574,1821.1107411054697,523.9063636350817,-6.661430276189744,-0.27276572918815983,-6.661411680161202,17470.347063123747,0.0,0.1982440594157468,1.9482726234074998,2244157.3495041556,578.2771319026116
123800.0,4597307.143704668,188357.52674417754,4597294.296860337,523.4517846463159,1821.083451886442,523.2402308733361,-6.661262211941389,-0.27301865119730606,-6.661243586052324,17470.347063123747,0.0,0.1982440594157468,1.9482726234074998,2244157.3495041556,578.2771319026116
123900.0,4597359.455577102,188539.63372385138,4597346.587577486,522.7856668205097,1821.0561373752655,522.5741149116119,-6.66109433547373,-0.27327157214871783,-6.661075679724637,17470.347063123747,0.0,0.1982440594157468,1.9482726234074998,2244157.3495041556,578.2771319026116
124000.0,4597411.700838592,188721.7379708095,4597398.811683879,522.1195657729642,1821.0287975720507,521.9080157311342,-6.660926646715959,-0.27352449194942796,-6.6609079611073465,17470.347063123747,0.0,0.1982440594157468,1.9482726234074998,2244157.3495041556,578.2771319026116
124100.0,4597463.879490815,188903.83948252272,4597450.969181192,521.4534814849119,1821.0014324769172,521.2419333131357,-6.660759145597897,-0.273777410507973,-6.660740430130283,17470.347063123747,0.0,0.1982440594157468,1.9482726234074998,2244157.3495041556,578.2771319026116
124200.0,4597515.991535447,189085.9382564618,4597503.0600711005,520.7874139375923,1820.9740420899936,520.5758676388558,-6.660591832050002,-0.27403032773437397,-6.660573086723917,17470.347063123747,0.0,0.1982440594157468,1.9482726234074998,2244157.3495041556,578.2771319026116
124300.0,4597568.03697416,189268.03429009765,4597555.084355278,520.1213631122519,1820.9466264114178,519.9098186895409,-6.660424706003353,-0.27428324354011674,-6.660405930819335,17470.347063123747,0.0,0.1982440594157468,1.9482726234074998,2244157.3495041556,578.2771319026116
124400.0,4597620.015808626,189450.12758090105,4597607.042035395,519.4553289901438,1820.919185441336,519.2437864464441,-6.660257767389637,-0.2745361578381328,-6.660238962348232,17470.347063123747,0.0,0.1982440594157468,1.9482726234074998,2244157.3495041556,578.2771319026116
124500.0,4597671.928040515,189632.21812634286,4597658.933113123,518.7893115525284,1820.8917191799032,518.5777708908257,-6.66009101614114,-0.27478907054277973,-6.660072181242909,17470.347063123747,0.0,0.1982440594157468,1.9482726234074998,2244157.3495041556,578.2771319026116
124600.0,4597723.773671493,189814.305923894,4597710.757590129,518.1233107806723,1820.8642276272833,517.9117720039523,-6.659924452190763,-0.2750419815698244,-6.659905587436273,17470.347063123747,0.0,0.1982440594157468,1.9482726234074998,2244157.3495041556,578.2771319026116
124700.0,4597775.552703226,189996.3909710253,4597762.515468079,517.4573266558492,1820.836710783648,517.2457897670973,-6.659758075471978,-0.2752948908364225,-6.659739180861807,17470.347063123747,0.0,0.1982440594157468,1.9482726234074998,2244157.3495041556,578.2771319026116
124800.0,4597827.265137378,190178.4732652077,4597814.206748636,516.7913591593391,1820.8091686491773,516.579824161541,-6.659591885918851,-0.2755477982611014,-6.659572961453588,17470.347063123747,0.0,0.1982440594157468,1.9482726234074998,2244157.3495041556,578.2771319026116
124900.0,4597878.910975612,190360.5528039121,4597865.831433465,516.1254082724288,1820.7816012240596,515.9138751685699,-6.659425883466009,-0.27580070376374155,-6.6594069291462485,17470.347063123747,0.0,0.1982440594157468,1.9482726234074998,2244157.3495041556,578.2771319026116
125000.0,4597930.490219586,190542.6295846095,4597917.389524223,515.4594739764115,1820.754008508491,515.2479427694772,-6.659260068048661,-0.2760536072655605,-6.659241083875009,17470.347063123747,0.0,0.1982440594157468,1.9482726234074998,2244157.3495041556,578.2771319026116
125100.0,4597982.002870959,190724.70360477082,4597968.881022571,514.7935562525868,1820.7263905026757,514.5820269455625,-6.659094439602561,-0.2763065086890931,-6.659075425575631,17470.347063123747,0.0,0.1982440594157468,1.9482726234074998,2244157.3495041556,578.2771319026116
125200.0,4598033.448931389,190906.77486186704,4598020.305930164,514.1276550822607,1820.6987472068251,513.9161276781317,-6.658928998064022,-0.276559407958176,-6.658909954184438,17470.347063123747,0.0,0.1982440594157468,1.9482726234074998,2244157.3495041556,578.2771319026116
125300.0,4598084.828402528,191088.8433533692,4598071.664248657,513.4617704467458,1820.6710786211584,513.2502449484973,-6.658763743369898,-0.27681230499793025,-6.658744669638291,17470.347063123747,0.0,0.1982440594157468,1.9482726234074998,2244157.3495041556,578.2771319026116
125400.0,4598136.141286029,191270.90907674827,4598122.955979704,512.7959023273607,1820.6433847459023,512.5843787379779,-6.6585986754575845,-0.2770651997347444,-6.658579571874597,17470.347063123747,0.0,0.1982440594157468,1.9482726234074998,2244157.3495041556,578.2771319026116
125500.0,4598187.387583543,191452.97202947538,4598174.1811249545,512.1300507054303,1820.6156655812906,511.91852902789833,-6.658433794265008,-0.2773180920962582,-6.658414660831288,17470.347063123747,0.0,0.1982440594157468,1.9482726234074998,2244157.3495041556,578.2771319026116
125600.0,4598238.567296719,191635.03220902156,4598225.339686058,511.4642155622858,1820.5879211275646,511.2526957995897,-6.658269099730605,-0.27757098201134567,-6.658249936446808,17470.347063123747,0.0,0.1982440594157468,1.9482726234074998,2244157.3495041556,578.2771319026116
125700.0,4598289.680427204,191817.08961285793,4598276.431664663,510.7983968792643,1820.5601513849724,510.586879034389,-6.658104591793348,-0.2778238694101006,-6.65808539866014,17470.347063123747,0.0,0.1982440594157468,1.9482726234074998,2244157.3495041556,578.2771319026116
125800.0,4598340.726976642,191999.1442384556,4598327.457062414,510.13259463770925,1820.5323563537688,509.9210787136397,-6.657940270392715,-0.2780767542238193,-6.6579210474107695,17470.347063123747,0.0,0.1982440594157468,1.9482726234074998,2244157.3495041556,578.2771319026116
125900.0,4598391.706946678,192181.19608328573,4598378.415880954,509.4668088189699,1820.504536034216,509.25529481869097,-6.657776135468671,-0.2783296363849848,-6.657756882638667,17470.347063123747,0.0,0.1982440594157468,1.9482726234074998,2244157.3495041556,578.2771319026116
126000.0,4598442.620338953,192363.2451448195,4598429.308121924,508.80103940440165,1820.4766904265825,508.5895273308981,-6.657612186961703,-0.2785825158272534,-6.657592904284328,17470.347063123747,0.0,0.1982440594157468,1.9482726234074998,2244157.3495041556,578.2771319026116
126100.0,4598493.467155105,192545.2914205281,4598480.133786966,508.13528637536564,1820.4488195311435,507.9237762316222,-6.65744842481277,-0.27883539248543704,-6.657429112288721,17470.347063123747,0.0,0.1982440594157468,1.9482726234074998,2244157.3495041556,578.2771319026116
126200.0,4598544.247396774,192727.33490788282,4598530.892877717,507.46954971322907,1820.4209233481804,507.25804150223036,-6.657284848963325,-0.2790882662954896,-6.657265506593305,17470.347063123747,0.0,0.1982440594157468,1.9482726234074998,2244157.3495041556,578.2771319026116
126300.0,4598594.961065593,192909.37560435486,4598581.585395812,506.80382939936493,1820.3930018779813,506.59232312409546,-6.657121459355296,-0.27934113719449244,-6.657102087140015,17470.347063123747,0.0,0.1982440594157468,1.9482726234074998,2244157.3495041556,578.2771319026116
126400.0,4598645.6081631975,193091.41350741553,4598632.211342886,506.1381254151519,1820.3650551208405,505.9266210785962,-6.656958255931084,-0.27959400512063876,-6.656938853871259,17470.347063123747,0.0,0.1982440594157468,1.9482726234074998,2244157.3495041556,578.2771319026116
126500.0,4598696.188691219,193273.44861453614,4598682.770720571,505.4724377419745,1820.3370830770582,505.26093534711697,-6.656795238633555,-0.27984687001321995,-6.656775806729913,17470.347063123747,0.0,0.1982440594157468,1.9482726234074998,2244157.3495041556,578.2771319026116
126600.0,4598746.702651288,193455.48092318806,4598733.263530498,504.80676636122286,1820.3090857469408,504.5952659110479,-6.656632407406035,-0.2800997318126111,-6.656612945659305,17470.347063123747,0.0,0.1982440594157468,1.9482726234074998,2244157.3495041556,578.2771319026116
126700.0,4598797.150045034,193637.51043084267,4598783.689774296,504.1411112542928,1820.2810631308007,503.92961275178465,-6.656469762192307,-0.2803525904602573,-6.656450270603226,17470.347063123747,0.0,0.1982440594157468,1.9482726234074998,2244157.3495041556,578.2771319026116
126800.0,4598847.530874081,193819.53713497138,4598834.049453591,503.4754724025858,1820.2530152289557,503.2639758507286,-6.656307302936597,-0.28060544589865916,-6.656287781505909,17470.347063123747,0.0,0.1982440594157468,1.9482726234074998,2244157.3495041556,578.2771319026116
126900.0,4598897.845140055,194001.56103304564,4598884.342570008,502.80984978750877,1820.2249420417297,502.5983551892867,-6.656145029583582,-0.2808582980713605,-6.656125478312039,17470.347063123747,0.0,0.1982440594157468,1.9482726234074998,2244157.3495041556,578.2771319026116
127000.0,4598948.092844578,194183.5821225369,4598934.56912517,502.1442433904742,1820.196843569452,501.93275074887123,-6.6559829420783725,-0.2811111469229331,-6.655963360966732,17470.347063123747,0.0,0.1982440594157468,1.9482726234074998,2244157.3495041556,578.2771319026116
127100.0,4598998.273989272,194365.6004009167,4598984.729120698,501.47865319289997,1820.1687198124575,501.26716251090016,-6.655821040366503,-0.2813639923989647,-6.655801429415529,17470.347063123747,0.0,0.1982440594157468,1.9482726234074998,2244157.3495041556,578.2771319026116
127200.0,4599048.388575756,194547.61586565658,4599034.822558211,500.81307917620956,1820.1405707710865,500.60159045679677,-6.655659324393945,-0.2816168344460458,-6.655639683604405,17470.347063123747,0.0,0.1982440594157468,1.9482726234074998,2244157.3495041556,578.2771319026116
127300.0,4599098.436605646,194729.62851422813,4599084.849439328,500.1475213218317,1820.1123964456845,499.93603456798974,-6.655497794107085,-0.28186967301175625,-6.655478123479757,17470.347063123747,0.0,0.1982440594157468,1.9482726234074998,2244157.3495041556,578.2771319026116
127400.0,4599148.418080558,194911.63834410295,4599134.809765663,499.4819796112004,1820.084196836602,499.27049482591303,-6.655336449452731,-0.2821225080446532,-6.655316748988396,17470.347063123747,0.0,0.1982440594157468,1.9482726234074998,2244157.3495041556,578.2771319026116
127500.0,4599198.333002105,195093.64535275268,4599184.70353883,498.81645402575515,1820.0559719441949,498.60497121200603,-6.655175290378096,-0.28237533949425775,-6.65515556007754,17470.347063123747,0.0,0.1982440594157468,1.9482726234074998,2244157.3495041556,578.2771319026116
127600.0,4599248.1813719,195275.649537649,4599234.530760442,498.15094454694054,1820.0277217688242,497.9394637077133,-6.655014316830794,-0.28262816731104307,-6.654994556694811,17470.347063123747,0.0,0.1982440594157468,1.9482726234074998,2244157.3495041556,578.2771319026116
127700.0,4599297.963191551,195457.6508962637,4599284.291432108,497.48545115620647,1819.9994463108555,497.27397229448457,-6.65485352875885,-0.28288099144642215,-6.654833738788239,17470.347063123747,0.0,0.1982440594157468,1.9482726234074998,2244157.3495041556,578.2771319026116
127800.0,4599347.678462666,195639.64942606844,4599333.985555436,496.819973835008,1819.9711455706592,496.6084969537748,-6.654692926110681,-0.28313381185273573,-6.654673106306244,17470.347063123747,0.0,0.1982440594157468,1.9482726234074998,2244157.3495041556,578.2771319026116
127900.0,4599397.327186853,195821.64512453508,4599383.6131320335,496.15451256480526,1819.9428195486107,495.94303766704417,-6.6545325088350795,-0.2833866284832397,-6.654512659197628,17470.347063123747,0.0,0.1982440594157468,1.9482726234074998,2244157.3495041556,578.2771319026116
128000.0,4599446.909365714,196003.63798913543,4599433.1741635045,495.4890673270636,1819.91446824509,495.27759441575785,-6.654372276881242,-0.2836394412920947,-6.654352397411591,17470.347063123747,0.0,0.1982440594157468,1.9482726234074998,2244157.3495041556,578.2771319026116
128100.0,4599496.425000852,196185.62801734137,4599482.668651451,494.8236381032533,1819.8860916604813,494.6121671813861,-6.65421223019874,-0.28389225023435355,-6.65419232089771,17470.347063123747,0.0,0.1982440594157468,1.9482726234074998,2244157.3495041556,578.2771319026116
128200.0,4599545.874093868,196367.61520662482,4599532.096597474,494.1582248748498,1819.8576897951734,493.9467559454042,-6.654052368737516,-0.2841450552659499,-6.6540324296059286,17470.347063123747,0.0,0.1982440594157468,1.9482726234074998,2244157.3495041556,578.2771319026116
128300.0,4599595.256646359,196549.59955445773,4599581.458003173,493.4928276233334,1819.8292626495597,493.2813606892925,-6.65389269244789,-0.2843978563436875,-6.653872723486577,17470.347063123747,0.0,0.1982440594157468,1.9482726234074998,2244157.3495041556,578.2771319026116
128400.0,4599644.572659924,196731.58105831206,4599630.752870144,492.8274463301895,1819.8008102240378,492.61598139453616,-6.653733201280542,-0.28465065342522844,-6.65371320249034,17470.347063123747,0.0,0.1982440594157468,1.9482726234074998,2244157.3495041556,578.2771319026116
128500.0,4599693.822136156,196913.55971565988,4599679.9811999835,492.1620809769082,1819.7723325190093,491.9506180426253,-6.653573895186513,-0.284903446469082,-6.653553866568258,17470.347063123747,0.0,0.1982440594157468,1.9482726234074998,2244157.3495041556,578.2771319026116
128600.0,4599743.00507665,197095.53552397323,4599729.142994284,491.4967315449847,1819.74382953488,491.28527061505497,-6.653414774117215,-0.2851562354345954,-6.6533947156717534,17470.347063123747,0.0,0.1982440594157468,1.9482726234074998,2244157.3495041556,578.2771319026116
128700.0,4599792.121482995,197277.50848072424,4599778.2382546365,490.83139801591886,1819.7153012720596,490.61993909332506,-6.653255838024393,-0.28540902028194065,-6.653235749752571,17470.347063123747,0.0,0.1982440594157468,1.9482726234074998,2244157.3495041556,578.2771319026116
128800.0,4599841.171356782,197459.47858338503,4599827.266982632,490.1660803712155,1819.686747730962,489.95462345894015,-6.653097086860156,-0.2856618009721063,-6.653076968762828,17470.347063123747,0.0,0.1982440594157468,1.9482726234074998,2244157.3495041556,578.2771319026116
128900.0,4599890.154699598,197641.44582942783,4599876.229179857,489.5007785923841,1819.6581689120048,489.28932369340976,-6.6529385205769485,-0.28591457746688553,-6.652918372654971,17470.347063123747,0.0,0.1982440594157468,1.9482726234074998,2244157.3495041556,578.2771319026116
129000.0,4599939.071513029,197823.41021632485,4599925.124847899,488.835492660939,1819.6295648156097,488.624039778248,-6.652780139127567,-0.2861673497288671,-6.652759961381803,17470.347063123747,0.0,0.1982440594157468,1.9482726234074998,2244157.3495041556,578.2771319026116
129100.0,4599987.921798658,198005.37174154838,4599973.953988341,488.1702225583991,1819.6009354422015,487.9587716949738,-6.652621942465121,-0.28642011772142334,-6.652601734896437,17470.347063123747,0.0,0.1982440594157468,1.9482726234074998,2244157.3495041556,578.2771319026116
129200.0,4600036.705558067,198187.33040257075,4600022.716602765,487.50496826628796,1819.5722807922089,487.2935194251107,-6.652463930543076,-0.28667288140870245,-6.652443693152341,17470.347063123747,0.0,0.1982440594157468,1.9482726234074998,2244157.3495041556,578.2771319026116
129300.0,4600085.422792837,198369.2861968643,4600071.412692753,486.839729766134,1819.5436008660643,486.6282829501868,-6.652306103315213,-0.28692564075561716,-6.6522858361033,17470.347063123747,0.0,0.1982440594157468,1.9482726234074998,2244157.3495041556,578.2771319026116
129400.0,4600134.073504546,198551.23912190145,4600120.042259881,486.17450703947,1819.5148956642036,485.96306225173504,-6.652148460735635,-0.28717839572783516,-6.652128163703422,17470.347063123747,0.0,0.1982440594157468,1.9482726234074998,2244157.3495041556,578.2771319026116
129500.0,4600182.65769477,198733.18917515464,4600168.6053057285,485.5093000678334,1819.4861651870658,485.29785731129266,-6.651991002758769,-0.28743114629177,-6.651970675907141,17470.347063123747,0.0,0.1982440594157468,1.9482726234074998,2244157.3495041556,578.2771319026116
129600.0,4600231.175365084,198915.13635409638,4600217.101831868,484.84410883276627,1819.4574094350933,484.63266811040165,-6.651833729339365,-0.28768389241457176,-6.651813372669204,17470.347063123747,0.0,0.1982440594157468,1.9482726234074998,2244157.3495041556,578.2771319026116
129700.0,4600279.62651706,199097.0806561992,4600265.531839875,484.1789333158151,1819.428628408732,483.96749463060837,-6.651676640432465,-0.2879366340641163,-6.651656253944663,17470.347063123747,0.0,0.1982440594157468,1.9482726234074998,2244157.3495041556,578.2771319026116
129800.0,4600328.01115227,199279.02207893567,4600313.895331318,483.51377349853084,1819.3998221084307,483.30233685346377,-6.651519735993444,-0.2881893712089979,-6.651499319688891,17470.347063123747,0.0,0.1982440594157468,1.9482726234074998,2244157.3495041556,578.2771319026116
129900.0,4600376.329272282,199460.96061977843,4600362.192307767,482.84862936246896,1819.3709905346414,482.63719476052313,-6.651363015977964,-0.2884421038185189,-6.6513425698575555,17470.347063123747,0.0,0.1982440594157468,1.9482726234074998,2244157.3495041556,578.2771319026116
130000.0,4600424.580878665,199642.89627620016,4600410.422770792,482.18350088918925,1819.3421336878191,481.9720683333462,-6.651206480341991,-0.2886948318626814,-6.651186004406629,17470.347063123747,0.0,0.1982440594157468,1.9482726234074998,2244157.3495041556,578.2771319026116
130100.0,4600472.765972982,199824.82904567357,4600458.586721956,481.51838806025603,1819.313251568422,481.3069575534972,-6.651050129041789,-0.2889475553121776,-6.6510296232923745,17470.347063123747,0.0,0.1982440594157468,1.9482726234074998,2244157.3495041556,578.2771319026116
130200.0,4600520.884556798,200006.75892567143,4600506.6841628235,480.8532908572378,1819.2843441769107,480.64186240254463,-6.650893962033917,-0.2892002741383819,-6.650873426471358,17470.347063123747,0.0,0.1982440594157468,1.9482726234074998,2244157.3495041556,578.2771319026116
130300.0,4600568.936631674,200188.68591366656,4600554.715094957,480.1882092617076,1819.2554115137493,479.97678286206127,-6.650737979275227,-0.2894529883133424,-6.65071741390043,17470.347063123747,0.0,0.1982440594157468,1.9482726234074998,2244157.3495041556,578.2771319026116
130400.0,4600616.92219917,200370.61000713182,4600602.679519916,479.52314325524253,1819.226453579404,479.3117189136243,-6.650582180722849,-0.289705697809771,-6.65056158553673,17470.347063123747,0.0,0.1982440594157468,1.9482726234074998,2244157.3495041556,578.2771319026116
130500.0,4600664.841260844,200552.5312035401,4600650.577439259,478.8580928194242,1819.1974703743442,478.6466705388151,-6.6504265663342075,-0.2899584026010369,-6.650405941337681,17470.347063123747,0.0,0.1982440594157468,1.9482726234074998,2244157.3495041556,578.2771319026116
130600.0,4600712.6938182525,200734.44950036434,4600698.408854542,478.1930579358383,1819.1684618990416,477.98163771921935,-6.650271136066995,-0.2902111026611565,-6.650250481260978,17470.347063123747,0.0,0.1982440594157468,1.9482726234074998,2244157.3495041556,578.2771319026116
130700.0,4600760.479872949,200916.36489507757,4600746.173767321,477.5280385860748,1819.1394281539706,477.3166204364269,-6.65011588987919,-0.29046379796478683,-6.650095205264606,17470.347063123747,0.0,0.1982440594157468,1.9482726234074998,2244157.3495041556,578.2771319026116
130800.0,4600808.199426487,201098.27738515282,4600793.872179147,476.86303475172787,1819.110369139608,476.6516186720318,-6.6499608277290365,-0.29071648848721604,-6.649940113306808,17470.347063123747,0.0,0.1982440594157468,1.9482726234074998,2244157.3495041556,578.2771319026116
130900.0,4600855.852480416,201280.18696806318,4600841.504091572,476.1980464143958,1819.0812848564333,475.9866324076323,-6.649805949575055,-0.2909691742043565,-6.649785205346109,17470.347063123747,0.0,0.1982440594157468,1.9482726234074998,2244157.3495041556,578.2771319026116
131000.0,4600903.4390362855,201462.09364128183,4600889.069506145,475.533073555681,1819.0521753049281,475.32166162483077,-6.649651255376026,-0.2912218550927366,-6.649630481341294,17470.347063123747,0.0,0.1982440594157468,1.9482726234074998,2244157.3495041556,578.2771319026116
131100.0,4600950.959095642,201643.9974022819,4600936.568424413,474.8681161571901,1819.0230404855765,474.65670630523357,-6.649496745090999,-0.2914745311294928,-6.649475941251412,17470.347063123747,0.0,0.1982440594157468,1.9482726234074998,2244157.3495041556,578.2771319026116
131200.0,4600998.412660032,201825.8982485367,4600984.000847921,474.20317420053374,1818.9938803988648,473.9917664304513,-6.64934241867928,-0.2917272022923619,-6.649321585035772,17470.347063123747,0.0,0.1982440594157468,1.9482726234074998,2244157.3495041556,578.2771319026116
131300.0,4601045.799730997,202007.79617751946,4601031.366778213,473.5382476673265,1818.9646950452814,473.32684198209864,-6.649188276100443,-0.2919798685596745,-6.64916741265395,17470.347063123747,0.0,0.1982440594157468,1.9482726234074998,2244157.3495041556,578.2771319026116
131400.0,4601093.120310078,202189.69118670354,4601078.666216831,472.8733365391872,1818.9354844253169,472.6619329417941,-6.649034317314293,-0.29223252991034565,-6.649013424065759,17470.347063123747,0.0,0.1982440594157468,1.9482726234074998,2244157.3495041556,578.2771319026116
131500.0,4601140.374398817,202371.5832735623,4601125.899165315,472.20844079773855,1818.9062485394638,471.9970392911603,-6.648880542280913,-0.2924851863238694,-6.648859619231275,17470.347063123747,0.0,0.1982440594157468,1.9482726234074998,2244157.3495041556,578.2771319026116
131600.0,4601187.56199875,202553.47243556925,4601173.065625202,471.5435604246072,1818.8769873882172,471.332161011824,-6.6487269509606115,-0.29273783778031043,-6.648705998110816,17470.347063123747,0.0,0.1982440594157468,1.9482726234074998,2244157.3495041556,578.2771319026116
131700.0,4601234.683111413,202735.3586701978,4601220.165598029,470.87869540142395,1818.8477009720737,470.66729808541567,-6.648573543313965,-0.29299048426029756,-6.648552560664957,17470.347063123747,0.0,0.1982440594157468,1.9482726234074998,2244157.3495041556,578.2771319026116
131800.0,4601281.737738341,202917.24197492152,4601267.199085331,470.2138457098233,1818.8183892915317,470.0024504935698,-6.648420319301773,-0.2932431257450157,-6.648399306854501,17470.347063123747,0.0,0.1982440594157468,1.9482726234074998,2244157.3495041556,578.2771319026116
131900.0,4601328.725881065,203099.12234721397,4601314.166088639,469.54901133144375,1818.789052347092,469.3376182179249,-6.648267278885086,-0.29349576221620005,-6.648246236640502,17470.347063123747,0.0,0.1982440594157468,1.9482726234074998,2244157.3495041556,578.2771319026116
132000.0,4601375.647541117,203280.99978454883,4601361.066609484,468.88419224792773,1818.7596901392562,468.67280124012314,-6.648114422025183,-0.29374839365612815,-6.648093349984239,17470.347063123747,0.0,0.1982440594157468,1.9482726234074998,2244157.3495041556,578.2771319026116
132100.0,4601422.502720024,203462.87428439973,4601407.900649396,468.2193884409215,1818.730302668529,468.0079995418107,-6.647961748683586,-0.29400102004761397,-6.647940646847231,17470.347063123747,0.0,0.1982440594157468,1.9482726234074998,2244157.3495041556,578.2771319026116
132200.0,4601469.291419314,203644.74584424045,4601454.668209901,467.55459989207503,1818.7008899354157,467.34321310463764,-6.647809258822043,-0.29425364137400073,-6.64778812719124,17470.347063123747,0.0,0.1982440594157468,1.9482726234074998,2244157.3495041556,578.2771319026116
132300.0,4601516.013640511,203826.61446154476,4601501.369292525,466.88982658304235,1818.6714519404236,466.6784419102577,-6.647656952402537,-0.2945062576191543,-6.6476357909782395,17470.347063123747,0.0,0.1982440594157468,1.9482726234074998,2244157.3495041556,578.2771319026116
132400.0,4601562.669385138,204008.48013378648,4601548.00389879,466.2250684954811,1818.6419886840617,466.01368594032846,-6.647504829387265,-0.29475886876745666,-6.647483638170433,17470.347063123747,0.0,0.1982440594157468,1.9482726234074998,2244157.3495041556,578.2771319026116
132500.0,4601609.258654716,204190.34285843952,4601594.572030219,465.5603256110527,1818.6125001668406,465.34894517651134,-6.647352889738659,-0.2950114748037998,-6.647331668730257,17470.347063123747,0.0,0.1982440594157468,1.9482726234074998,2244157.3495041556,578.2771319026116
132600.0,4601655.781450766,204372.20263297783,4601641.073688332,464.8955979114224,1818.582986389272,464.6842196004714,-6.647201133419367,-0.29526407571357854,-6.647179882620356,17470.347063123747,0.0,0.1982440594157468,1.9482726234074998,2244157.3495041556,578.2771319026116
132700.0,4601702.237774804,204554.0594548754,4601687.508874645,464.2308853782591,1818.5534473518694,464.0195091938775,-6.64704956039226,-0.2955166714826856,-6.647028279803606,17470.347063123747,0.0,0.1982440594157468,1.9482726234074998,2244157.3495041556,578.2771319026116
132800.0,4601748.627628347,204735.91332160623,4601733.877590676,463.5661879932354,1818.5238830551473,463.3548139384022,-6.646898170620413,-0.29576926209750376,-6.646876860243081,17470.347063123747,0.0,0.1982440594157468,1.9482726234074998,2244157.3495041556,578.2771319026116
132900.0,4601794.951012908,204917.76423064445,4601780.1798379375,462.9015057380277,1818.494293499622,462.6901338157216,-6.646746964067134,-0.2960218475449012,-6.646725623902091,17470.347063123747,0.0,0.1982440594157468,1.9482726234074998,2244157.3495041556,578.2771319026116
133000.0,4601841.207929999,205099.6121794642,4601826.415617943,462.23683859431594,1818.464678685811,462.02546880751567,-6.646595940695922,-0.2962744278122243,-6.646574570744138,17470.347063123747,0.0,0.1982440594157468,1.9482726234074998,2244157.3495041556,578.2771319026116
133100.0,4601887.39838113,205281.45716553967,4601872.5849322025,461.5721865437837,1818.4350386142326,461.3608188954679,-6.646445100470501,-0.29652700288729283,-6.646423700732945,17470.347063123747,0.0,0.1982440594157468,1.9482726234074998,2244157.3495041556,578.2771319026116
133200.0,4601933.52236781,205463.29918634513,4601918.687782225,460.9075495681182,1818.4053732854068,460.6961840612654,-6.646294443354788,-0.296779572758393,-6.646273013832435,17470.347063123747,0.0,0.1982440594157468,1.9482726234074998,2244157.3495041556,578.2771319026116
133300.0,4601979.579891546,205645.13823935486,4601964.724169517,460.2429276490103,1818.3756826998547,460.0315642865989,-6.6461439693129165,-0.29703213741427226,-6.646122510006736,17470.347063123747,0.0,0.1982440594157468,1.9482726234074998,2244157.3495041556,578.2771319026116
133400.0,4602025.570953841,205826.9743220432,4602010.694095584,459.57832076815436,1818.345966858098,459.3669595531627,-6.645993678309211,-0.2972846968441333,-6.645972189220178,17470.347063123747,0.0,0.1982440594157468,1.9482726234074998,2244157.3495041556,578.2771319026116
133500.0,4602071.4955562,206008.8074318846,4602056.597561928,458.91372890724836,1818.3162257606602,458.7023698426547,-6.645843570308196,-0.2975372510376285,-6.645822051437286,17470.347063123747,0.0,0.1982440594157468,1.9482726234074998,2244157.3495041556,578.2771319026116
133600.0,4602117.353700123,206190.6375663535,4602102.434570053,458.2491520479938,1818.2864594080654,458.0377951367763,-6.645693645274604,-0.2977897999848546,-6.645672096622794,17470.347063123747,0.0,0.1982440594157468,1.9482726234074998,2244157.3495041556,578.2771319026116
133700.0,4602163.145387109,206372.46472292437,4602148.205121456,457.58459017209566,1818.2566678008386,457.37323541723237,-6.645543903173349,-0.2980423436763467,-6.645522324741616,17470.347063123747,0.0,0.1982440594157468,1.9482726234074998,2244157.3495041556,578.2771319026116
133800.0,4602208.870618656,206554.28889907183,4602193.909217635,456.9200432612625,1818.2268509395058,456.70869066573135,-6.645394343969555,-0.29829488210307353,-6.645372735758876,17470.347063123747,0.0,0.1982440594157468,1.9482726234074998,2244157.3495041556,578.2771319026116
133900.0,4602254.52939626,206736.11009227048,4602239.546860087,456.2555112972063,1818.197008824594,456.04416086398516,-6.645244967628515,-0.29854741525643086,-6.645223329639869,17470.347063123747,0.0,0.1982440594157468,1.9482726234074998,2244157.3495041556,578.2771319026116
134000.0,4602300.121721414,206917.928299995,4602285.118050305,455.5909942616425,1818.1671414566306,455.3796459937091,-6.645095774115724,-0.2987999431282375,-6.6450741063500915,17470.347063123747,0.0,0.1982440594157468,1.9482726234074998,2244157.3495041556,578.2771319026116
134100.0,4602345.64759561,207099.74351972007,4602330.6227897825,454.92649213629,1818.1372488361446,454.715146036622,-6.644946763396863,-0.2990524657107294,-6.644925065855228,17470.347063123747,0.0,0.1982440594157468,1.9482726234074998,2244157.3495041556,578.2771319026116
134200.0,4602391.107020337,207281.55574892048,4602376.061080009,454.2620049028711,1818.1073309636652,454.05066097444603,-6.644797935437791,-0.2993049829965546,-6.644776208121132,17470.347063123747,0.0,0.1982440594157468,1.9482726234074998,2244157.3495041556,578.2771319026116
134300.0,4602436.499997086,207463.36498507106,4602421.432922473,453.5975325431116,1818.0773878397222,453.38619078890684,-6.644649290204553,-0.299557494978768,-6.6446275331138525,17470.347063123747,0.0,0.1982440594157468,1.9482726234074998,2244157.3495041556,578.2771319026116
134400.0,4602481.826527341,207645.1712256467,4602466.738318662,452.93307503874047,1818.0474194648464,452.7217354617335,-6.6445008276633795,-0.29981000165082694,-6.644479040799622,17470.347063123747,0.0,0.1982440594157468,1.9482726234074998,2244157.3495041556,578.2771319026116
134500.0,4602527.086612588,207826.97446812235,4602511.97727006,452.2686323714903,1818.0174258395691,452.0572949746583,-6.644352547780675,-0.3000625030065857,-6.644330731144846,17470.347063123747,0.0,0.1982440594157468,1.9482726234074998,2244157.3495041556,578.2771319026116
134600.0,4602572.280254309,208008.77470997296,4602557.149778151,451.6042045230968,1817.9874069644225,451.392869309417,-6.644204450523013,-0.3003149990402899,-6.644182604116095,17470.347063123747,0.0,0.1982440594157468,1.9482726234074998,2244157.3495041556,578.2771319026116
134700.0,4602617.407453986,208190.57194867358,4602602.255844415,450.9397914752993,1817.9573628399387,450.72845844774866,-6.644056535857158,-0.3005674897465734,-6.644034659680133,17470.347063123747,0.0,0.1982440594157468,1.9482726234074998,2244157.3495041556,578.2771319026116
134800.0,4602662.468213097,208372.3661816993,4602647.295470333,450.2753932098401,1817.9272934666508,450.06406237139566,-6.643908803750026,-0.300819975120452,-6.643886897803883,17470.347063123747,0.0,0.1982440594157468,1.9482726234074998,2244157.3495041556,578.2771319026116
134900.0,4602707.46253312,208554.15740652528,4602692.268657382,449.6110097084651,1817.8971988450924,449.3996810621037,-6.643761254168718,-0.3010724551573194,-6.643739318454443,17470.347063123747,0.0,0.1982440594157468,1.9482726234074998,2244157.3495041556,578.2771319026116
135000.0,4602752.390415531,208735.9456206267,4602737.175407037,448.94664095292325,1817.8670789757973,448.73531450162164,-6.643613887080504,-0.3013249298529428,-6.643591921599084,17470.347063123747,0.0,0.1982440594157468,1.9482726234074998,2244157.3495041556,578.2771319026116
135100.0,4602797.251861802,208917.73082147885,4602782.0157207735,448.28228692496697,1817.8369338593,448.0709626717018,-6.643466702452819,-0.3015773992034575,-6.643444707205238,17470.347063123747,0.0,0.1982440594157468,1.9482726234074998,2244157.3495041556,578.2771319026116
135200.0,4602842.0468734065,209099.513006557,4602826.789600062,447.6179476063518,1817.8067634961349,447.4066255540996,-6.6433197002532625,-0.30182986320536326,-6.643297675240511,17470.347063123747,0.0,0.1982440594157468,1.9482726234074998,2244157.3495041556,578.2771319026116
135300.0,4602886.775451814,209281.29217333655,4602871.497046374,446.95362297883645,1817.7765678868373,446.74230313057376,-6.643172880449592,-0.3020823218555185,-6.643150825672655,17470.347063123747,0.0,0.1982440594157468,1.9482726234074998,2244157.3495041556,578.2771319026116
135400.0,4602931.437598492,209463.06831929286,4602916.138061177,446.28931302418306,1817.7463470319424,446.07799538288623,-6.643026243009736,-0.30233477515113794,-6.643004158469601,17470.347063123747,0.0,0.1982440594157468,1.9482726234074998,2244157.3495041556,578.2771319026116
135500.0,4602976.033314907,209644.84144190143,4602960.712645939,445.6250177241568,1817.7161009319857,445.4137022928021,-6.642879787901774,-0.3025872230897861,-6.642857673599432,17470.347063123747,0.0,0.1982440594157468,1.9482726234074998,2244157.3495041556,578.2771319026116
135600.0,4603020.562602525,209826.61153863778,4603005.220802124,444.96073706052607,1817.6858295875031,444.74942384208964,-6.642733515093952,-0.3028396656693745,-6.64271137103039,17470.347063123747,0.0,0.1982440594157468,1.9482726234074998,2244157.3495041556,578.2771319026116
135700.0,4603065.025462806,210008.37860697747,4603049.662531194,444.2964710150624,1817.6555329990306,444.08516001252036,-6.64258742455467,-0.30309210288815663,-6.642565250730874,17470.347063123747,0.0,0.1982440594157468,1.9482726234074998,2244157.3495041556,578.2771319026116
135800.0,4603109.421897214,210190.14264439614,4603094.037834613,443.63221956954055,1817.6252111671042,443.42091078586884,-6.642441516252477,-0.30334453474472406,-6.642419312669438,17470.347063123747,0.0,0.1982440594157468,1.9482726234074998,2244157.3495041556,578.2771319026116
135900.0,4603153.751907206,210371.90364836945,4603138.346713837,442.9679827057384,1817.5948640922604,442.7566761439129,-6.642295790156083,-0.303596961238002,-6.6422735568147875,17470.347063123747,0.0,0.1982440594157468,1.9482726234074998,2244157.3495041556,578.2771319026116
136000.0,4603198.01549424,210553.66161637317,4603182.5891703265,442.3037604054369,1817.5644917750355,442.09245606843336,-6.642150246234343,-0.30384938236724585,-6.642127983135783,17470.347063123747,0.0,0.1982440594157468,1.9482726234074998,2244157.3495041556,578.2771319026116
136100.0,4603242.2126597725,210735.41654588305,4603226.765205536,441.6395526504201,1817.534094215966,441.42825054121425,-6.642004884456273,-0.3041017981320363,-6.641982591601432,17470.347063123747,0.0,0.1982440594157468,1.9482726234074998,2244157.3495041556,578.2771319026116
136200.0,4603286.343405255,210917.16843437497,4603270.87482092,440.9753594224752,1817.503671415588,440.76405954404265,-6.6418597047910275,-0.30435420853227646,-6.641837382180897,17470.347063123747,0.0,0.1982440594157468,1.9482726234074998,2244157.3495041556,578.2771319026116
136300.0,4603330.40773214,211098.9172793248,4603314.918017929,440.3111807033925,1817.4732233744385,440.09988305870866,-6.6417147072079,-0.304606613568186,-6.64169235484347,17470.347063123747,0.0,0.1982440594157468,1.9482726234074998,2244157.3495041556,578.2771319026116
136400.0,4603374.405641879,211280.6630782085,4603358.894798015,439.64701647496526,1817.4427500930533,439.43572106700555,-6.641569891676355,-0.3048590132403002,-6.64154750955861,17470.347063123747,0.0,0.1982440594157468,1.9482726234074998,2244157.3495041556,578.2771319026116
136500.0,4603418.337135918,211462.4058285021,4603402.805162625,438.98286671898984,1817.4122515719691,438.77157355072956,-6.64142525816598,-0.3051114075494631,-6.641402846295909,17470.347063123747,0.0,0.1982440594157468,1.9482726234074998,2244157.3495041556,578.2771319026116
136600.0,4603462.202215705,211644.1455276816,4603446.649113207,438.31873141726567,1817.3817278117222,438.10744049168,-6.641280806646509,-0.30536379649682543,-6.6412583650251005,17470.347063123747,0.0,0.1982440594157468,1.9482726234074998,2244157.3495041556,578.2771319026116
136700.0,4603506.000882683,211825.88217322316,4603490.426651205,437.65461055159517,1817.3511788128485,437.4433218716592,-6.6411365370878155,-0.3056161800838408,-6.641114065716056,17470.347063123747,0.0,0.1982440594157468,1.9482726234074998,2244157.3495041556,578.2771319026116
136800.0,4603549.733138296,212007.61576260292,4603534.137778062,436.99050410378373,1817.320604575884,436.7792176724724,-6.640992449459919,-0.30586855831226134,-6.640969948338798,17470.347063123747,0.0,0.1982440594157468,1.9482726234074998,2244157.3495041556,578.2771319026116
136900.0,4603593.398983984,212189.3462932971,4603577.78249522,436.3264120556398,1817.2900051013646,436.115127875928,-6.640848543732978,-0.3061209311841347,-6.640826012863481,17470.347063123747,0.0,0.1982440594157468,1.9482726234074998,2244157.3495041556,578.2771319026116
137000.0,4603636.998421187,212371.07376278198,4603621.360804117,435.6623343889748,1817.2593803898258,435.4510524638373,-6.640704819877275,-0.3063732987017998,-6.640682259260388,17470.347063123747,0.0,0.1982440594157468,1.9482726234074998,2244157.3495041556,578.2771319026116
137100.0,4603680.531451341,212552.79816853386,4603664.872706192,434.998271085603,1817.2287304418028,434.7869914180145,-6.6405612778632435,-0.3066256608678843,-6.640538687499955,17470.347063123747,0.0,0.1982440594157468,1.9482726234074998,2244157.3495041556,578.2771319026116
137200.0,4603723.998075882,212734.51950802913,4603708.318202879,434.3342221273417,1817.1980552578307,434.12294472027685,-6.640417917661432,-0.3068780176852993,-6.640395297552727,17470.347063123747,0.0,0.1982440594157468,1.9482726234074998,2244157.3495041556,578.2771319026116
137300.0,4603767.3982962435,212916.23777874422,4603751.697295614,433.67018749601124,1817.167354838444,433.4589123524445,-6.640274739242546,-0.30713036915723857,-6.64025208938941,17470.347063123747,0.0,0.1982440594157468,1.9482726234074998,2244157.3495041556,578.2771319026116
137400.0,4603810.732113858,213097.95297815563,4603795.009985827,433.00616717343473,1817.1366291841773,432.7948942963405,-6.640131742577401,-0.3073827152871723,-6.640109062980818,17470.347063123747,0.0,0.1982440594157468,1.9482726234074998,2244157.3495041556,578.2771319026116
137500.0,4603853.999530154,213279.6651037399,4603838.25627495,432.3421611414383,1817.1058782955645,432.1308905337908,-6.639988927636951,-0.3076350560788456,-6.639966218297909,17470.347063123747,0.0,0.1982440594157468,1.9482726234074998,2244157.3495041556,578.2771319026116
137600.0,4603897.200546562,213461.3741529736,4603881.43616441,431.6781693818508,1817.0751021731394,431.46690104662434,-6.639846294392274,-0.3078873915362743,-6.639823555311754,17470.347063123747,0.0,0.1982440594157468,1.9482726234074998,2244157.3495041556,578.2771319026116
137700.0,4603940.335164506,213643.0801233334,4603924.549655634,431.01419187650424,1817.044300817435,430.8029258166729,-6.639703842814585,-0.3081397216637425,-6.639681073993571,17470.347063123747,0.0,0.1982440594157468,1.9482726234074998,2244157.3495041556,578.2771319026116
137800.0,4603983.403385412,213824.783012296,4603967.596750047,430.3502286072333,1817.0134742289843,430.138964825771,-6.639561572875219,-0.3083920464657981,-6.639538774314692,17470.347063123747,0.0,0.1982440594157468,1.9482726234074998,2244157.3495041556,578.2771319026116
137900.0,4604026.405210702,214006.4828173381,4604010.577449073,429.68627955587556,1816.9826224083192,429.4750180557562,-6.639419484545628,-0.3086443659472505,-6.639396656246572,17470.347063123747,0.0,0.1982440594157468,1.9482726234074998,2244157.3495041556,578.2771319026116
138000.0,4604069.340641797,214188.1795359366,4604053.491754132,429.02234470427146,1816.951745355972,428.8110854884689,-6.639277577797398,-0.30889668011316734,-6.639254719760797,17470.347063123747,0.0,0.1982440594157468,1.9482726234074998,2244157.3495041556,578.2771319026116
138100.0,4604112.209680116,214369.87316556828,4604096.339666644,428.3584240342643,1816.9208430724736,428.14716710575226,-6.639135852602241,-0.30914898896887144,-6.6391129648290725,17470.347063123747,0.0,0.1982440594157468,1.9482726234074998,2244157.3495041556,578.2771319026116
138200.0,4604155.012327076,214551.56370371007,4604139.121188026,427.6945175277002,1816.889915558355,427.48326288945225,-6.638994308931974,-0.3094012925199366,-6.638971391423219,17470.347063123747,0.0,0.1982440594157468,1.9482726234074998,2244157.3495041556,578.2771319026116
138300.0,4604197.748584093,214733.25114783895,4604181.836319693,427.030625166428,1816.8589628141463,426.8193728214177,-6.6388529467585435,-0.3096535907721864,-6.638829999515184,17470.347063123747,0.0,0.1982440594157468,1.9482726234074998,2244157.3495041556,578.2771319026116
138400.0,4604240.4184525795,214914.9354954319,4604224.485063061,426.3667469322995,1816.827984840377,426.15549688350023,-6.638711766054021,-0.30990588373169,-6.638688789077034,17470.347063123747,0.0,0.1982440594157468,1.9482726234074998,2244157.3495041556,578.2771319026116
138500.0,4604283.021933949,215096.61674396606,4604267.067419541,425.7028828071692,1816.7969816375762,425.4916350575542,-6.638570766790579,-0.310158171404759,-6.638547760080944,17470.347063123747,0.0,0.1982440594157468,1.9482726234074998,2244157.3495041556,578.2771319026116
138600.0,4604325.55902961,215278.29489091848,4604309.583390543,425.0390327728943,1816.7659532062721,424.8277873254369,-6.638429948940526,-0.3104104537979455,-6.638406912499219,17470.347063123747,0.0,0.1982440594157468,1.9482726234074998,2244157.3495041556,578.2771319026116
138700.0,4604368.0297409715,215459.96993376638,4604352.032977476,424.3751968113349,1816.7348995469924,424.16395366900815,-6.638289312476271,-0.3106627309180385,-6.638266246304267,17470.347063123747,0.0,0.1982440594157468,1.9482726234074998,2244157.3495041556,578.2771319026116
138800.0,4604410.434069441,215641.64186998695,4604394.416181746,423.71137490435376,1816.703820660264,423.50013407013074,-6.6381488573703376,-0.31091500277206047,-6.638125761468613,17470.347063123747,0.0,0.1982440594157468,1.9482726234074998,2244157.3495041556,578.2771319026116
138900.0,4604452.772016421,215823.31069705752,4604436.733004758,423.04756703381645,1816.6727165466132,422.83632851067006,-6.638008583595375,-0.3111672693672664,-6.637985457964904,17470.347063123747,0.0,0.1982440594157468,1.9482726234074998,2244157.3495041556,578.2771319026116
139000.0,4604495.043583315,216004.9764124554,4604478.983447916,422.3837731815912,1816.6415872065654,422.1725369724943,-6.6378684911241255,-0.31141953071113887,-6.637845335765883,17470.347063123747,0.0,0.1982440594157468,1.9482726234074998,2244157.3495041556,578.2771319026116
139100.0,4604537.248771524,216186.639013658,4604521.16751262,421.719993329549,1816.6104326406457,421.50875943747434,-6.637728579929466,-0.3116717868113869,-6.6377053948444225,17470.347063123747,0.0,0.1982440594157468,1.9482726234074998,2244157.3495041556,578.2771319026116
139200.0,4604579.387582447,216368.29849814269,4604563.28520027,421.0562274595636,1816.5792528493778,420.8449958874838,-6.637588849984361,-0.31192403767594223,-6.637565635173489,17470.347063123747,0.0,0.1982440594157468,1.9482726234074998,2244157.3495041556,578.2771319026116
139300.0,4604621.460017482,216549.954863387,4604605.336512263,420.39247555351136,1816.5480478332847,420.1812463043989,-6.637449301261892,-0.31217628331295677,-6.637426056726162,17470.347063123747,0.0,0.1982440594157468,1.9482726234074998,2244157.3495041556,578.2771319026116
139400.0,4604663.466078023,216731.60810686852,4604647.321449995,419.7287375932714,1816.516817592889,419.51751067009866,-6.637309933735258,-0.31242852373080116,-6.637286659475639,17470.347063123747,0.0,0.1982440594157468,1.9482726234074998,2244157.3495041556,578.2771319026116
139500.0,4604705.405765465,216913.2582260648,4604689.24001486,419.06501356072533,1816.4855621287122,418.8537889664648,-6.6371707473777475,-0.31268075893806013,-6.6371474433952065,17470.347063123747,0.0,0.1982440594157468,1.9482726234074998,2244157.3495041556,578.2771319026116
139600.0,4604747.279081199,217094.9052184535,4604731.092208251,418.4013034377577,1816.4542814412748,418.1900811753815,-6.6370317421627645,-0.3129329889435314,-6.6370084084582714,17470.347063123747,0.0,0.1982440594157468,1.9482726234074998,2244157.3495041556,578.2771319026116
139700.0,4604789.086026615,217276.5490815123,4604772.878031558,417.7376072062556,1816.4229755310967,417.5263872787359,-6.636892918063816,-0.31318521375622255,-6.636869554638338,17470.347063123747,0.0,0.1982440594157468,1.9482726234074998,2244157.3495041556,578.2771319026116
139800.0,4604830.8266031025,217458.18981271895,4604814.59748617,417.0739248481086,1816.3916443986964,416.8627072584175,-6.636754275054512,-0.3134374333853486,-6.636730881909015,17470.347063123747,0.0,0.1982440594157468,1.9482726234074998,2244157.3495041556,578.2771319026116
139900.0,4604872.500812047,217639.8274095513,4604856.250573472,416.41025634520923,1816.360288044592,416.19904109631864,-6.6366158131085715,-0.31368964784033,-6.636592390244017,17470.347063123747,0.0,0.1982440594157468,1.9482726234074998,2244157.3495041556,578.2771319026116
140000.0,4604914.108654833,217821.46186948716,4604897.8372948505,415.74660167945234,1816.3289064693004,415.53538877433414,-6.636477532199804,-0.3139418571307892,-6.636454079617155,17470.347063123747,0.0,0.1982440594157468,1.9482726234074998,2244157.3495041556,578.2771319026116
140100.0,4604955.650132844,218003.09319000447,4604939.357651688,415.0829608327356,1816.2974996733376,414.8717502743615,-6.636339432302134,-0.31419406126654914,-6.636315950002353,17470.347063123747,0.0,0.1982440594157468,1.9482726234074998,2244157.3495041556,578.2771319026116
140200.0,4604997.12524746,218184.72136858117,4604980.811645366,414.4193337869591,1816.2660676572186,414.2081255783008,-6.636201513389568,-0.31444626025763,-6.636178001373618,17470.347063123747,0.0,0.1982440594157468,1.9482726234074998,2244157.3495041556,578.2771319026116
140300.0,4605038.5340000605,218366.34640269526,4605022.199277264,413.7557205240257,1816.2346104214573,413.5445146680547,-6.63606377543623,-0.31469845411424785,-6.636040233705066,17470.347063123747,0.0,0.1982440594157468,1.9482726234074998,2244157.3495041556,578.2771319026116
140400.0,4605079.876392024,218547.9682898248,4605063.520548759,413.09212102584075,1816.2031279665666,412.8809175255286,-6.635926218416328,-0.3149506428468113,-6.635902646970911,17470.347063123747,0.0,0.1982440594157468,1.9482726234074998,2244157.3495041556,578.2771319026116
140500.0,4605121.152424724,218729.58702744794,4605104.775461228,412.4285352743122,1816.1716202930584,412.21733413263024,-6.635788842304177,-0.31520282646591996,-6.635765241145465,17470.347063123747,0.0,0.1982440594157468,1.9482726234074998,2244157.3495041556,578.2771319026116
140600.0,4605162.362099536,218911.2026130428,4605145.964016044,411.76496325135054,1816.1400874014435,411.5537644712701,-6.635651647074189,-0.3154550049823619,-6.635628016203134,17470.347063123747,0.0,0.1982440594157468,1.9482726234074998,2244157.3495041556,578.2771319026116
140700.0,4605203.505417831,219092.81504408765,4605187.086214579,411.1014049388688,1816.1085292922317,410.890208523361,-6.6355146327008585,-0.3157071784071109,-6.635490972118414,17470.347063123747,0.0,0.1982440594157468,1.9482726234074998,2244157.3495041556,578.2771319026116
140800.0,4605244.58238098,219274.4243180607,4605228.142058204,410.43786031878267,1816.0769459659314,410.2266662708186,-6.635377799158786,-0.315959346751325,-6.635354108865906,17470.347063123747,0.0,0.1982440594157468,1.9482726234074998,2244157.3495041556,578.2771319026116
140900.0,4605285.592990351,219456.03043244028,4605269.131548288,409.77432937301023,1816.0453374230503,409.5631376955609,-6.635241146422667,-0.31621151002634407,-6.6352174264203025,17470.347063123747,0.0,0.1982440594157468,1.9482726234074998,2244157.3495041556,578.2771319026116
141000.0,4605326.53724731,219637.63338470476,4605310.054686198,409.1108120834721,1816.0137036640947,408.8996227795085,-6.635104674467281,-0.3164636682436873,-6.63508092475638,17470.347063123747,0.0,0.1982440594157468,1.9482726234074998,2244157.3495041556,578.2771319026116
141100.0,4605367.415153222,219819.23317233258,4605350.911473298,408.4473084320916,1815.9820446895696,408.23612150458445,-6.634968383267504,-0.3167158214150514,-6.63494460384902,17470.347063123747,0.0,0.1982440594157468,1.9482726234074998,2244157.3495041556,578.2771319026116
141200.0,4605408.226709451,220000.82979280216,4605391.701910953,407.78381840079425,1815.9503604999793,407.5726338527143,-6.6348322727983104,-0.3169679695523088,-6.634808463673188,17470.347063123747,0.0,0.1982440594157468,1.9482726234074998,2244157.3495041556,578.2771319026116
141300.0,4605448.971917356,220182.4232435921,4605432.426000522,407.12034197150837,1815.9186510958266,406.9091598058262,-6.634696343034759,-0.31722011266750477,-6.634672504203943,17470.347063123747,0.0,0.1982440594157468,1.9482726234074998,2244157.3495041556,578.2771319026116
141400.0,4605489.650778298,220364.01352218087,4605473.083743367,406.4568791261646,1815.8869164776129,406.24569934585077,-6.6345605939519885,-0.3174722507728553,-6.6345367254164245,17470.347063123747,0.0,0.1982440594157468,1.9482726234074998,2244157.3495041556,578.2771319026116
141500.0,4605530.263293634,220545.60062604715,4605513.675140845,405.7934298466961,1815.8551566458386,405.582252454721,-6.634425025525251,-0.3177243838807466,-6.634401127285881,17470.347063123747,0.0,0.1982440594157468,1.9482726234074998,2244157.3495041556,578.2771319026116
141600.0,4605570.809464719,220727.18455266958,4605554.20019431,405.12999411503847,1815.823371601003,404.9188191143725,-6.634289637729863,-0.3179765120037312,-6.634265709787627,17470.347063123747,0.0,0.1982440594157468,1.9482726234074998,2244157.3495041556,578.2771319026116
141700.0,4605611.289292908,220908.76529952692,4605594.658905119,404.4665719131299,1815.7915613436037,404.25539930674324,-6.634154430541242,-0.3182286351545271,-6.634130472897081,17470.347063123747,0.0,0.1982440594157468,1.9482726234074998,2244157.3495041556,578.2771319026116
141800.0,4605651.702779553,221090.3428640979,4605635.051274622,403.8031632229108,1815.7597258741373,403.5919930137737,-6.63401940393488,-0.31848075334601494,-6.633995416589731,17470.347063123747,0.0,0.1982440594157468,1.9482726234074998,2244157.3495041556,578.2771319026116
141900.0,4605692.049926003,221271.91724386136,4605675.377304171,403.1397680263243,1815.7278651930992,402.9286002174067,-6.633884557886375,-0.31873286659123756,-6.633860540841177,17470.347063123747,0.0,0.1982440594157468,1.9482726234074998,2244157.3495041556,578.2771319026116
142000.0,4605732.3307336075,221453.48843629615,4605715.636995114,402.47638630531577,1815.6959793009835,402.26522089958763,-6.633749892371391,-0.3189849749033963,-6.633725845627075,17470.347063123747,0.0,0.1982440594157468,1.9482726234074998,2244157.3495041556,578.2771319026116
142100.0,4605772.545203713,221635.0564388812,4605755.830348799,401.81301804183306,1815.6640681982826,401.6018550422643,-6.63361540736569,-0.3192370782958505,-6.633591330923194,17470.347063123747,0.0,0.1982440594157468,1.9482726234074998,2244157.3495041556,578.2771319026116
142200.0,4605812.693337664,221816.62124909548,4605795.957366571,401.14966321782646,1815.632131885488,400.9385026273868,-6.633481102845107,-0.3194891767821145,-6.633456996705358,17470.347063123747,0.0,0.1982440594157468,1.9482726234074998,2244157.3495041556,578.2771319026116
142300.0,4605852.775136804,221998.182864418,4605836.018049772,400.4863218152487,1815.6001703630893,400.2751636369078,-6.633346978785563,-0.31974127037585653,-6.633322842949492,17470.347063123747,0.0,0.1982440594157468,1.9482726234074998,2244157.3495041556,578.2771319026116
142400.0,4605892.7906024745,222179.7412823278,4605876.012399745,399.8229938160548,1815.5681836315755,399.6118380527823,-6.633213035163062,-0.31999335909089693,-6.633188869631599,17470.347063123747,0.0,0.1982440594157468,1.9482726234074998,2244157.3495041556,578.2771319026116
142500.0,4605932.739736014,222361.29650030402,4605915.940417829,399.1596792022023,1815.5361716914333,398.94852585696765,-6.633079271953706,-0.32024544294120655,-6.633055076727776,17470.347063123747,0.0,0.1982440594157468,1.9482726234074998,2244157.3495041556,578.2771319026116
142600.0,4605972.62253876,222542.8485158258,4605955.802105362,398.4963779556511,1815.504134543149,398.2852270314237,-6.632945689133646,-0.3204975219409036,-6.632921464214176,17470.347063123747,0.0,0.1982440594157468,1.9482726234074998,2244157.3495041556,578.2771319026116
142700.0,4606012.43901205,222724.3973263724,4605995.5974636795,397.8330900583634,1815.4720721872063,397.62194155811255,-6.632812286679139,-0.32074959610425335,-6.63278803206705,17470.347063123747,0.0,0.1982440594157468,1.9482726234074998,2244157.3495041556,578.2771319026116
142800.0,4606052.189157216,222905.942929423,4606035.326494117,397.1698154923038,1815.4399846240888,396.9586694189988,-6.632679064566511,-0.3210016654456661,-6.632654780262728,17470.347063123747,0.0,0.1982440594157468,1.9482726234074998,2244157.3495041556,578.2771319026116
142900.0,4606091.872975592,223087.48532245698,4606074.989198007,396.5065542394394,1815.4078718542776,396.29541059604935,-6.6325460227721695,-0.32125372997969487,-6.63252170877761,17470.347063123747,0.0,0.1982440594157468,1.9482726234074998,2244157.3495041556,578.2771319026116
143000.0,4606131.490468507,223269.02450295366,4606114.58557668,395.84330628173956,1815.3757338782527,395.63216507123343,-6.632413161272597,-0.32150578972103416,-6.63238881758818,17470.347063123747,0.0,0.1982440594157468,1.9482726234074998,2244157.3495041556,578.2771319026116
143100.0,4606171.04163729,223450.56046839245,4606154.115631464,395.1800716011759,1815.3435706964926,394.96893282652263,-6.632280480044361,-0.3217578446845188,-6.632256106671003,17470.347063123747,0.0,0.1982440594157468,1.9482726234074998,2244157.3495041556,578.2771319026116
143200.0,4606210.5264832685,223632.09321625278,4606193.579363687,394.51685017972244,1815.3113823094745,394.30571384389094,-6.632147979064105,-0.32200989488512133,-6.632123576002718,17470.347063123747,0.0,0.1982440594157468,1.9482726234074998,2244157.3495041556,578.2771319026116
143300.0,4606249.9450077675,223813.62274401417,4606232.976774674,393.8536419993556,1815.2791687176739,393.64250810531456,-6.63201565830854,-0.3222619403379504,-6.6319912255600375,17470.347063123747,0.0,0.1982440594157468,1.9482726234074998,2244157.3495041556,578.2771319026116
143400.0,4606289.29721211,223995.14904915617,4606272.307865749,393.190447042054,1815.2469299215647,392.97931559277214,-6.631883517754461,-0.3225139810582502,-6.631859055319754,17470.347063123747,0.0,0.1982440594157468,1.9482726234074998,2244157.3495041556,578.2771319026116
143500.0,4606328.583097616,224176.67212915837,4606311.572638233,392.5272652897987,1815.2146659216196,392.3161362882446,-6.631751557378741,-0.32276601706139796,-6.6317270652587395,17470.347063123747,0.0,0.1982440594157468,1.9482726234074998,2244157.3495041556,578.2771319026116
143600.0,4606367.802665607,224358.1919815004,4606350.771093447,391.8640967245731,1815.1823767183093,391.6529701737152,-6.631619777158315,-0.3230180483629026,-6.631595255353928,17470.347063123747,0.0,0.1982440594157468,1.9482726234074998,2244157.3495041556,578.2771319026116
143700.0,4606406.9559174,224539.70860366194,4606389.903232708,391.20094132836266,1815.1500623121033,390.98981723116935,-6.631488177070209,-0.3232700749784032,-6.631463625582339,17470.347063123747,0.0,0.1982440594157468,1.9482726234074998,2244157.3495041556,578.2771319026116
143800.0,4606446.042854311,224721.22199312274,4606428.969057332,390.5377990831554,1815.1177227034693,390.326677442595,-6.631356757091514,-0.32352209692366785,-6.631332175921066,17470.347063123747,0.0,0.1982440594157468,1.9482726234074998,2244157.3495041556,578.2771319026116
143900.0,4606485.063477654,224902.73214736258,4606467.968568634,389.87466997094145,1815.0853578928736,389.6635507899822,-6.631225517199386,-0.32377411421459085,-6.631200906347261,17470.347063123747,0.0,0.1982440594157468,1.9482726234074998,2244157.3495041556,578.2771319026116
144000.0,4606524.017788742,225084.23906386129,4606506.901767927,389.21155397371336,1815.052967880781,389.0004372553234,-6.63109445737107,-0.324026126867193,-6.631069816838166,17470.347063123747,0.0,0.1982440594157468,1.9482726234074998,2244157.3495041556,578.2771319026116
144100.0,4606562.905788885,225265.7427400987,4606545.768656522,388.54845107346586,1815.020552667654,388.3373368206132,-6.630963577583865,-0.3242781348976188,-6.63093890737108,17470.347063123747,0.0,0.1982440594157468,1.9482726234074998,2244157.3495041556,578.2771319026116
144200.0,4606601.727479393,225447.2431735548,4606584.569235727,387.885361252196,1814.9881122539548,387.67424946784854,-6.630832877815165,-0.3245301383221362,-6.630808177923396,17470.347063123747,0.0,0.1982440594157468,1.9482726234074998,2244157.3495041556,578.2771319026116
144300.0,4606640.482861571,225628.7403617095,4606623.303506851,387.222284491903,1814.9556466401427,387.0111751790286,-6.630702358042408,-0.32478213715713317,-6.630677628472549,17470.347063123747,0.0,0.1982440594157468,1.9482726234074998,2244157.3495041556,578.2771319026116
144400.0,4606679.171936725,225810.23430204284,4606661.971471198,386.5592207745884,1814.9231558266758,386.3481139361549,-6.630572018243121,-0.32503413141911863,-6.630547258996062,17470.347063123747,0.0,0.1982440594157468,1.9482726234074998,2244157.3495041556,578.2771319026116
144500.0,4606717.794706159,225991.72499203487,4606700.573130072,385.89617008225605,1814.8906398140107,385.685065721231,-6.630441858394892,-0.3252861211247193,-6.630417069471524,17470.347063123747,0.0,0.1982440594157468,1.9482726234074998,2244157.3495041556,578.2771319026116
144600.0,4606756.351171175,226173.2124291657,4606739.108484776,385.23313239691186,1814.8580986026022,385.02203051626293,-6.630311878475381,-0.32553810629067903,-6.630287059876592,17470.347063123747,0.0,0.1982440594157468,1.9482726234074998,2244157.3495041556,578.2771319026116
144700.0,4606794.841333072,226354.69661091545,4606777.577536608,384.5701077005641,1814.8255321929034,384.3590083032588,-6.630182078462319,-0.3257900869338575,-6.630157230188992,17470.347063123747,0.0,0.1982440594157468,1.9482726234074998,2244157.3495041556,578.2771319026116
144800.0,4606833.265193148,226536.17753476434,4606815.980286868,383.9070959752233,1814.7929405853656,383.695999064229,-6.630052458333502,-0.3260420630712289,-6.630027580386521,17470.347063123747,0.0,0.1982440594157468,1.9482726234074998,2244157.3495041556,578.2771319026116
144900.0,4606871.622752699,226717.6551981926,4606854.316736853,383.244097202902,1814.7603237804387,383.0330027811861,-6.629923018066789,-0.3262940347198797,-6.629898110447037,17470.347063123747,0.0,0.1982440594157468,1.9482726234074998,2244157.3495041556,578.2771319026116
145000.0,4606909.91401302,226899.12959868053,4606892.586887856,382.58111136561524,1814.7276817785707,382.3700194361449,-6.629793757640114,-0.3265460018970088,-6.629768820348471,17470.347063123747,0.0,0.1982440594157468,1.9482726234074998,2244157.3495041556,578.2771319026116
145100.0,4606948.138975402,227080.60073370844,4606930.790741171,381.91813844538007,1814.695014580208,381.7070490111224,-6.62966467703148,-0.3267979646199252,-6.629639710068825,17470.347063123747,0.0,0.1982440594157468,1.9482726234074998,2244157.3495041556,578.2771319026116
145200.0,4606986.297641139,227262.0686007567,4606968.928298089,381.2551784242157,1814.6623221857947,381.0440914881379,-6.629535776218947,-0.3270499229060467,-6.629510779586154,17470.347063123747,0.0,0.1982440594157468,1.9482726234074998,2244157.3495041556,578.2771319026116
145300.0,4607024.390011516,227443.53319730575,4607006.999559898,380.5922312841438,1814.629604595774,380.3811468492127,-6.629407055180643,-0.327301876772899,-6.629382028878587,17470.347063123747,0.0,0.1982440594157468,1.9482726234074998,2244157.3495041556,578.2771319026116
145400.0,4607062.416087824,227624.99452083601,4607045.004527887,379.92929700718787,1814.596861810587,379.7182150763704,-6.62927851389477,-0.3275538262381148,-6.62925345792432,17470.347063123747,0.0,0.1982440594157468,1.9482726234074998,2244157.3495041556,578.2771319026116
145500.0,4607100.375871346,227806.45256882804,4607082.943203342,379.26637557537384,1814.5640938306726,379.0552961516368,-6.629150152339584,-0.3278057713194314,-6.629125066701611,17470.347063123747,0.0,0.1982440594157468,1.9482726234074998,2244157.3495041556,578.2771319026116
145600.0,4607138.269363367,227987.90733876234,4607120.815587546,378.6034669707297,1814.5313006564686,378.3923900570398,-6.62902197049341,-0.32805771203469053,-6.628996855188781,17470.347063123747,0.0,0.1982440594157468,1.9482726234074998,2244157.3495041556,578.2771319026116
145700.0,4607176.096565167,228169.35882811953,4607158.621681781,377.9405711752856,1814.4984822884105,377.72949677460946,-6.628893968334635,-0.32830964840183663,-6.628868823364213,17470.347063123747,0.0,0.1982440594157468,1.9482726234074998,2244157.3495041556,578.2771319026116
145800.0,4607213.857478028,228350.80703438024,4607196.361487327,377.2776881710739,1814.4656387269324,377.06661628637806,-6.628766145841711,-0.3285615804389159,-6.628740971206359,17470.347063123747,0.0,0.1982440594157468,1.9482726234074998,2244157.3495041556,578.2771319026116
145900.0,4607251.552103227,228532.25195502516,4607234.035005464,376.6148179401291,1814.4327699724663,376.40374857438,-6.628638502993152,-0.3288135081640749,-6.628613298693732,17470.347063123747,0.0,0.1982440594157468,1.9482726234074998,2244157.3495041556,578.2771319026116
146000.0,4607289.180442041,228713.693587535,4607271.642237468,375.95196046448785,1814.3998760254426,375.7408936206519,-6.628511039767539,-0.3290654315955598,-6.62848580580491,17470.347063123747,0.0,0.1982440594157468,1.9482726234074998,2244157.3495041556,578.2771319026116
146100.0,4607326.7424957445,228895.1319293905,4607309.183184613,375.28911572618887,1814.3669568862897,375.0780514072323,-6.628383756143509,-0.32931735075171426,-6.628358492518524,17470.347063123747,0.0,0.1982440594157468,1.9482726234074998,2244157.3495041556,578.2771319026116
146200.0,4607364.23826561,229076.56697807251,4607346.657848173,374.6262837072731,1814.3340125554341,374.4152219161621,-6.628256652099762,-0.3295692656509796,-6.628231358813278,17470.347063123747,0.0,0.1982440594157468,1.9482726234074998,2244157.3495041556,578.2771319026116
146300.0,4607401.6677529095,229257.99873106187,4607384.066229419,373.9634643897836,1814.3010430333006,373.7524051294843,-6.628129727615056,-0.3298211763118924,-6.628104404667923,17470.347063123747,0.0,0.1982440594157468,1.9482726234074998,2244157.3495041556,578.2771319026116
146400.0,4607439.030958911,229439.42718583948,4607421.408329621,373.3006577557655,1814.2680483203123,373.0896010292439,-6.628002982668224,-0.3300730827530846,-6.627977630061292,17470.347063123747,0.0,0.1982440594157468,1.9482726234074998,2244157.3495041556,578.2771319026116
146500.0,4607476.327884883,229620.85233988625,4607458.684150047,372.63786378726604,1814.2350284168901,372.4268095974881,-6.6278764172381415,-0.33032498499328156,-6.627851034972259,17470.347063123747,0.0,0.1982440594157468,1.9482726234074998,2244157.3495041556,578.2771319026116
146600.0,4607513.55853209,229802.27419068318,4607495.893691962,371.97508246633464,1814.201983323453,371.7640308162662,-6.627750031303752,-0.3305768830513007,-6.627724619379764,17470.347063123747,0.0,0.1982440594157468,1.9482726234074998,2244157.3495041556,578.2771319026116
146700.0,4607550.722901797,229983.6927357113,4607533.036956631,371.3123137750228,1814.1689130404186,371.1012646676296,-6.627623824844067,-0.330828776946052,-6.627598383262814,17470.347063123747,0.0,0.1982440594157468,1.9482726234074998,2244157.3495041556,578.2771319026116
146800.0,4607587.820995266,230165.10797245163,4607570.113945316,370.64955769538403,1814.1358175682021,370.43851113363183,-6.627497797838138,-0.3310806666965347,-6.627472326600462,17470.347063123747,0.0,0.1982440594157468,1.9482726234074998,2244157.3495041556,578.2771319026116
146900.0,4607624.852813756,230346.5198983853,4607607.1246592775,369.98681420947406,1814.102696907217,369.77577019632844,-6.627371950265088,-0.331332552321838,-6.627346449371829,17470.347063123747,0.0,0.1982440594157468,1.9482726234074998,2244157.3495041556,578.2771319026116
147000.0,4607661.818358527,230527.92851099346,4607644.069099775,369.3240832993506,1814.0695510578748,369.1130418377771,-6.627246282104098,-0.3315844338411396,-6.627220751556092,17470.347063123747,0.0,0.1982440594157468,1.9482726234074998,2244157.3495041556,578.2771319026116
147100.0,4607698.717630834,230709.33380775727,4607680.947268064,368.66136494707354,1814.036380020585,368.4503260400375,-6.627120793334407,-0.3318363112737042,-6.627095233132488,17470.347063123747,0.0,0.1982440594157468,1.9482726234074998,2244157.3495041556,578.2771319026116
147200.0,4607735.550631934,230890.73578615798,4607717.759165401,367.9986591347047,1814.0031837957556,367.78762278517155,-6.626995483935313,-0.3320881846388832,-6.626969894080311,17470.347063123747,0.0,0.1982440594157468,1.9482726234074998,2244157.3495041556,578.2771319026116
147300.0,4607772.317363079,231072.13444367686,4607754.504793039,367.33596584430813,1813.969962383792,367.1249320552431,-6.626870353886163,-0.3323400539561127,-6.626844734378908,17470.347063123747,0.0,0.1982440594157468,1.9482726234074998,2244157.3495041556,578.2771319026116
147400.0,4607809.01782552,231253.5297777952,4607791.184152229,366.67328505794984,1813.9367157850986,366.4622538323181,-6.626745403166364,-0.3325919192449134,-6.6267197540076825,17470.347063123747,0.0,0.1982440594157468,1.9482726234074998,2244157.3495041556,578.2771319026116
147500.0,4607845.652020507,231434.92178599435,4607827.797244221,366.0106167576979,1813.903444000077,365.79958809846454,-6.626620631755391,-0.33284378052488967,-6.626594952946108,17470.347063123747,0.0,0.1982440594157468,1.9482726234074998,2244157.3495041556,578.2771319026116
147600.0,4607882.219949287,231616.3104657557,4607864.344070264,365.3479609256225,1813.8701470291267,365.1369348357525,-6.626496039632757,-0.33309563781572765,-6.626470331173694,17470.347063123747,0.0,0.1982440594157468,1.9482726234074998,2244157.3495041556,578.2771319026116
147700.0,4607918.721613107,231797.69581456066,4607900.824631603,364.68531754379575,1813.836824872646,364.47429402625414,-6.626371626778044,-0.3333474911371954,-6.626345888670023,17470.347063123747,0.0,0.1982440594157468,1.9482726234074998,2244157.3495041556,578.2771319026116
147800.0,4607955.1570132105,231979.0778298907,4607937.238929484,364.02268659429194,1813.803477531031,363.81166565204353,-6.626247393170889,-0.33359934050914136,-6.626221625414724,17470.347063123747,0.0,0.1982440594157468,1.9482726234074998,2244157.3495041556,578.2771319026116
147900.0,4607991.526150839,232160.45650922737,4607973.586965148,363.3600680591873,1813.7701050046753,363.1490496951969,-6.626123338790974,-0.3338511859514933,-6.626097541387482,17470.347063123747,0.0,0.1982440594157468,1.9482726234074998,2244157.3495041556,578.2771319026116
148000.0,4608027.8290272355,232341.83185005217,4608009.868739837,362.69746192056016,1813.736707293971,362.4864461377924,-6.625999463618042,-0.33410302748425785,-6.625973636568038,17470.347063123747,0.0,0.1982440594157468,1.9482726234074998,2244157.3495041556,578.2771319026116
148100.0,4608064.0656436365,232523.2038498467,4608046.084254789,362.0348681604908,1813.7032843993081,361.82385496191034,-6.6258757676318965,-0.3343548651275194,-6.625849910936188,17470.347063123747,0.0,0.1982440594157468,1.9482726234074998,2244157.3495041556,578.2771319026116
148200.0,4608100.236001279,232704.57250609258,4608082.233511242,361.37228676106156,1813.6698363210746,361.1612761496329,-6.625752250812391,-0.3346066989014391,-6.625726364471786,17470.347063123747,0.0,0.1982440594157468,1.9482726234074998,2244157.3495041556,578.2771319026116
148300.0,4608136.340101399,232885.93781627147,4608118.316510431,360.70971770435676,1813.6363630596563,360.4987096830444,-6.625628913139426,-0.33485852882625405,-6.625602997154733,17470.347063123747,0.0,0.1982440594157468,1.9482726234074998,2244157.3495041556,578.2771319026116
148400.0,4608172.37794523,233067.2997778651,4608154.333253589,360.0471609724628,1813.602864615437,359.8361555442311,-6.625505754592963,-0.33511035492227637,-6.625479808964983,17470.347063123747,0.0,0.1982440594157468,1.9482726234074998,2244157.3495041556,578.2771319026116
148500.0,4608208.349534004,233248.65838835516,4608190.28374195,359.38461654746794,1813.5693409887988,359.1736137152812,-6.62538277515301,-0.33536217720989203,-6.625356799882544,17470.347063123747,0.0,0.1982440594157468,1.9482726234074998,2244157.3495041556,578.2771319026116
148600.0,4608244.25486895,233430.01364522346,4608226.167976743,358.7220844114626,1813.5357921801212,358.511084178285,-6.625259974799639,-0.3356139957095613,-6.625233969887487,17470.347063123747,0.0,0.1982440594157468,1.9482726234074998,2244157.3495041556,578.2771319026116
148700.0,4608280.093951295,233611.3655459518,4608261.9859591955,358.05956454653915,1813.5022181897823,357.84856691533474,-6.625137353512967,-0.3358658104418161,-6.625111318959921,17470.347063123747,0.0,0.1982440594157468,1.9482726234074998,2244157.3495041556,578.2771319026116
148800.0,4608315.866782268,233792.71408802204,4608297.737690534,357.3970569347918,1813.4686190181576,357.1860619085247,-6.625014911273158,-0.33611762142726037,-6.624988847080014,17470.347063123747,0.0,0.1982440594157468,1.9482726234074998,2244157.3495041556,578.2771319026116
148900.0,4608351.57336309,233974.05926891605,4608333.423171985,356.73456155831695,1813.434994665621,356.5235691399511,-6.624892648060441,-0.3363694286865692,-6.624866554227991,17470.347063123747,0.0,0.1982440594157468,1.9482726234074998,2244157.3495041556,578.2771319026116
149000.0,4608387.213694986,234155.4010861158,4608369.04240477,356.07207839921284,1813.4013451325438,355.8610885917122,-6.624770563855087,-0.3366212322404868,-6.624744440384117,17470.347063123747,0.0,0.1982440594157468,1.9482726234074998,2244157.3495041556,578.2771319026116
149100.0,4608422.787779177,234336.73953710322,4608404.59539011,355.4096074395797,1813.3676704192958,355.19862024590805,-6.624648658637419,-0.3368730321098276,-6.624622505528717,17470.347063123747,0.0,0.1982440594157468,1.9482726234074998,2244157.3495041556,578.2771319026116
149200.0,4608458.29561688,234518.07461936033,4608440.082129225,354.74714866151976,1813.333970526244,354.5361640846408,-6.624526932387818,-0.337124828315474,-6.624500749642166,17470.347063123747,0.0,0.1982440594157468,1.9482726234074998,2244157.3495041556,578.2771319026116
149300.0,4608493.7372093145,234699.40633036915,4608475.502623333,354.08470204713717,1813.300245453754,353.8737200900146,-6.624405385086706,-0.33737662087837594,-6.624379172704887,17470.347063123747,0.0,0.1982440594157468,1.9482726234074998,2244157.3495041556,578.2771319026116
149400.0,4608529.112557694,234880.73466761177,4608510.856873648,353.4222675785381,1813.2664952021892,353.2112882441355,-6.624284016714562,-0.33762840981955045,-6.624257774697353,17470.347063123747,0.0,0.1982440594157468,1.9482726234074998,2244157.3495041556,578.2771319026116
149500.0,4608564.421663234,235062.0596285703,4608546.144881386,352.7598452378306,1813.2327197719103,352.5488685291115,-6.624162827251913,-0.3378801951600806,-6.62413655560009,17470.347063123747,0.0,0.1982440594157468,1.9482726234074998,2244157.3495041556,578.2771319026116
149600.0,4608599.664527145,235243.3812107269,4608581.3666477585,352.09743500712466,1813.1989191632765,351.88646092705244,-6.624041816679337,-0.338131976921115,-6.624015515393676,17470.347063123747,0.0,0.1982440594157468,1.9482726234074998,2244157.3495041556,578.2771319026116
149700.0,4608634.841150639,235424.6994115637,4608616.522173976,351.43503686853234,1813.1650933766448,351.22406542007036,-6.623920984977461,-0.3383837551238664,-6.623894654058733,17470.347063123747,0.0,0.1982440594157468,1.9482726234074998,2244157.3495041556,578.2771319026116
149800.0,4608669.951534921,235606.01422856294,4608651.611461245,350.7726508041675,1813.1312424123698,350.561681990279,-6.623800332126959,-0.3386355297896118,-6.62377397157593,17470.347063123747,0.0,0.1982440594157468,1.9482726234074998,2244157.3495041556,578.2771319026116
149900.0,4608704.995681201,235787.32565920692,4608686.634510775,350.1102767961459,1813.097366270804,349.8993106197941,-6.62367985810856,-0.3388873009396914,-6.623653467925996,17470.347063123747,0.0,0.1982440594157468,1.9482726234074998,2244157.3495041556,578.2771319026116
150000.0,4608739.973590682,235968.6337009779,4608721.591323771,349.44791482658536,1813.0634649522983,349.2369512907334,-6.623559562903033,-0.33913906859550724,-6.623533143089699,17470.347063123747,0.0,0.1982440594157468,1.9482726234074998,2244157.3495041556,578.2771319026116
150100.0,4608774.885264567,236149.93835135817,4608756.481901434,348.7855648776055,1813.0295384572007,348.57460398521636,-6.62343944649121,-0.33939083277852383,-6.623412997047866,17470.347063123747,0.0,0.1982440594157468,1.9482726234074998,2244157.3495041556,578.2771319026116
150200.0,4608809.730704058,236331.23960783012,4608791.3062449675,348.12322693132796,1812.9955867858575,347.9122686853646,-6.623319508853947,-0.3396425935102658,-6.623293029781352,17470.347063123747,0.0,0.1982440594157468,1.9482726234074998,2244157.3495041556,578.2771319026116
150300.0,4608844.509910353,236512.53746787616,4608826.064355571,347.4609009698762,1812.9616099386128,347.24994537330156,-6.623199749972178,-0.3398943508123189,-6.623173241271085,17470.347063123747,0.0,0.1982440594157468,1.9482726234074998,2244157.3495041556,578.2771319026116
150400.0,4608879.222884651,236693.83192897867,4608860.756234441,346.79858697537566,1812.9276079158085,346.5876340311525,-6.623080169826861,-0.34014610470632795,-6.623053631498025,17470.347063123747,0.0,0.1982440594157468,1.9482726234074998,2244157.3495041556,578.2771319026116
150500.0,4608913.869628147,236875.12298862013,4608895.381882775,346.1362849299536,1812.8935807177843,345.9253346410447,-6.622960768399012,-0.34039785521399685,-6.622934200443186,17470.347063123747,0.0,0.1982440594157468,1.9482726234074998,2244157.3495041556,578.2771319026116
150600.0,4608948.450142035,237056.41064428305,4608929.941301767,345.4739948157392,1812.8595283448778,345.2630471851072,-6.622841545669694,-0.34064960235708774,-6.622814948087623,17470.347063123747,0.0,0.1982440594157468,1.9482726234074998,2244157.3495041556,578.2771319026116
150700.0,4608982.9644275075,237237.69489344995,4608964.434492609,344.81171661486366,1812.8254507974243,344.6007716454711,-6.622722501620008,-0.34090134615742,-6.6226958744124405,17470.347063123747,0.0,0.1982440594157468,1.9482726234074998,2244157.3495041556,578.2771319026116
150800.0,4609017.412485755,237418.9757336034,4608998.861456493,344.14945030945984,1812.791348075757,343.93850800426935,-6.622603636231121,-0.3411530866368708,-6.622576979398799,17470.347063123747,0.0,0.1982440594157468,1.9482726234074998,2244157.3495041556,578.2771319026116
150900.0,4609051.794317965,237600.253162226,4609033.222194606,343.4871958816627,1812.757220180207,343.2762562436366,-6.622484949484227,-0.3414048238173729,-6.622458263027893,17470.347063123747,0.0,0.1982440594157468,1.9482726234074998,2244157.3495041556,578.2771319026116
151000.0,4609086.109925326,237781.52717680033,4609067.5167081375,342.8249533136089,1812.7230671111029,342.6140163457096,-6.622366441360579,-0.34165655772091447,-6.622339725280968,17470.347063123747,0.0,0.1982440594157468,1.9482726234074998,2244157.3495041556,578.2771319026116
151100.0,4609120.359309022,237962.7977748091,4609101.744998271,342.1627225874371,1812.6888888687713,341.9517882926269,-6.622248111841464,-0.3419082883695393,-6.622221366139311,17470.347063123747,0.0,0.1982440594157468,1.9482726234074998,2244157.3495041556,578.2771319026116
151200.0,4609154.542470237,238144.06495373498,4609135.90706619,341.50050368528775,1812.6546854535368,341.2895720665288,-6.622129960908228,-0.3421600157853452,-6.622103185584265,17470.347063123747,0.0,0.1982440594157468,1.9482726234074998,2244157.3495041556,578.2771319026116
151300.0,4609188.659410153,238325.32871106072,4609170.002913077,340.83829658930324,1812.6204568657213,340.62736764955775,-6.622011988542255,-0.34241173999048385,-6.621985183597214,17470.347063123747,0.0,0.1982440594157468,1.9482726234074998,2244157.3495041556,578.2771319026116
151400.0,4609222.710129948,238506.58904426906,4609204.032540113,340.1761012816277,1812.586203105645,339.96517502385774,-6.621894194724973,-0.3426634610071597,-6.621867360159579,17470.347063123747,0.0,0.1982440594157468,1.9482726234074998,2244157.3495041556,578.2771319026116
151500.0,4609256.694630802,238687.84595084278,4609237.995948475,339.51391774440725,1812.5519241736254,339.3029941715748,-6.621776579437861,-0.34291517885763045,-6.621749715252841,17470.347063123747,0.0,0.1982440594157468,1.9482726234074998,2244157.3495041556,578.2771319026116
151600.0,4609290.612913889,238869.09942826472,4609271.893139339,338.85174595978975,1812.5176200699782,338.64082507485676,-6.621659142662441,-0.34316689356420527,-6.621632248858517,17470.347063123747,0.0,0.1982440594157468,1.9482726234074998,2244157.3495041556,578.2771319026116
151700.0,4609324.464980384,239050.3494740177,4609305.724113881,338.189585909925,1812.4832907950165,337.9786677158533,-6.62154188438028,-0.34341860514924466,-6.621514960958169,17470.347063123747,0.0,0.1982440594157468,1.9482726234074998,2244157.3495041556,578.2771319026116
151800.0,4609358.2508314615,239231.59608558466,4609339.488873273,337.52743757696453,1812.4489363490516,337.31652207671596,-6.6214248045729835,-0.3436703136351599,-6.621397851533404,17470.347063123747,0.0,0.1982440594157468,1.9482726234074998,2244157.3495041556,578.2771319026116
151900.0,4609391.97046829,239412.8392604485,4609373.187418686,336.8653009430618,1812.414556732392,336.65438813959804,-6.621307903222207,-0.3439220190444124,-6.621280920565873,17470.347063123747,0.0,0.1982440594157468,1.9482726234074998,2244157.3495041556,578.2771319026116
152000.0,4609425.62389204,239594.07899609214,4609406.819751291,336.20317599037213,1812.3801519453443,335.9922658866548,-6.621191180309651,-0.34417372139951335,-6.621164168037273,17470.347063123747,0.0,0.1982440594157468,1.9482726234074998,2244157.3495041556,578.2771319026116
152100.0,4609459.211103877,239775.31528999857,4609440.385872253,335.54106270105257,1812.345721988213,335.33015530004326,-6.62107463581706,-0.34442542072302323,-6.621047593929347,17470.347063123747,0.0,0.1982440594157468,1.9482726234074998,2244157.3495041556,578.2771319026116
152200.0,4609492.732104968,239956.54813965078,4609473.885782739,334.878961057262,1812.3112668613,334.6680563619222,-6.620958269726218,-0.34467711703755044,-6.620931198223877,17470.347063123747,0.0,0.1982440594157468,1.9482726234074998,2244157.3495041556,578.2771319026116
152300.0,4609526.186896476,240137.77754253184,4609507.3194839135,334.2168710411612,1812.276786564905,334.00596905445235,-6.620842082018952,-0.3449288103657514,-6.620814980902686,17470.347063123747,0.0,0.1982440594157468,1.9482726234074998,2244157.3495041556,578.2771319026116
152400.0,4609559.575479563,240319.0034961248,4609540.686976938,333.5547926349127,1812.2422810993255,333.34389335979614,-6.620726072677141,-0.3451805007303304,-6.6206989419476505,17470.347063123747,0.0,0.1982440594157468,1.9482726234074998,2244157.3495041556,578.2771319026116
152500.0,4609592.89785539,240500.22599791273,4609573.988262972,332.8927258206809,1812.2077504648569,332.68182926011787,-6.620610241682695,-0.3454321881540379,-6.620583081340676,17470.347063123747,0.0,0.1982440594157468,1.9482726234074998,2244157.3495041556,578.2771319026116
152600.0,4609626.154025113,240681.4450453788,4609607.223343175,332.23067058063185,1812.173194661792,332.01977673758364,-6.620494589017577,-0.34568387265967165,-6.6204673990637275,17470.347063123747,0.0,0.1982440594157468,1.9482726234074998,2244157.3495041556,578.2771319026116
152700.0,4609659.343989891,240862.66063600613,4609640.392218704,331.5686268969336,1812.1386136904214,331.35773577436134,-6.620379114663788,-0.3459355542700742,-6.6203518950988,17470.347063123747,0.0,0.1982440594157468,1.9482726234074998,2244157.3495041556,578.2771319026116
152800.0,4609692.467750877,241043.87276727794,4609673.494890715,330.90659475175596,1812.1040075510336,330.69570635262073,-6.620263818603368,-0.34618723300813387,-6.620236569427933,17470.347063123747,0.0,0.1982440594157468,1.9482726234074998,2244157.3495041556,578.2771319026116
152900.0,4609725.525309226,241225.0814366774,4609706.53136036,330.2445741272704,1812.0693762439148,330.03368845453326,-6.620148700818406,-0.3464389088967835,-6.620121422033209,17470.347063123747,0.0,0.1982440594157468,1.9482726234074998,2244157.3495041556,578.2771319026116
153000.0,4609758.516666086,241406.2866416878,4609739.50162879,329.58256500565034,1812.0347197693486,329.37168206227216,-6.6200337612910385,-0.346690581959001,-6.620006452896763,17470.347063123747,0.0,0.1982440594157468,1.9482726234074998,2244157.3495041556,578.2771319026116
153100.0,4609791.44182261,241587.48837979237,4609772.405697156,328.92056736907085,1812.0000381276166,328.70968715801257,-6.619919000003425,-0.3469422522178068,-6.619891662000754,17470.347063123747,0.0,0.1982440594157468,1.9482726234074998,2244157.3495041556,578.2771319026116
153200.0,4609824.300779942,241768.68664847442,4609805.243566604,328.2585811997089,1811.9653313189979,328.0477037239313,-6.619804416937783,-0.3471939196962656,-6.6197770493273955,17470.347063123747,0.0,0.1982440594157468,1.9482726234074998,2244157.3495041556,578.2771319026116
153300.0,4609857.093539231,241949.8814452173,4609838.015238282,327.5966064797431,1811.9305993437692,327.38573174220693,-6.619690012076364,-0.3474455844174843,-6.619662614858935,17470.347063123747,0.0,0.1982440594157468,1.9482726234074998,2244157.3495041556,578.2771319026116
153400.0,4609889.82010162,242131.07276750432,4609870.720713334,326.93464319135404,1811.8958422022054,326.72377119501994,-6.619575785401466,-0.3476972464046122,-6.619548358577671,17470.347063123747,0.0,0.1982440594157468,1.9482726234074998,2244157.3495041556,578.2771319026116
153500.0,4609922.48046825,242312.26061281888,4609903.359992902,326.27269131672386,1811.8610598945786,326.0618220645524,-6.619461736895423,-0.34794890568084097,-6.619434280465932,17470.347063123747,0.0,0.1982440594157468,1.9482726234074998,2244157.3495041556,578.2771319026116
153600.0,4609955.074640263,242493.44497864437,4609935.933078127,325.6107508380366,1811.8262524211589,325.39988433298834,-6.619347866540614,-0.34820056226940255,-6.619320380506095,17470.347063123747,0.0,0.1982440594157468,1.9482726234074998,2244157.3495041556,578.2771319026116
153700.0,4609987.602618797,242674.62586246425,4609968.439970148,324.948821737478,1811.7914197822136,324.73795798251336,-6.619234174319459,-0.34845221619357075,-6.619206658680578,17470.347063123747,0.0,0.1982440594157468,1.9482726234074998,2244157.3495041556,578.2771319026116
153800.0,4610020.064404989,242855.80326176196,4610000.880670102,324.2869039972355,1811.7565619780082,324.076042995315,-6.619120660214414,-0.34870386747665927,-6.619093114971833,17470.347063123747,0.0,0.1982440594157468,1.9482726234074998,2244157.3495041556,578.2771319026116
153900.0,4610052.459999974,243036.977174021,4610033.255179125,323.6249975994985,1811.7216790088055,323.41413935358236,-6.619007324207977,-0.3489555161420217,-6.618979749362355,17470.347063123747,0.0,0.1982440594157468,1.9482726234074998,2244157.3495041556,578.2771319026116
154000.0,4610084.789404886,243218.1475967249,4610065.56349835,322.96310252645793,1811.6867708748662,322.75224703950647,-6.6188941662827,-0.34920716221305204,-6.618866561834692,17470.347063123747,0.0,0.1982440594157468,1.9482726234074998,2244157.3495041556,578.2771319026116
154100.0,4610117.052620856,243399.31452735717,4610097.80562891,322.30121876030654,1811.6518375764485,322.09036603527994,-6.618781186421147,-0.3494588057131818,-6.618753552371413,17470.347063123747,0.0,0.1982440594157468,1.9482726234074998,2244157.3495041556,578.2771319026116
154200.0,4610149.249649014,243580.47796340138,4610129.981571933,321.6393462832388,1811.6168791138084,321.42849632309725,-6.618668384605944,-0.34971044666588214,-6.618640720955131,17470.347063123747,0.0,0.1982440594157468,1.9482726234074998,2244157.3495041556,578.2771319026116
154300.0,4610181.380490488,243761.63790234114,4610162.09132855,320.97748507745104,1811.5818954871995,320.7666378851546,-6.618555760819759,-0.3499620850946628,-6.618528067568516,17470.347063123747,0.0,0.1982440594157468,1.9482726234074998,2244157.3495041556,578.2771319026116
154400.0,4610213.445146405,243942.79434166005,4610194.134899885,320.31563512514117,1811.546886696873,320.1047907036498,-6.618443315045289,-0.3502137210230703,-6.6184155921942605,17470.347063123747,0.0,0.1982440594157468,1.9482726234074998,2244157.3495041556,578.2771319026116
154500.0,4610245.443617889,244123.94727884175,4610226.112287065,319.65379640850887,1811.5118527430775,319.4429547607826,-6.6183310472652614,-0.35046535447468863,-6.618303294815093,17470.347063123747,0.0,0.1982440594157468,1.9482726234074998,2244157.3495041556,578.2771319026116
154600.0,4610277.375906061,244305.0967113699,4610258.023491211,318.99196890975554,1811.4767936260598,318.7811300387542,-6.618218957462474,-0.3507169854731396,-6.6181911754138065,17470.347063123747,0.0,0.1982440594157468,1.9482726234074998,2244157.3495041556,578.2771319026116
154700.0,4610309.242012044,244486.2426367282,4610289.868513446,318.3301526110844,1811.4417093460638,318.1193165197678,-6.618107045619726,-0.3509686140420799,-6.618079233973195,17470.347063123747,0.0,0.1982440594157468,1.9482726234074998,2244157.3495041556,578.2771319026116
154800.0,4610341.041936956,244667.38505240035,4610321.647354889,317.6683474947002,1811.4065999033314,317.4575141860281,-6.617995311719895,-0.35122024020520454,-6.617967470476137,17470.347063123747,0.0,0.1982440594157468,1.9482726234074998,2244157.3495041556,578.2771319026116
154900.0,4610372.775681916,244848.5239558701,4610353.360016656,317.0065535428095,1811.371465298102,316.7957230197417,-6.617883755745863,-0.3514718639862419,-6.61785588490551,17470.347063123747,0.0,0.1982440594157468,1.9482726234074998,2244157.3495041556,578.2771319026116
155000.0,4610404.443248037,245029.6593446212,4610385.006499864,316.3447707376207,1811.3363055306127,316.1339430031167,-6.617772377680571,-0.35172348540895704,-6.617744477244249,17470.347063123747,0.0,0.1982440594157468,1.9482726234074998,2244157.3495041556,578.2771319026116
155100.0,4610436.044636435,245210.79121613747,4610416.586805628,315.6829990613437,1811.301120601098,315.4721741183631,-6.61766117750699,-0.3519751044971494,-6.617633247475326,17470.347063123747,0.0,0.1982440594157468,1.9482726234074998,2244157.3495041556,578.2771319026116
155200.0,4610467.579848221,245391.9195679027,4610448.100935059,315.02123849619016,1811.2659105097903,314.81041634769247,-6.617550155208136,-0.35222672127465343,-6.617522195581757,17470.347063123747,0.0,0.1982440594157468,1.9482726234074998,2244157.3495041556,578.2771319026116
155300.0,4610499.0488845045,245573.0443974007,4610479.548889267,314.3594890243735,1811.2306752569193,314.1486696733181,-6.617439310767059,-0.35247833576533694,-6.617411321546584,17470.347063123747,0.0,0.1982440594157468,1.9482726234074998,2244157.3495041556,578.2771319026116
155400.0,4610530.451746395,245754.16570211534,4610510.930669363,313.69775062810874,1811.1954148427126,313.4869340774551,-6.617328644166847,-0.3527299479931018,-6.617300625352893,17470.347063123747,0.0,0.1982440594157468,1.9482726234074998,2244157.3495041556,578.2771319026116
155500.0,4610561.788434999,245935.2834795305,4610542.246276451,313.0360232896127,1811.1601292673952,312.82520954232007,-6.617218155390629,-0.3529815579818833,-6.617190106983809,17470.347063123747,0.0,0.1982440594157468,1.9482726234074998,2244157.3495041556,578.2771319026116
155600.0,4610593.058951421,246116.39772713013,4610573.495711639,312.3743069911037,1811.12481853119,312.1634960501314,-6.617107844421567,-0.35323316575564967,-6.6170797664224965,17470.347063123747,0.0,0.1982440594157468,1.9482726234074998,2244157.3495041556,578.2771319026116
155700.0,4610624.263296764,246297.50844239807,4610604.678976028,311.712601714802,1811.0894826343172,311.5017935831092,-6.616997711242872,-0.35348477133840184,-6.6169696036521595,17470.347063123747,0.0,0.1982440594157468,1.9482726234074998,2244157.3495041556,578.2771319026116
155800.0,4610655.401472131,246478.6156228183,4610635.796070722,311.0509074429294,1811.0541215769945,310.84010212347516,-6.61688775583778,-0.3537363747541725,-6.616859618656032,17470.347063123747,0.0,0.1982440594157468,1.9482726234074998,2244157.3495041556,578.2771319026116
155900.0,4610686.473478619,246659.7192658748,4610666.84699682,310.38922415770924,1811.0187353594376,310.17842165345274,-6.616777978189565,-0.3539879760270266,-6.616749811417387,17470.347063123747,0.0,0.1982440594157468,1.9482726234074998,2244157.3495041556,578.2771319026116
156000.0,4610717.479317328,246840.81936905152,4610697.831755418,309.7275518413668,1810.9833239818597,309.516752155267,-6.616668378281552,-0.35423957518106053,-6.616640181919542,17470.347063123747,0.0,0.1982440594157468,1.9482726234074998,2244157.3495041556,578.2771319026116
156100.0,4610748.418989353,247021.9159298325,4610728.750347615,309.0658904761288,1810.9478874444712,308.8550936111447,-6.6165589560970846,-0.3544911722404018,-6.616530730145842,17470.347063123747,0.0,0.1982440594157468,1.9482726234074998,2244157.3495041556,578.2771319026116
156200.0,4610779.292495788,247203.00894570176,4610759.602774505,308.4042400442238,1810.9124257474807,308.19344600331425,-6.616449711619563,-0.3547427672292087,-6.61642145607968,17470.347063123747,0.0,0.1982440594157468,1.9482726234074998,2244157.3495041556,578.2771319026116
156300.0,4610810.099837726,247384.09841414334,4610790.38903718,307.7426005278819,1810.8769388910937,307.5318093140057,-6.616340644832408,-0.3549943601716702,-6.616312359704479,17470.347063123747,0.0,0.1982440594157468,1.9482726234074998,2244157.3495041556,578.2771319026116
156400.0,4610840.841016257,247565.18433264134,4610821.109136731,307.0809719093349,1810.8414268755137,306.8701835254509,-6.616231755719087,-0.35524595109200513,-6.6162034410037025,17470.347063123747,0.0,0.1982440594157468,1.9482726234074998,2244157.3495041556,578.2771319026116
156500.0,4610871.51603247,247746.26669867983,4610851.763074248,306.4193541708162,1810.8058897009419,306.20856861988307,-6.616123044263104,-0.3554975400144623,-6.6160946999608505,17470.347063123747,0.0,0.1982440594157468,1.9482726234074998,2244157.3495041556,578.2771319026116
156600.0,4610902.124887453,247927.3455097429,4610882.350850818,305.7577472945609,1810.7703273675766,305.5469645795373,-6.616014510447992,-0.3557491269633198,-6.615986136559453,17470.347063123747,0.0,0.1982440594157468,1.9482726234074998,2244157.3495041556,578.2771319026116
156700.0,4610932.667582291,248108.42076331473,4610912.872467525,305.09615126280573,1810.7347398756142,304.8853713866503,-6.615906154257332,-0.3560007119628849,-6.615877750783084,17470.347063123747,0.0,0.1982440594157468,1.9482726234074998,2244157.3495041556,578.2771319026116
156800.0,4610963.144118067,248289.49245687944,4610943.327925456,304.43456605778914,1810.6991272252483,304.2237890234604,-6.615797975674731,-0.3562522950374937,-6.615769542615356,17470.347063123747,0.0,0.1982440594157468,1.9482726234074998,2244157.3495041556,578.2771319026116
156900.0,4610993.554495863,248470.56058792118,4610973.71722569,303.77299166175106,1810.66348941667,303.5622174722075,-6.615689974683834,-0.3565038762115107,-6.61566151203991,17470.347063123747,0.0,0.1982440594157468,1.9482726234074998,2244157.3495041556,578.2771319026116
157000.0,4611023.898716759,248651.62515392416,4611004.0403693095,303.11142805693316,1810.6278264500684,302.9006567151332,-6.615582151268334,-0.35675545550932886,-6.615553659040428,17470.347063123747,0.0,0.1982440594157468,1.9482726234074998,2244157.3495041556,578.2771319026116
157100.0,4611054.176781833,248832.6861523726,4611034.2973573925,302.44987522557875,1810.5921383256298,302.23910673448074,-6.615474505411939,-0.3570070329553683,-6.6154459836006225,17470.347063123747,0.0,0.1982440594157468,1.9482726234074998,2244157.3495041556,578.2771319026116
157200.0,4611084.388692162,249013.7435807507,4611064.488191015,301.78833314993267,1810.5564250435382,301.57756751249497,-6.615367037098413,-0.35725860857407743,-6.615338485704251,17470.347063123747,0.0,0.1982440594157468,1.9482726234074998,2244157.3495041556,578.2771319026116
157300.0,4611114.534448821,249194.79743654272,4611094.612871253,301.12680181224147,1810.520686603975,300.9160390314223,-6.615259746311545,-0.35751018238993126,-6.615231165335102,17470.347063123747,0.0,0.1982440594157468,1.9482726234074998,2244157.3495041556,578.2771319026116
157400.0,4611144.614052882,249375.84771723291,4611124.671399179,300.46528119475335,1810.4849230071195,300.2545212735109,-6.615152633035169,-0.3577617544274326,-6.615124022477005,17470.347063123747,0.0,0.1982440594157468,1.9482726234074998,2244157.3495041556,578.2771319026116
157500.0,4611174.627505417,249556.89442030556,4611154.663775864,299.803771279718,1810.449134253148,299.5930142210104,-6.61504569725314,-0.35801332471110975,-6.615017057113813,17470.347063123747,0.0,0.1982440594157468,1.9482726234074998,2244157.3495041556,578.2771319026116
157600.0,4611204.574807495,249737.93754324497,4611184.590002379,299.14227204938675,1810.4133203422348,298.93151785617215,-6.614938938949359,-0.3582648932655179,-6.614910269229423,17470.347063123747,0.0,0.1982440594157468,1.9482726234074998,2244157.3495041556,578.2771319026116
157700.0,4611234.4559601825,249918.97708353546,4611214.450079791,298.4807834860127,1810.3774812745517,298.2700321612491,-6.614832358107763,-0.3585164601152387,-6.614803658807771,17470.347063123747,0.0,0.1982440594157468,1.9482726234074998,2244157.3495041556,578.2771319026116
157800.0,4611264.270964547,250100.01303866133,4611244.244009167,297.81930557185035,1810.3416170502678,297.60855711849575,-6.614725954712321,-0.35876802528487867,-6.614697225832822,17470.347063123747,0.0,0.1982440594157468,1.9482726234074998,2244157.3495041556,578.2771319026116
157900.0,4611294.019821651,250281.04540610695,4611273.97179157,297.1578382891559,1810.30572766955,296.9470927101682,-6.614619728747032,-0.35901958879907014,-6.614590970288575,17470.347063123747,0.0,0.1982440594157468,1.9482726234074998,2244157.3495041556,578.2771319026116
158000.0,4611323.702532559,250462.0741833567,4611303.633428063,296.49638162018715,1810.2698131325624,296.2856389185242,-6.614513680195946,-0.35927115068247106,-6.61448489215907,17470.347063123747,0.0,0.1982440594157468,1.9482726234074998,2244157.3495041556,578.2771319026116
158100.0,4611353.319098329,250643.09936789493,4611333.228919707,295.83493554720343,1810.233873439467,295.6241957258231,-6.614407809043132,-0.35952271095976357,-6.614378991428377,17470.347063123747,0.0,0.1982440594157468,1.9482726234074998,2244157.3495041556,578.2771319026116
158200.0,4611382.869520021,250824.12095720606,4611362.758267561,295.1735000524658,1810.1979085904231,294.96276311432575,-6.614302115272702,-0.35977426965565484,-6.614273268080608,17470.347063123747,0.0,0.1982440594157468,1.9482726234074998,2244157.3495041556,578.2771319026116
158300.0,4611412.353798691,251005.1389487745,4611392.221472682,294.5120751182367,1810.1619185855877,294.3013410662947,-6.614196598868803,-0.36002582679487644,-6.6141677220999044,17470.347063123747,0.0,0.1982440594157468,1.9482726234074998,2244157.3495041556,578.2771319026116
158400.0,4611441.771935396,251186.15334008465,4611421.618536126,293.8506607267803,1810.1259034251152,293.63992956399403,-6.614091259815612,-0.36027738240218354,-6.614062353470437,17470.347063123747,0.0,0.1982440594157468,1.9482726234074998,2244157.3495041556,578.2771319026116
158500.0,4611471.123931187,251367.164128621,4611450.949458946,293.1892568603624,1810.0898631091575,292.9785285896894,-6.613986098097344,-0.3605289365023556,-6.6139571621764235,17470.347063123747,0.0,0.1982440594157468,1.9482726234074998,2244157.3495041556,578.2771319026116
158600.0,4611500.4097871175,251548.17131186798,4611480.214242194,292.5278635012502,1810.0537976378641,292.31713812564806,-6.613881113698251,-0.3607804891201954,-6.613852148202111,17470.347063123747,0.0,0.1982440594157468,1.9482726234074998,2244157.3495041556,578.2771319026116
158700.0,4611529.629504236,251729.17488731007,4611509.41288692,291.8664806317126,1810.017707011382,291.6557581541388,-6.613776306602609,-0.3610320402805288,-6.613747311531772,17470.347063123747,0.0,0.1982440594157468,1.9482726234074998,2244157.3495041556,578.2771319026116
158800.0,4611558.783083593,251910.17485243175,4611538.545394174,291.20510823402003,1809.981591229856,290.99438865743207,-6.613671676794741,-0.3612835900082051,-6.613642652149727,17470.347063123747,0.0,0.1982440594157468,1.9482726234074998,2244157.3495041556,578.2771319026116
158900.0,4611587.870526232,252091.17120471754,4611567.611765001,290.5437462904446,1809.9454502934275,290.33302961779975,-6.613567224259,-0.3615351383280959,-6.613538170040325,17470.347063123747,0.0,0.1982440594157468,1.9482726234074998,2244157.3495041556,578.2771319026116
159000.0,4611616.891833198,252272.16394165193,4611596.612000446,289.8823947832597,1809.9092842022364,289.6716810175154,-6.613462948979766,-0.3617866852650957,-6.613433865187946,17470.347063123747,0.0,0.1982440594157468,1.9482726234074998,2244157.3495041556,578.2771319026116
159100.0,4611645.847005536,252453.1530607195,4611625.5461015515,289.2210536947406,1809.8730929564197,289.0103428388541,-6.613358850941469,-0.3620382308441214,-6.613329737577011,17470.347063123747,0.0,0.1982440594157468,1.9482726234074998,2244157.3495041556,578.2771319026116
159200.0,4611674.736044284,252634.13855940473,4611654.41406936,288.5597230071639,1809.836876556112,288.3490150640925,-6.613254930128554,-0.3622897750901112,-6.613225787191972,17470.347063123747,0.0,0.1982440594157468,1.9482726234074998,2244157.3495041556,578.2771319026116
159300.0,4611703.558950483,252815.12043519222,4611683.215904911,287.89840270280786,1809.8006350014452,287.68769767550873,-6.613151186525517,-0.3625413180280256,-6.613122014017312,17470.347063123747,0.0,0.1982440594157468,1.9482726234074998,2244157.3495041556,578.2771319026116
159400.0,4611732.31572517,252996.09868556654,4611711.951609241,287.2370927639523,1809.764368292549,287.02639065538256,-6.613047620116876,-0.36279285968284647,-6.613018418037549,17470.347063123747,0.0,0.1982440594157468,1.9482726234074998,2244157.3495041556,578.2771319026116
159500.0,4611761.006369381,253177.07330801227,4611740.621183387,286.57579317287855,1809.7280764295506,286.36509398599526,-6.612944230887185,-0.36304440007957695,-6.612914999237236,17470.347063123747,0.0,0.1982440594157468,1.9482726234074998,2244157.3495041556,578.2771319026116
159600.0,4611789.630884149,253358.044300014,4611769.224628382,285.9145039118694,1809.6917594125744,285.70380764962965,-6.612841018821038,-0.36329593924324166,-6.612811757600965,17470.347063123747,0.0,0.1982440594157468,1.9482726234074998,2244157.3495041556,578.2771319026116
159700.0,4611818.189270507,253539.01165905633,4611797.761945261,285.2532249632094,1809.6554172417423,285.0425316285701,-6.612737983903056,-0.3635474771988853,-6.612708693113353,17470.347063123747,0.0,0.1982440594157468,1.9482726234074998,2244157.3495041556,578.2771319026116
159800.0,4611846.681529485,253719.97538262387,4611826.233135052,284.5919563091844,1809.619049917174,284.3812659051025,-6.612635126117887,-0.3637990139715731,-6.612605805759044,17470.347063123747,0.0,0.1982440594157468,1.9482726234074998,2244157.3495041556,578.2771319026116
159900.0,4611875.1076621115,253900.9354682013,4611854.638198785,283.9306979320819,1809.5826574389864,283.72001046151433,-6.612532445450235,-0.3640505495863918,-6.612503095522736,17470.347063123747,0.0,0.1982440594157468,1.9482726234074998,2244157.3495041556,578.2771319026116
160000.0,4611903.467669413,254081.89191327323,4611882.977137486,283.2694498141909,1809.5462398072943,283.0587652800945,-6.612429941884818,-0.3643020840684474,-6.6124005623891495,17470.347063123747,0.0,0.1982440594157468,1.9482726234074998,2244157.3495041556,578.2771319026116
160100.0,4611931.761552416,254262.84471532432,4611911.249952182,282.608211937802,1809.5097970222096,282.39753034313355,-6.612327615406387,-0.3645536174428655,-6.612298206343031,17470.347063123747,0.0,0.1982440594157468,1.9482726234074998,2244157.3495041556,578.2771319026116
160200.0,4611959.989312142,254443.79387183924,4611939.456643896,281.94698428520724,1809.4733290838417,281.73630563292346,-6.6122254659997335,-0.364805149734792,-6.612196027369168,17470.347063123747,0.0,0.1982440594157468,1.9482726234074998,2244157.3495041556,578.2771319026116
160300.0,4611988.150949613,254624.73938030266,4611967.597213649,281.28576683870017,1809.4368359922978,281.0750911317578,-6.612123493649689,-0.3650566809693925,-6.6120940254523894,17470.347063123747,0.0,0.1982440594157468,1.9482726234074998,2244157.3495041556,578.2771319026116
160400.0,4612016.24646585,254805.68123819926,4611995.671662462,280.6245595805759,1809.4003177476823,280.4138868219316,-6.6120216983411,-0.365308211171851,-6.611992200577538,17470.347063123747,0.0,0.1982440594157468,1.9482726234074998,2244157.3495041556,578.2771319026116
160500.0,4612044.275861869,254986.61944301377,4612023.679991352,279.96336249313106,1809.363774350097,279.7526926857414,-6.611920080058859,-0.36555974036737127,-6.611890552729504,17470.347063123747,0.0,0.1982440594157468,1.9482726234074998,2244157.3495041556,578.2771319026116
160600.0,4612072.239138687,255167.55399223085,4612051.6222013375,279.30217555866375,1809.3272057996414,279.0915087054853,-6.61181863878788,-0.36581126858117513,-6.6117890818932015,17470.347063123747,0.0,0.1982440594157468,1.9482726234074998,2244157.3495041556,578.2771319026116
160700.0,4612100.136297318,255348.48488333527,4612079.4982934315,278.64099875947363,1809.2906120964126,278.43033486346286,-6.611717374513124,-0.36606279583850404,-6.611687788053584,17470.347063123747,0.0,0.1982440594157468,1.9482726234074998,2244157.3495041556,578.2771319026116
160800.0,4612127.967338776,255529.41211381173,4612107.308268648,277.9798320778618,1809.2539932405048,277.76917114197516,-6.611616287219579,-0.36631432216461735,-6.611586671195639,17470.347063123747,0.0,0.1982440594157468,1.9482726234074998,2244157.3495041556,578.2771319026116
160900.0,4612155.732264071,255710.33568114496,4612135.052127996,277.3186754961308,1809.2173492320098,277.1080175233248,-6.611515376892259,-0.36656584758479227,-6.6114857313043744,17470.347063123747,0.0,0.1982440594157468,1.9482726234074998,2244157.3495041556,578.2771319026116
161000.0,4612183.431074211,255891.25558281972,4612162.729872488,276.6575289965849,1809.1806800710172,276.44687398981586,-6.611414643516221,-0.36681737212432475,-6.611384968364845,17470.347063123747,0.0,0.1982440594157468,1.9482726234074998,2244157.3495041556,578.2771319026116
161100.0,4612211.063770206,256072.17181632077,4612190.34150313,275.99639256152966,1809.1439857576136,275.78574052375393,-6.611314087076541,-0.36706889580852786,-6.61128438236213,17470.347063123747,0.0,0.1982440594157468,1.9482726234074998,2244157.3495041556,578.2771319026116
161200.0,4612238.630353059,256253.08437913284,4612217.887020928,275.3352661732722,1809.1072662918832,275.12461710744606,-6.611213707558341,-0.3673204186627329,-6.611183973281343,17470.347063123747,0.0,0.1982440594157468,1.9482726234074998,2244157.3495041556,578.2771319026116
161300.0,4612266.130823774,256433.99326874074,4612245.366426886,274.6741498141211,1809.070521673908,274.46350372320074,-6.6111135049467755,-0.3675719407122885,-6.611083741107635,17470.347063123747,0.0,0.1982440594157468,1.9482726234074998,2244157.3495041556,578.2771319026116
161400.0,4612293.565183355,256614.8984826292,4612272.779722006,274.0130434663865,1809.0337519037669,273.8024003533281,-6.611013479227017,-0.36782346198255994,-6.610983685826177,17470.347063123747,0.0,0.1982440594157468,1.9482726234074998,2244157.3495041556,578.2771319026116
161500.0,4612320.933432801,256795.80001828307,4612300.12690729,273.35194711237983,1808.9969569815366,273.1413069801396,-6.610913630384281,-0.36807498249893,-6.61088380742218,17470.347063123747,0.0,0.1982440594157468,1.9482726234074998,2244157.3495041556,578.2771319026116
161600.0,4612348.23557311,256976.6978731871,4612327.407983735,272.69086073441423,1808.9601369072914,272.48022358594824,-6.610813958403815,-0.3683265022867984,-6.610784105880891,17470.347063123747,0.0,0.1982440594157468,1.9482726234074998,2244157.3495041556,578.2771319026116
161700.0,4612375.4716052795,257157.59204482613,4612354.622952339,272.02978431480415,1808.9232916811027,271.8191501530685,-6.610714463270897,-0.3685780213715815,-6.610684581187584,17470.347063123747,0.0,0.1982440594157468,1.9482726234074998,2244157.3495041556,578.2771319026116
161800.0,4612402.641530304,257338.48253068494,4612381.771814098,271.3687178358656,1808.8864213030397,271.1580866638163,-6.610615144970833,-0.36882953977871186,-6.610585233327561,17470.347063123747,0.0,0.1982440594157468,1.9482726234074998,2244157.3495041556,578.2771319026116
161900.0,4612429.745349177,257519.36932824834,4612408.854570003,270.707661279916,1808.8495257731688,270.49703310050904,-6.610516003488968,-0.3690810575336386,-6.610486062286165,17470.347063123747,0.0,0.1982440594157468,1.9482726234074998,2244157.3495041556,578.2771319026116
162000.0,4612456.78306289,257700.25243500117,4612435.871221048,270.04661462927436,1808.812605091554,269.8359894454656,-6.610417038810672,-0.3693325746618269,-6.610387068048764,17470.347063123747,0.0,0.1982440594157468,1.9482726234074998,2244157.3495041556,578.2771319026116
162100.0,4612483.754672432,257881.13184842825,4612462.821768221,269.3855778662609,1808.7756592582564,269.1749556810063,-6.610318250921353,-0.3695840911887579,-6.610288250600759,17470.347063123747,0.0,0.1982440594157468,1.9482726234074998,2244157.3495041556,578.2771319026116
162200.0,4612510.660178792,258062.00756601442,4612489.706212513,268.7245509731976,1808.7386882733354,268.51393178945295,-6.610219639806443,-0.36983560713992836,-6.610189609927586,17470.347063123747,0.0,0.1982440594157468,1.9482726234074998,2244157.3495041556,578.2771319026116
162300.0,4612537.499582955,258242.87958524452,4612516.524554908,268.06353393240767,1808.7016921368468,267.8529177531288,-6.6101212054514145,-0.37008712254085085,-6.610091146014709,17470.347063123747,0.0,0.1982440594157468,1.9482726234074998,2244157.3495041556,578.2771319026116
162400.0,4612564.272885906,258423.7479036034,4612543.276796392,267.4025267262158,1808.6646708488447,267.1919135543585,-6.61002294784177,-0.37033863741705353,-6.609992858847627,17470.347063123747,0.0,0.1982440594157468,1.9482726234074998,2244157.3495041556,578.2771319026116
162500.0,4612590.980088627,258604.6125185759,4612569.962937947,266.74152933694825,1808.6276244093801,266.5309191754682,-6.6099248669630315,-0.370590151794079,-6.609894748411863,17470.347063123747,0.0,0.1982440594157468,1.9482726234074998,2244157.3495041556,578.2771319026116
162600.0,4612617.6211920995,258785.47342764688,4612596.582980555,266.0805417469326,1808.5905528185017,265.86993459878556,-6.609826962800771,-0.37084166569748606,-6.60979681469298,17470.347063123747,0.0,0.1982440594157468,1.9482726234074998,2244157.3495041556,578.2771319026116
162700.0,4612644.196197302,258966.33062830122,4612623.1369251935,265.419563938498,1808.5534560762555,265.20895980663954,-6.609729235340575,-0.3710931791528477,-6.60969905767657,17470.347063123747,0.0,0.1982440594157468,1.9482726234074998,2244157.3495041556,578.2771319026116
162800.0,4612670.7051052125,259147.18411802375,4612649.624772841,264.7585958939749,1808.5163341826851,264.5479947813606,-6.609631684568079,-0.371344692185752,-6.609601477348256,17470.347063123747,0.0,0.1982440594157468,1.9482726234074998,2244157.3495041556,578.2771319026116
162900.0,4612697.147916806,259328.03389429938,4612676.046524474,264.0976375956953,1808.4791871378316,263.8870395052807,-6.609534310468933,-0.3715962048218015,-6.60950407369369,17470.347063123747,0.0,0.1982440594157468,1.9482726234074998,2244157.3495041556,578.2771319026116
163000.0,4612723.524633056,259508.87995461296,4612702.402181067,263.4366890259925,1808.442014941733,263.2260939607332,-6.6094371130288225,-0.37184771708661307,-6.609406846698557,17470.347063123747,0.0,0.1982440594157468,1.9482726234074998,2244157.3495041556,578.2771319026116
163100.0,4612749.835254935,259689.72229644936,4612728.69174359,262.77575016720135,1808.4048175944256,262.5651581300528,-6.609340092233474,-0.37209922900581804,-6.609309796348575,17470.347063123747,0.0,0.1982440594157468,1.9482726234074998,2244157.3495041556,578.2771319026116
163200.0,4612776.079783413,259870.56091729348,4612754.915213016,262.11482100165813,1808.3675950959425,261.90423199557574,-6.609243248068628,-0.3723507406050616,-6.609212922629487,17470.347063123747,0.0,0.1982440594157468,1.9482726234074998,2244157.3495041556,578.2771319026116
163300.0,4612802.258219458,260051.39581463017,4612781.072590312,261.45390151170045,1808.3303474463144,261.24331553963964,-6.6091465805200755,-0.3726022519100035,-6.609116225527075,17470.347063123747,0.0,0.1982440594157468,1.9482726234074998,2244157.3495041556,578.2771319026116
163400.0,4612828.370564037,260232.22698594435,4612807.163876446,260.7929916796674,1808.2930746455695,260.5824087445836,-6.609050089573625,-0.37285376294631695,-6.609019705027148,17470.347063123747,0.0,0.1982440594157468,1.9482726234074998,2244157.3495041556,578.2771319026116
163500.0,4612854.416818115,260413.0544287209,4612833.189072383,260.13209148789946,1808.2557766937332,259.92151159274795,-6.608953775215119,-0.37310527373968866,-6.608923361115546,17470.347063123747,0.0,0.1982440594157468,1.9482726234074998,2244157.3495041556,578.2771319026116
163600.0,4612880.396982655,260593.87814044472,4612859.148179085,259.4712009187386,1808.2184535908286,259.26062406647463,-6.608857637430431,-0.3733567843158189,-6.608827193778138,17470.347063123747,0.0,0.1982440594157468,1.9482726234074998,2244157.3495041556,578.2771319026116
163700.0,4612906.311058619,260774.6981186007,4612885.041197516,258.81031995452804,1808.1811053368763,258.599746148107,-6.608761676205466,-0.3736082947004215,-6.608731203000828,17470.347063123747,0.0,0.1982440594157468,1.9482726234074998,2244157.3495041556,578.2771319026116
163800.0,4612932.159046966,260955.51436067373,4612910.868128635,258.1494485776126,1808.143731931894,257.9388778199896,-6.608665891526161,-0.3738598049192235,-6.608635388769547,17470.347063123747,0.0,0.1982440594157468,1.9482726234074998,2244157.3495041556,578.2771319026116
163900.0,4612957.940948653,261136.3268641487,4612936.628973399,257.4885867703384,1808.106333375897,257.27801906446865,-6.6085702833784845,-0.3741113149979652,-6.608539751070262,17470.347063123747,0.0,0.1982440594157468,1.9482726234074998,2244157.3495041556,578.2771319026116
164000.0,4612983.656764638,261317.1356265105,4612962.323732766,256.82773451505295,1808.0689096688982,256.6171698638916,-6.608474851748427,-0.3743628249623989,-6.608444289888962,17470.347063123747,0.0,0.1982440594157468,1.9482726234074998,2244157.3495041556,578.2771319026116
164100.0,4613009.306495874,261497.9406452441,4612987.95240769,256.16689179410525,1808.0314608109074,255.95633020060737,-6.608379596622021,-0.374614334838291,-6.608349005211671,17470.347063123747,0.0,0.1982440594157468,1.9482726234074998,2244157.3495041556,578.2771319026116
164200.0,4613034.890143314,261678.74191783433,4613013.514999123,255.50605858984557,1807.9939868019326,255.29550005696626,-6.608284517985323,-0.3748658446514197,-6.608253897024449,17470.347063123747,0.0,0.1982440594157468,1.9482726234074998,2244157.3495041556,578.2771319026116
164300.0,4613060.407707909,261859.5394417661,4613039.011508018,254.84523488462565,1807.9564876419784,254.63467941531994,-6.60818961582442,-0.37511735442757593,-6.608158965313377,17470.347063123747,0.0,0.1982440594157468,1.9482726234074998,2244157.3495041556,578.2771319026116
164400.0,4613085.859190607,262040.33321452435,4613064.441935322,254.18442066079862,1807.9189633310473,253.9738682580215,-6.608094890125436,-0.3753688641925633,-6.608064210064574,17470.347063123747,0.0,0.1982440594157468,1.9482726234074998,2244157.3495041556,578.2771319026116
164500.0,4613111.2445923565,262221.12323359394,4613089.806281985,253.52361590071897,1807.8814138691394,253.3130665674254,-6.608000340874512,-0.37562037397219683,-6.607969631264184,17470.347063123747,0.0,0.1982440594157468,1.9482726234074998,2244157.3495041556,578.2771319026116
164600.0,4613136.5639141025,262401.9094964598,4613115.104548951,252.86282058674257,1807.8438392562516,252.6522743258875,-6.607905968057837,-0.37587188379230496,-6.6078752288983855,17470.347063123747,0.0,0.1982440594157468,1.9482726234074998,2244157.3495041556,578.2771319026116
164700.0,4613161.817156788,262582.69200060685,4613140.336737164,252.20203470122672,1807.8062394923786,251.99149151576503,-6.6078117716616145,-0.376123393678727,-6.607781002953387,17470.347063123747,0.0,0.1982440594157468,1.9482726234074998,2244157.3495041556,578.2771319026116
164800.0,4613187.004321356,262763.47074351995,4613165.502847568,251.54125822653003,1807.7686145775126,251.3307181194166,-6.6077177516720855,-0.3763749036573141,-6.607686953415418,17470.347063123747,0.0,0.1982440594157468,1.9482726234074998,2244157.3495041556,578.2771319026116
164900.0,4613212.125408746,262944.245722684,4613190.602881102,250.88049114501254,1807.7309645116432,250.66995411920217,-6.607623908075522,-0.37662641375393013,-6.607593080270755,17470.347063123747,0.0,0.1982440594157468,1.9482726234074998,2244157.3495041556,578.2771319026116
165000.0,4613237.180419898,263125.0169355839,4613215.636838704,250.21973343903562,1807.693289294757,250.00919949748314,-6.607530240858224,-0.3768779239944494,-6.607499383505687,17470.347063123747,0.0,0.1982440594157468,1.9482726234074998,2244157.3495041556,578.2771319026116
165100.0,4613262.169355746,263305.78437970456,4613240.604721313,249.55898509096204,1807.6555889268386,249.3484542366222,-6.60743675000652,-0.3771294344047585,-6.607405863106547,17470.347063123747,0.0,0.1982440594157468,1.9482726234074998,2244157.3495041556,578.2771319026116
165200.0,4613287.092217227,263486.5480525309,4613265.506529863,248.89824608315593,1807.6178634078697,248.68771831898343,-6.607343435506779,-0.3773809450107555,-6.607312519059696,17470.347063123747,0.0,0.1982440594157468,1.9482726234074998,2244157.3495041556,578.2771319026116
165300.0,4613311.949005274,263667.3079515478,4613290.342265287,248.23751639798274,1807.5801127378293,248.0269917269323,-6.607250297345383,-0.3776324558383485,-6.6072193513515165,17470.347063123747,0.0,0.1982440594157468,1.9482726234074998,2244157.3495041556,578.2771319026116
165400.0,4613336.739720818,263848.0640742401,4613315.111928519,247.57679601780936,1807.5423369166938,247.36627444283562,-6.607157335508753,-0.37788396691345777,-6.607126359968423,17470.347063123747,0.0,0.1982440594157468,1.9482726234074998,2244157.3495041556,578.2771319026116
165500.0,4613361.464364788,264028.81641809276,4613339.815520486,246.91608492500396,1807.5045359444373,246.70556644906156,-6.607064549983341,-0.3781354782620144,-6.607033544896868,17470.347063123747,0.0,0.1982440594157468,1.9482726234074998,2244157.3495041556,578.2771319026116
165600.0,4613386.122938111,264209.5649805906,4613364.453042118,246.2553831019361,1807.4667098210314,246.04486772797964,-6.606971940755633,-0.3783869899099604,-6.6069409061233335,17470.347063123747,0.0,0.1982440594157468,1.9482726234074998,2244157.3495041556,578.2771319026116
165700.0,4613410.715441716,264390.3097592186,4613389.024494341,245.5946905309767,1807.4288585464446,245.38417826196073,-6.606879507812133,-0.3786385018832479,-6.606848443634318,17470.347063123747,0.0,0.1982440594157468,1.9482726234074998,2244157.3495041556,578.2771319026116
165800.0,4613435.241876525,264571.05075146153,4613413.529878079,244.93400719449798,1807.3909821206432,244.72349803337707,-6.606787251139376,-0.3788900142078399,-6.606756157416357,17470.347063123747,0.0,0.1982440594157468,1.9482726234074998,2244157.3495041556,578.2771319026116
165900.0,4613459.702243461,264751.7879548043,4613437.969194255,244.27333307487356,1807.3530805435905,244.0628270246022,-6.606695170723943,-0.3791415269097106,-6.606664047456023,17470.347063123747,0.0,0.1982440594157468,1.9482726234074998,2244157.3495041556,578.2771319026116
166000.0,4613484.096543446,264932.52136673185,4613462.34244379,243.6126681544784,1807.3151538152479,243.40216521801105,-6.606603266552427,-0.379393040014844,-6.6065721137399125,17470.347063123747,0.0,0.1982440594157468,1.9482726234074998,2244157.3495041556,578.2771319026116
166100.0,4613508.424777398,265113.250984729,4613486.6496276045,242.95201241568873,1807.2772019355734,242.74151259597986,-6.606511538611459,-0.37964455354923415,-6.606480356254648,17470.347063123747,0.0,0.1982440594157468,1.9482726234074998,2244157.3495041556,578.2771319026116
166200.0,4613532.686946235,265293.97680628055,4613510.890746615,242.29136584088218,1807.2392249045229,242.0808691408862,-6.606419986887698,-0.379896067538886,-6.60638877498689,17470.347063123747,0.0,0.1982440594157468,1.9482726234074998,2244157.3495041556,578.2771319026116
166300.0,4613556.883050871,265474.6988288715,4613535.065801738,241.63072841243772,1807.2012227220496,241.420234835109,-6.60632861136783,-0.3801475820098138,-6.6062973699233165,17470.347063123747,0.0,0.1982440594157468,1.9482726234074998,2244157.3495041556,578.2771319026116
166400.0,4613581.013092222,265655.4170499866,4613559.174793887,240.9701001127356,1807.163195388104,240.7596096610285,-6.606237412038572,-0.38039909698804203,-6.606206141050647,17470.347063123747,0.0,0.1982440594157468,1.9482726234074998,2244157.3495041556,578.2771319026116
166500.0,4613605.077071197,265836.1314671107,4613583.217723974,240.3094809241574,1807.1251429026343,240.09899360102628,-6.606146388886676,-0.3806506124996056,-6.606115088355625,17470.347063123747,0.0,0.1982440594157468,1.9482726234074998,2244157.3495041556,578.2771319026116
166600.0,4613629.074988709,266016.8420777287,4613607.19459291,239.64887082908612,1807.0870652655856,239.43838663748522,-6.606055541898913,-0.3809021285705483,-6.606024211825023,17470.347063123747,0.0,0.1982440594157468,1.9482726234074998,2244157.3495041556,578.2771319026116
166700.0,4613653.006845665,266197.54887932545,4613631.1054016035,238.98826980990594,1807.0489624769007,238.77778875278958,-6.605964871062095,-0.3811536452269239,-6.605933511445644,17470.347063123747,0.0,0.1982440594157468,1.9482726234074998,2244157.3495041556,578.2771319026116
166800.0,4613676.8726429725,266378.2518693857,4613654.950150962,238.32767784900244,1807.0108345365197,238.11719992932484,-6.60587437636305,-0.38140516249479567,-6.605842987204323,17470.347063123747,0.0,0.1982440594157468,1.9482726234074998,2244157.3495041556,578.2771319026116
166900.0,4613700.672381536,266558.95104539435,4613678.728841891,237.6670949287625,1806.9726814443804,237.45662014947789,-6.605784057788648,-0.38165668040023665,-6.605752639087917,17470.347063123747,0.0,0.1982440594157468,1.9482726234074998,2244157.3495041556,578.2771319026116
167000.0,4613724.406062259,266739.6464048362,4613702.441475293,237.00652103157432,1806.9345032004176,236.79604939563686,-6.605693915325784,-0.3819081989693286,-6.605662467083322,17470.347063123747,0.0,0.1982440594157468,1.9482726234074998,2244157.3495041556,578.2771319026116
167100.0,4613748.073686043,266920.3379451961,4613726.08805207,236.3459561398274,1806.8962998045636,236.13548765019127,-6.605603948961376,-0.3821597182281629,-6.605572471177452,17470.347063123747,0.0,0.1982440594157468,1.9482726234074998,2244157.3495041556,578.2771319026116
167200.0,4613771.675253787,267101.02566395875,4613749.6685731225,235.68540023591254,1806.8580712567482,235.47493489553185,-6.6055141586823805,-0.38241123820283984,-6.605482651357262,17470.347063123747,0.0,0.1982440594157468,1.9482726234074998,2244157.3495041556,578.2771319026116
167300.0,4613795.210766389,267281.709558609,4613773.183039349,235.02485330222186,1806.8198175568984,234.81439111405072,-6.605424544475772,-0.3826627589194688,-6.605393007609725,17470.347063123747,0.0,0.1982440594157468,1.9482726234074998,2244157.3495041556,578.2771319026116
167400.0,4613818.680224746,267462.3896266317,4613796.631451644,234.36431532114875,1806.7815387049388,234.15385628814124,-6.605335106328573,-0.3829142804041687,-6.605303539921854,17470.347063123747,0.0,0.1982440594157468,1.9482726234074998,2244157.3495041556,578.2771319026116
167500.0,4613842.083629751,267643.0658655116,4613820.013810904,233.70378627508794,1806.7432347007912,233.49333040019812,-6.605245844227817,-0.3831658026830664,-6.605214248280686,17470.347063123747,0.0,0.1982440594157468,1.9482726234074998,2244157.3495041556,578.2771319026116
167600.0,4613865.4209822975,267823.73827273346,4613843.330118021,233.0432661464354,1806.704905544375,232.83281343261731,-6.6051567581605735,-0.38341732578229776,-6.605125132673282,17470.347063123747,0.0,0.1982440594157468,1.9482726234074998,2244157.3495041556,578.2771319026116
167700.0,4613888.6922832765,268004.40684578207,4613866.580373887,232.38275491758847,1806.6665512356067,232.1723053677961,-6.6050678481139355,-0.3836688497280074,-6.605036193086739,17470.347063123747,0.0,0.1982440594157468,1.9482726234074998,2244157.3495041556,578.2771319026116
167800.0,4613911.897533577,268185.07158214215,4613889.764579391,231.7222525709457,1806.6281717744002,231.51180618813302,-6.604979114075039,-0.38392037454634875,-6.604947429508184,17470.347063123747,0.0,0.1982440594157468,1.9482726234074998,2244157.3495041556,578.2771319026116
167900.0,4613935.036734086,268365.7324792985,4613912.882735421,231.06175908890697,1806.5897671606674,230.85131587602794,-6.604890556031029,-0.3841719002634828,-6.60485884192476,17470.347063123747,0.0,0.1982440594157468,1.9482726234074998,2244157.3495041556,578.2771319026116
168000.0,4613958.10988569,268546.3895347358,4613935.934842862,230.4012744538734,1806.5513373943168,230.190834413882,-6.604802173969098,-0.38442342690558023,-6.604770430323658,17470.347063123747,0.0,0.1982440594157468,1.9482726234074998,2244157.3495041556,578.2771319026116
168100.0,4613981.116989272,268727.04274593893,4613958.920902599,229.7407986482475,1806.5128824752546,229.53036178409755,-6.604713967876456,-0.3846749544988189,-6.6046821946920815,17470.347063123747,0.0,0.1982440594157468,1.9482726234074998,2244157.3495041556,578.2771319026116
168200.0,4614004.058045713,268907.6921103925,4613981.840915513,229.0803316544329,1806.4744024033844,228.86989796907832,-6.60462593774035,-0.38492648306938576,-6.604594135017278,17470.347063123747,0.0,0.1982440594157468,1.9482726234074998,2244157.3495041556,578.2771319026116
168300.0,4614026.933055895,269088.3376255812,4614004.694882486,228.41987345483463,1806.435897178607,228.20944295122928,-6.6045380835480465,-0.38517801264347495,-6.60450625128651,17470.347063123747,0.0,0.1982440594157468,1.9482726234074998,2244157.3495041556,578.2771319026116
168400.0,4614049.742020696,269268.9792889898,4614027.482804396,227.7594240318589,1806.3973668008211,227.54899671295664,-6.6044504052868485,-0.38542954324728934,-6.6044185434870775,17470.347063123747,0.0,0.1982440594157468,1.9482726234074998,2244157.3495041556,578.2771319026116
168500.0,4614072.484940994,269449.6170981029,4614050.204682121,227.0989833679133,1806.3588112699224,226.8885592366679,-6.604362902944079,-0.3856810749070389,-6.604331011606297,17470.347063123747,0.0,0.1982440594157468,1.9482726234074998,2244157.3495041556,578.2771319026116
168600.0,4614095.1618176615,269630.2510504053,4614072.860516535,226.43855144540657,1806.3202305858038,226.22813050477185,-6.604275576507103,-0.3859326076489429,-6.604243655631538,17470.347063123747,0.0,0.1982440594157468,1.9482726234074998,2244157.3495041556,578.2771319026116
168700.0,4614117.772651574,269810.88114338164,4614095.450308513,225.77812824674876,1806.2816247483556,225.5677104996785,-6.6041884259633,-0.38618414149922664,-6.60415647555017,17470.347063123747,0.0,0.1982440594157468,1.9482726234074998,2244157.3495041556,578.2771319026116
168800.0,4614140.317443601,269991.5073745166,4614117.974058925,225.1177137543512,1806.242993757466,224.90729920379914,-6.604101451300092,-0.38643567648412486,-6.604069471349614,17470.347063123747,0.0,0.1982440594157468,1.9482726234074998,2244157.3495041556,578.2771319026116
168900.0,4614162.796194614,270172.1297412947,4614140.431768643,224.45730795062647,1806.20433761302,224.24689659954632,-6.604014652504915,-0.38668721262987815,-6.603982643017303,17470.347063123747,0.0,0.1982440594157468,1.9482726234074998,2244157.3495041556,578.2771319026116
169000.0,4614185.20890548,270352.74824120075,4614162.823438534,223.79691081798836,1806.1656563149004,223.58650266933384,-6.603928029565244,-0.3869387499627361,-6.6038959905407095,17470.347063123747,0.0,0.1982440594157468,1.9482726234074998,2244157.3495041556,578.2771319026116
169100.0,4614207.555577066,270533.36287171923,4614185.149069465,223.136522338852,1806.126949862987,222.92611739557674,-6.603841582468579,-0.38719028850895454,-6.60380951390733,17470.347063123747,0.0,0.1982440594157468,1.9482726234074998,2244157.3495041556,578.2771319026116
169200.0,4614229.836210236,270713.97363033483,4614207.408662301,222.47614249563364,1806.0882182571572,222.26574076069133,-6.603755311202448,-0.3874418282947975,-6.60372321310469,17470.347063123747,0.0,0.1982440594157468,1.9482726234074998,2244157.3495041556,578.2771319026116
169300.0,4614252.050805853,270894.58051453216,4614229.602217904,221.8157712707509,1806.0494614972858,221.60537274709517,-6.603669215754411,-0.3876933693465363,-6.603637088120346,17470.347063123747,0.0,0.1982440594157468,1.9482726234074998,2244157.3495041556,578.2771319026116
169400.0,4614274.199364777,271075.1835217958,4614251.7297371365,221.15540864662256,1806.0106795832448,220.94501333720706,-6.60358329611205,-0.3879449116904488,-6.603551138941877,17470.347063123747,0.0,0.1982440594157468,1.9482726234074998,2244157.3495041556,578.2771319026116
169500.0,4614296.2818878675,271255.7826496103,4614273.791220858,220.4950546056687,1805.9718725149037,220.28466251344702,-6.60349755226298,-0.38819645535282055,-6.603465365556894,17470.347063123747,0.0,0.1982440594157468,1.9482726234074998,2244157.3495041556,578.2771319026116
169600.0,4614318.298375983,271436.3778954603,4614295.786669925,219.8347091303106,1805.9330402921294,219.6243202582363,-6.603411984194849,-0.38844800035994437,-6.603379767953044,17470.347063123747,0.0,0.1982440594157468,1.9482726234074998,2244157.3495041556,578.2771319026116
169700.0,4614340.2488299785,271616.9692568303,4614317.716085195,219.1743722029708,1805.894182914786,218.96398655399744,-6.603326591895318,-0.3886995467381188,-6.6032943461179805,17470.347063123747,0.0,0.1982440594157468,1.9482726234074998,2244157.3495041556,578.2771319026116
169800.0,4614362.133250708,271797.5567312048,4614339.57946752,218.514043806073,1805.855300382735,218.30366138315415,-6.603241375352101,-0.38895109451365134,-6.603209100039418,17470.347063123747,0.0,0.1982440594157468,1.9482726234074998,2244157.3495041556,578.2771319026116
169900.0,4614383.951639024,271978.14031606837,4614361.3768177545,217.85372392204224,1805.8163926958357,217.6433447281314,-6.60315633455291,-0.38920264371285423,-6.603124029705066,17470.347063123747,0.0,0.1982440594157468,1.9482726234074998,2244157.3495041556,578.2771319026116
170000.0,4614405.703995775,272158.7200089055,4614383.108136749,217.1934125333047,1805.777459853944,216.9830365713554,-6.603071469485511,-0.38945419436204787,-6.603039135102685,17470.347063123747,0.0,0.1982440594157468,1.9482726234074998,2244157.3495041556,578.2771319026116
170100.0,4614427.390321813,272339.29580720066,4614404.773425352,216.5331096222878,1805.738501856914,216.32273689525354,-6.602986780137681,-0.38970574648755846,-6.602954416220052,17470.347063123747,0.0,0.1982440594157468,1.9482726234074998,2244157.3495041556,578.2771319026116
170200.0,4614449.010617982,272519.86770843837,4614426.37268441,215.87281517142023,1805.6995187045964,215.66244568225446,-6.602902266497237,-0.3899573001157197,-6.6028698730449795,17470.347063123747,0.0,0.1982440594157468,1.9482726234074998,2244157.3495041556,578.2771319026116
170300.0,4614470.564885128,272700.4357101031,4614447.9059147695,215.21252916313185,1805.6605103968398,215.00216291478802,-6.602817928552022,-0.3902088552728713,-6.602785505565304,17470.347063123747,0.0,0.1982440594157468,1.9482726234074998,2244157.3495041556,578.2771319026116
170400.0,4614492.053124095,272880.9998096792,4614469.373117274,214.55225157985373,1805.62147693349,214.34188857528528,-6.602733766289899,-0.39046041198535947,-6.60270131376889,17470.347063123747,0.0,0.1982440594157468,1.9482726234074998,2244157.3495041556,578.2771319026116
170500.0,4614513.475335725,273061.56000465126,4614490.774292765,213.89198240401817,1805.58241831439,213.68162264617854,-6.6026497796987655,-0.3907119702795369,-6.60261729764363,17470.347063123747,0.0,0.1982440594157468,1.9482726234074998,2244157.3495041556,578.2771319026116
170600.0,4614534.831520856,273242.1162925036,4614512.109442083,213.23172161805869,1805.5433345393803,213.02136510990127,-6.602565968766548,-0.3909635301817625,-6.602533457177447,17470.347063123747,0.0,0.1982440594157468,1.9482726234074998,2244157.3495041556,578.2771319026116
170700.0,4614556.121680328,273422.6686707206,4614533.378566067,212.57146920440996,1805.504225608299,212.36111594888817,-6.602482333481201,-0.39121509171840196,-6.602449792358295,17470.347063123747,0.0,0.1982440594157468,1.9482726234074998,2244157.3495041556,578.2771319026116
170800.0,4614577.345814976,273603.21713678667,4614554.581665552,211.91122514550796,1805.4650915209813,211.7008751455751,-6.602398873830701,-0.3914666549158264,-6.602366303174143,17470.347063123747,0.0,0.1982440594157468,1.9482726234074998,2244157.3495041556,578.2771319026116
170900.0,4614598.503925635,273783.7616881862,4614575.718741374,211.25098942378975,1805.4259322772598,211.04064268239924,-6.602315589803065,-0.3917182198004141,-6.602282989613008,17470.347063123747,0.0,0.1982440594157468,1.9482726234074998,2244157.3495041556,578.2771319026116
171000.0,4614619.596013137,273964.3023224035,4614596.789794366,210.59076202169365,1805.3867478769641,210.3804185417988,-6.60223248138632,-0.3919697863985483,-6.602199851662914,17470.347063123747,0.0,0.1982440594157468,1.9482726234074998,2244157.3495041556,578.2771319026116
171100.0,4614640.622078315,274144.839036923,4614617.794825359,209.93054292165917,1805.347538319922,209.72020270621334,-6.602149548568539,-0.3922213547366192,-6.602116889311931,17470.347063123747,0.0,0.1982440594157468,1.9482726234074998,2244157.3495041556,578.2771319026116
171200.0,4614661.582121998,274325.37182922894,4614638.733835183,209.27033210612703,1805.308303605958,209.05999515808352,-6.602066791337815,-0.3924729248410224,-6.602034102548143,17470.347063123747,0.0,0.1982440594157468,1.9482726234074998,2244157.3495041556,578.2771319026116
171300.0,4614682.476145012,274505.9006968056,4614659.606824666,208.6101295575391,1805.269043734894,208.3997958798512,-6.6019842096822625,-0.3927244967381596,-6.601951491359673,17470.347063123747,0.0,0.1982440594157468,1.9482726234074998,2244157.3495041556,578.2771319026116
171400.0,4614703.304148184,274686.4256371373,4614680.413794634,207.94993525833846,1805.2297587065495,207.73960485395946,-6.601901803590036,-0.3929760704544382,-6.60186905573466,17470.347063123747,0.0,0.1982440594157468,1.9482726234074998,2244157.3495041556,578.2771319026116
171500.0,4614724.066132338,274866.9466477083,4614701.154745911,207.28974919096936,1805.1904485207415,207.07942206285256,-6.6018195730493066,-0.3932276460162716,-6.6017867956612815,17470.347063123747,0.0,0.1982440594157468,1.9482726234074998,2244157.3495041556,578.2771319026116
171600.0,4614744.762098296,275047.46372600284,4614721.829679321,206.62957133787725,1805.1511131772838,206.41924748897588,-6.601737518048282,-0.39347922345007863,-6.601704711127737,17470.347063123747,0.0,0.1982440594157468,1.9482726234074998,2244157.3495041556,578.2771319026116
171700.0,4614765.392046878,275227.97686950513,4614742.438595682,205.96940168150877,1805.111752675988,205.75908111477608,-6.601655638575193,-0.39373080278228406,-6.6016228021222565,17470.347063123747,0.0,0.1982440594157468,1.9482726234074998,2244157.3495041556,578.2771319026116
171800.0,4614785.955978904,275408.4860756994,4614762.981495816,205.3092402043117,1805.072367016663,205.0989229227009,-6.601573934618304,-0.39398238403931835,-6.601541068633098,17470.347063123747,0.0,0.1982440594157468,1.9482726234074998,2244157.3495041556,578.2771319026116
171900.0,4614806.453895191,275588.9913420698,4614783.458380539,204.64908688873498,1805.032956199115,204.4387728951993,-6.6014924061659,-0.394233967247617,-6.601459510648547,17470.347063123747,0.0,0.1982440594157468,1.9482726234074998,2244157.3495041556,578.2771319026116
172000.0,4614826.885796553,275769.49266610056,4614803.869250666,203.98894171722876,1804.9935202231475,203.7786310147214,-6.601411053206295,-0.39448555243362154,-6.601378128156914,17470.347063123747,0.0,0.1982440594157468,1.9482726234074998,2244157.3495041556,578.2771319026116
172100.0,4614847.251683805,275949.9900452758,4614824.214107012,203.32880467224433,1804.9540590885615,203.11849726371852,-6.601329875727835,-0.3947371396237785,-6.601296921146539,17470.347063123747,0.0,0.1982440594157468,1.9482726234074998,2244157.3495041556,578.2771319026116
172200.0,4614867.551557758,276130.4834770796,4614844.492950389,202.6686757362342,1804.9145727951552,202.4583716246431,-6.601248873718888,-0.39498872884454,-6.6012158896057915,17470.347063123747,0.0,0.1982440594157468,1.9482726234074998,2244157.3495041556,578.2771319026116
172300.0,4614887.785419222,276310.97295899614,4614864.705781607,202.00855489165198,1804.8750613427242,201.79825407994875,-6.60116804716786,-0.3952403201223637,-6.60113503352307,17470.347063123747,0.0,0.1982440594157468,1.9482726234074998,2244157.3495041556,578.2771319026116
172400.0,4614907.953269006,276491.45848850947,4614884.852601474,201.34844212095243,1804.8355247310612,201.13814461209026,-6.601087396063166,-0.3954919134837117,-6.601054352886788,17470.347063123747,0.0,0.1982440594157468,1.9482726234074998,2244157.3495041556,578.2771319026116
172500.0,4614928.055107915,276671.9400631037,4614904.933410798,200.6883374065915,1804.795962959957,200.47804320352355,-6.601006920393267,-0.3957435089550524,-6.600973847685404,17470.347063123747,0.0,0.1982440594157468,1.9482726234074998,2244157.3495041556,578.2771319026116
172600.0,4614948.090936755,276852.4176802628,4614924.948210383,200.02824073102633,1804.7563760291991,199.81794983670574,-6.600926620146647,-0.3959951065628588,-6.600893517907398,17470.347063123747,0.0,0.1982440594157468,1.9482726234074998,2244157.3495041556,578.2771319026116
172700.0,4614968.0607563285,277032.89133747085,4614944.897001033,199.36815207671512,1804.7167639385725,199.157864494095,-6.600846495311805,-0.3962467063336085,-6.600813363541268,17470.347063123747,0.0,0.1982440594157468,1.9482726234074998,2244157.3495041556,578.2771319026116
172800.0,4614987.964567437,277213.36103221186,4614964.779783549,198.7080714261173,1804.6771266878595,198.4977871581508,-6.600766545877289,-0.3964983082937854,-6.600733384575556,17470.347063123747,0.0,0.1982440594157468,1.9482726234074998,2244157.3495041556,578.2771319026116
172900.0,4615007.80237088,277393.8267619698,4614984.596558731,198.04799876169338,1804.6374642768399,197.83771781133362,-6.600686771831658,-0.39674991246987723,-6.600653580998819,17470.347063123747,0.0,0.1982440594157468,1.9482726234074998,2244157.3495041556,578.2771319026116
173000.0,4615027.574167455,277574.28852422856,4615004.347327377,197.38793406590506,1804.5977767052907,197.17765643610514,-6.600607173163504,-0.39700151888837726,-6.600573952799647,17470.347063123747,0.0,0.1982440594157468,1.9482726234074998,2244157.3495041556,578.2771319026116
173100.0,4615047.279957958,277754.7463164721,4615024.032090283,196.72787732121515,1804.5580639729865,196.51760301492817,-6.600527749861449,-0.3972531275757835,-6.600494499966656,17470.347063123747,0.0,0.1982440594157468,1.9482726234074998,2244157.3495041556,578.2771319026116
173200.0,4615066.919743183,277935.20013618446,4615043.650848244,196.06782851008762,1804.518326079699,195.85755753026666,-6.600448501914134,-0.3975047385585989,-6.600415222488489,17470.347063123747,0.0,0.1982440594157468,1.9482726234074998,2244157.3495041556,578.2771319026116
173300.0,4615086.493523924,278115.64998084935,4615063.203602053,195.40778761498754,1804.4785630251972,195.1975199645857,-6.60036942931024,-0.39775635186333086,-6.600336120353816,17470.347063123747,0.0,0.1982440594157468,1.9482726234074998,2244157.3495041556,578.2771319026116
173400.0,4615106.001300969,278296.0958479508,4615082.6903525,194.74775461838115,1804.438774809248,194.5374903003515,-6.600290532038462,-0.39800796751649214,-6.600257193551338,17470.347063123747,0.0,0.1982440594157468,1.9482726234074998,2244157.3495041556,578.2771319026116
173500.0,4615125.443075109,278476.5377349725,4615102.111100376,194.0877295027358,1804.3989614316147,193.87746852003139,-6.600211810087537,-0.3982595855445999,-6.600178442069782,17470.347063123747,0.0,0.1982440594157468,1.9482726234074998,2244157.3495041556,578.2771319026116
173600.0,4615144.818847132,278656.9756393983,4615121.465846467,193.42771225052,1804.3591228920588,193.21745460609387,-6.600133263446213,-0.3985112059741755,-6.600099865897894,17470.347063123747,0.0,0.1982440594157468,1.9482726234074998,2244157.3495041556,578.2771319026116
173700.0,4615164.128617821,278837.40955871216,4615140.754591559,192.76770284420328,1804.319259190339,192.5574485410085,-6.60005489210328,-0.39876282883174574,-6.600021465024464,17470.347063123747,0.0,0.1982440594157468,1.9482726234074998,2244157.3495041556,578.2771319026116
173800.0,4615183.3723879615,279017.83949039766,4615159.9773364365,192.1077012662564,1804.2793703262107,191.89745030724606,-6.599976696047546,-0.3990144541438414,-6.5999432394382955,17470.347063123747,0.0,0.1982440594157468,1.9482726234074998,2244157.3495041556,578.2771319026116
173900.0,4615202.550158335,279198.26543193863,4615179.1340818815,191.44770749915122,1804.2394562994275,191.23745988727833,-6.599898675267853,-0.3992660819369981,-6.599865189128226,17470.347063123747,0.0,0.1982440594157468,1.9482726234074998,2244157.3495041556,578.2771319026116
174000.0,4615221.661929721,279378.68738081877,4615198.224828674,190.78772152536067,1804.1995171097399,190.57747726357826,-6.599820829753059,-0.3995177122377554,-6.599787314083113,17470.347063123747,0.0,0.1982440594157468,1.9482726234074998,2244157.3495041556,578.2771319026116
174100.0,4615240.707702899,279559.1053345218,4615217.249577594,190.12774332735881,1804.1595527568957,189.9175024186199,-6.599743159492066,-0.39976934507265804,-6.599709614291851,17470.347063123747,0.0,0.1982440594157468,1.9482726234074998,2244157.3495041556,578.2771319026116
174200.0,4615259.687478646,279739.51929053135,4615236.208329417,189.46777288762084,1804.11956324064,189.25753533487844,-6.599665664473791,-0.40002098046825496,-6.599632089743358,17470.347063123747,0.0,0.1982440594157468,1.9482726234074998,2244157.3495041556,578.2771319026116
174300.0,4615278.601257735,279919.9292463311,4615255.101084919,188.807810188623,1804.0795485607157,188.59757599483015,-6.599588344687184,-0.400272618451099,-6.599554740426579,17470.347063123747,0.0,0.1982440594157468,1.9482726234074998,2244157.3495041556,578.2771319026116
174400.0,4615297.449040941,280100.3351994047,4615273.927844874,188.1478552128427,1804.0395087168627,187.93762438095243,-6.599511200121215,-0.4005242590477473,-6.5994775663304805,17470.347063123747,0.0,0.1982440594157468,1.9482726234074998,2244157.3495041556,578.2771319026116
174500.0,4615316.230829035,280280.73714723566,4615292.688610053,187.48790794275843,1803.999443708818,187.27768047572374,-6.599434230764886,-0.4007759022847618,-6.5994005674440634,17470.347063123747,0.0,0.1982440594157468,1.9482726234074998,2244157.3495041556,578.2771319026116
174600.0,4615334.946622786,280461.1350873076,4615311.383381225,186.82796836084975,1803.9593535363167,186.61774426162367,-6.599357436607239,-0.4010275481887087,-6.599323743756363,17470.347063123747,0.0,0.1982440594157468,1.9482726234074998,2244157.3495041556,578.2771319026116
174700.0,4615353.596422963,280641.52901710407,4615330.01215916,186.16803644959737,1803.9192381990906,185.95781572113287,-6.599280817637311,-0.4012791967861573,-6.59924709525642,17470.347063123747,0.0,0.1982440594157468,1.9482726234074998,2244157.3495041556,578.2771319026116
174800.0,4615372.180230332,280821.9189341086,4615348.574944625,185.50811219148306,1803.879097696869,185.29789483673315,-6.5992043738442,-0.4015308481036823,-6.599170621933322,17470.347063123747,0.0,0.1982440594157468,1.9482726234074998,2244157.3495041556,578.2771319026116
174900.0,4615390.698045656,281002.3048358046,4615367.071738383,184.84819556898967,1803.8389320293784,184.63798159090734,-6.5991281052170105,-0.4017825021678617,-6.599094323776173,17470.347063123747,0.0,0.1982440594157468,1.9482726234074998,2244157.3495041556,578.2771319026116
175000.0,4615409.149869699,281182.6867196756,4615385.502541197,184.18828656460116,1803.798741196343,183.97807596613941,-6.599052011744879,-0.4020341590052778,-6.5990182007741085,17470.347063123747,0.0,0.1982440594157468,1.9482726234074998,2244157.3495041556,578.2771319026116
175100.0,4615427.535703222,281363.06458320504,4615403.86735383,183.52838516080254,1803.758525197484,183.3181779449144,-6.598976093416979,-0.4022858186425173,-6.598942252916295,17470.347063123747,0.0,0.1982440594157468,1.9482726234074998,2244157.3495041556,578.2771319026116
175200.0,4615445.855546984,281543.43842387624,4615422.166177039,182.86849134007997,1803.7182840325202,182.65828750971838,-6.5989003502224985,-0.40253748110617016,-6.598866480191919,17470.347063123747,0.0,0.1982440594157468,1.9482726234074998,2244157.3495041556,578.2771319026116
175300.0,4615464.109401742,281723.8082391726,4615440.399011584,182.20860508492063,1803.6780177011676,181.99840464303858,-6.59882478215065,-0.40278914642283004,-6.598790882590191,17470.347063123747,0.0,0.1982440594157468,1.9482726234074998,2244157.3495041556,578.2771319026116
175400.0,4615482.297268252,281904.17402657756,4615458.56585822,181.54872637781278,1803.6377262031397,181.3385293273633,-6.598749389190687,-0.403040814619096,-6.598715460100362,17470.347063123747,0.0,0.1982440594157468,1.9482726234074998,2244157.3495041556,578.2771319026116
175500.0,4615500.419147268,282084.53578357433,4615476.666717701,180.88885520124578,1803.5974095381468,180.67866154518182,-6.598674171331883,-0.4032924857215696,-6.598640212711699,17470.347063123747,0.0,0.1982440594157468,1.9482726234074998,2244157.3495041556,578.2771319026116
175600.0,4615518.475039543,282264.8935076463,4615494.701590779,180.22899153771004,1803.5570677058975,180.0188012789846,-6.598599128563536,-0.4035441597568565,-6.598565140413498,17470.347063123747,0.0,0.1982440594157468,1.9482726234074998,2244157.3495041556,578.2771319026116
175700.0,4615536.464945826,282445.2471962766,4615512.670478206,179.56913536969708,1803.5167007060968,179.35894851126312,-6.598524260874972,-0.40379583675156633,-6.5984902431950845,17470.347063123747,0.0,0.1982440594157468,1.9482726234074998,2244157.3495041556,578.2771319026116
175800.0,4615554.388866866,282625.59684694855,4615530.573380731,178.90928667969942,1803.4763085384477,178.69910322450994,-6.598449568255544,-0.40404751673231215,-6.5984155210458075,17470.347063123747,0.0,0.1982440594157468,1.9482726234074998,2244157.3495041556,578.2771319026116
175900.0,4615572.24680341,282805.9424571454,4615548.4102991,178.2494454502107,1803.43589120265,178.03926540121867,-6.598375050694643,-0.40429919972571177,-6.598340973955051,17470.347063123747,0.0,0.1982440594157468,1.9482726234074998,2244157.3495041556,578.2771319026116
176000.0,4615590.038756204,282986.28402435017,4615566.181234059,177.58961166372555,1803.3954486984012,177.37943502388399,-6.598300708181667,-0.4045508857583851,-6.598266601912215,17470.347063123747,0.0,0.1982440594157468,1.9482726234074998,2244157.3495041556,578.2771319026116
176100.0,4615607.764725991,283166.6215460461,4615583.886186352,176.92978530273976,1803.354981025396,176.71961207500163,-6.598226540706055,-0.4048025748569567,-6.598192404906732,17470.347063123747,0.0,0.1982440594157468,1.9482726234074998,2244157.3495041556,578.2771319026116
176200.0,4615625.424713512,283346.9550197163,4615601.525156721,176.2699663497501,1803.3144881833266,176.05979653706842,-6.598152548257267,-0.4050542670480543,-6.598118382928059,17470.347063123747,0.0,0.1982440594157468,1.9482726234074998,2244157.3495041556,578.2771319026116
176300.0,4615643.018719507,283527.2844428438,4615619.098145906,175.6101547872544,1803.2739701718824,175.39998839258217,-6.598078730824795,-0.4053059623583097,-6.598044535965688,17470.347063123747,0.0,0.1982440594157468,1.9482726234074998,2244157.3495041556,578.2771319026116
176400.0,4615660.546744715,283707.6098129117,4615636.605154646,174.9503505977516,1803.23342699075,174.74018762404177,-6.598005088398154,-0.40555766081435785,-6.597970864009129,17470.347063123747,0.0,0.1982440594157468,1.9482726234074998,2244157.3495041556,578.2771319026116
176500.0,4615678.008789872,283887.931127403,4615654.046183676,174.2905537637416,1803.1928586396139,174.08039421394716,-6.597931620966888,-0.40580936244283744,-6.597897367047923,17470.347063123747,0.0,0.1982440594157468,1.9482726234074998,2244157.3495041556,578.2771319026116
176600.0,4615695.404855712,284068.2483838006,4615671.421233733,173.6307642677254,1803.152265118155,173.42060814479933,-6.597858328520561,-0.4060610672703898,-6.5978240450716275,17470.347063123747,0.0,0.1982440594157468,1.9482726234074998,2244157.3495041556,578.2771319026116
176700.0,4615712.734942969,284248.5615795876,4615688.73030555,172.97098209220502,1803.1116464260522,172.76082939910034,-6.597785211048777,-0.40631277532366117,-6.597750898069849,17470.347063123747,0.0,0.1982440594157468,1.9482726234074998,2244157.3495041556,578.2771319026116
176800.0,4615729.999052374,284428.8707122468,4615705.973399857,172.31120721968352,1803.0710025629817,172.10105795935323,-6.597712268541155,-0.4065644866293001,-6.597677926032201,17470.347063123747,0.0,0.1982440594157468,1.9482726234074998,2244157.3495041556,578.2771319026116
176900.0,4615747.197184656,284609.17577926116,4615723.1505173845,171.65143963266502,1803.030333528617,171.4412938080621,-6.597639500987344,-0.4068162012139587,-6.597605128948327,17470.347063123747,0.0,0.1982440594157468,1.9482726234074998,2244157.3495041556,578.2771319026116
177000.0,4615764.329340543,284789.4767781135,4615740.26165886,170.99167931365463,1802.9896393226286,170.78153692773213,-6.597566908377026,-0.4070679191042927,-6.597532506807909,17470.347063123747,0.0,0.1982440594157468,1.9482726234074998,2244157.3495041556,578.2771319026116
177100.0,4615781.395520761,284969.7737062866,4615757.306825011,170.3319262451585,1802.9489199446848,170.12178730086944,-6.597494490699902,-0.40731964032696083,-6.5974600596006425,17470.347063123747,0.0,0.1982440594157468,1.9482726234074998,2244157.3495041556,578.2771319026116
177200.0,4615798.3957260335,285150.06656126335,4615774.286016561,169.67218040968388,1802.908175394451,169.46204490998124,-6.597422247945702,-0.40757136490862533,-6.597387787316257,17470.347063123747,0.0,0.1982440594157468,1.9482726234074998,2244157.3495041556,578.2771319026116
177300.0,4615815.329957084,285330.35534052644,4615791.199234233,169.01244178973894,1802.8674056715902,168.80230973757577,-6.597350180104179,-0.40782309287595137,-6.597315689944501,17470.347063123747,0.0,0.1982440594157468,1.9482726234074998,2244157.3495041556,578.2771319026116
177400.0,4615832.1982146315,285510.6400415586,4615808.046478748,168.35271036783297,1802.8266107757622,168.14258176616227,-6.597278287165126,-0.408074824255608,-6.597243767475162,17470.347063123747,0.0,0.1982440594157468,1.9482726234074998,2244157.3495041556,578.2771319026116
177500.0,4615849.000499397,285690.9206618425,4615824.827750825,167.6929861264762,1802.7857907066245,167.482860978251,-6.597206569118346,-0.40832655907426657,-6.5971720198980455,17470.347063123747,0.0,0.1982440594157468,1.9482726234074998,2244157.3495041556,578.2771319026116
177600.0,4615865.736812096,285871.1971988608,4615841.543051182,167.0332690481799,1802.744945463832,166.82314735635327,-6.597135025953676,-0.4085782973586021,-6.5971004472029815,17470.347063123747,0.0,0.1982440594157468,1.9482726234074998,2244157.3495041556,578.2771319026116
177700.0,4615882.407153444,286051.46965009614,4615858.1923805345,166.3735591154564,1802.7040750470364,166.16344088298135,-6.597063657660988,-0.40883003913529314,-6.597029049379839,17470.347063123747,0.0,0.1982440594157468,1.9482726234074998,2244157.3495041556,578.2771319026116
177800.0,4615899.011524157,286231.7380130311,4615874.775739596,165.71385631081898,1802.6631794558875,165.50374154064858,-6.5969924642301665,-0.4090817844310205,-6.5969578264185,17470.347063123747,0.0,0.1982440594157468,1.9482726234074998,2244157.3495041556,578.2771319026116
177900.0,4615915.549924944,286412.0022851482,4615891.29312908,165.05416061678199,1802.622258690032,164.84404931186927,-6.596921445651133,-0.4093335332724687,-6.596886778308883,17470.347063123747,0.0,0.1982440594157468,1.9482726234074998,2244157.3495041556,578.2771319026116
178000.0,4615932.022356516,286592.26246392995,4615907.744549695,164.3944720158607,1802.5813127491137,164.18436417915876,-6.596850601913824,-0.40958528568632485,-6.596815905040923,17470.347063123747,0.0,0.1982440594157468,1.9482726234074998,2244157.3495041556,578.2771319026116
178100.0,4615948.428819582,286772.51854685886,4615924.130002151,163.7347904905715,1802.5403416327745,163.52468612503338,-6.596779933008218,-0.40983704169927926,-6.5967452066045915,17470.347063123747,0.0,0.1982440594157468,1.9482726234074998,2244157.3495041556,578.2771319026116
178200.0,4615964.769314849,286952.77053141734,4615940.449487155,163.0751160234317,1802.499345340653,162.86501513201046,-6.596709438924309,-0.41008880133802555,-6.596674682989883,17470.347063123747,0.0,0.1982440594157468,1.9482726234074998,2244157.3495041556,578.2771319026116
178300.0,4615981.043843022,287133.0184150878,4615956.703005413,162.41544859695958,1802.458323872385,162.20535118260835,-6.596639119652117,-0.4103405646292594,-6.596604334186812,17470.347063123747,0.0,0.1982440594157468,1.9482726234074998,2244157.3495041556,578.2771319026116
178400.0,4615997.2524048025,287313.2621953526,4615972.890557626,161.75578819367453,1802.4172772276045,161.5456942593464,-6.596568975181701,-0.41059233159968084,-6.596534160185433,17470.347063123747,0.0,0.1982440594157468,1.9482726234074998,2244157.3495041556,578.2771319026116
178500.0,4616013.395000894,287493.50186969404,4615989.0121444985,161.09613479609686,1802.3762054059416,160.88604434474487,-6.596499005503133,-0.4108441022759917,-6.5964641609758194,17470.347063123747,0.0,0.1982440594157468,1.9482726234074998,2244157.3495041556,578.2771319026116
178600.0,4616029.4716319945,287673.7374355945,4616005.067766729,160.43648838674787,1802.3351084070248,160.22640142132516,-6.59642921060652,-0.41109587668489717,-6.596394336548072,17470.347063123747,0.0,0.1982440594157468,1.9482726234074998,2244157.3495041556,578.2771319026116
178700.0,4616045.4822988035,287853.96889053617,4616021.057425016,159.77684894814985,1802.2939862304793,159.56676547160953,-6.596359590481986,-0.41134765485310476,-6.596324686892312,17470.347063123747,0.0,0.1982440594157468,1.9482726234074998,2244157.3495041556,578.2771319026116
178800.0,4616061.427002016,288034.1962320013,4616036.981120056,159.11721646282606,1802.2528388759279,158.9071364781213,-6.596290145119696,-0.41159943680732586,-6.596255211998702,17470.347063123747,0.0,0.1982440594157468,1.9482726234074998,2244157.3495041556,578.2771319026116
178900.0,4616077.305742327,288214.41945747205,4616052.838852542,158.4575909133008,1802.2116663429906,158.2475144233847,-6.596220874509824,-0.41185122257427337,-6.596185911857413,17470.347063123747,0.0,0.1982440594157468,1.9482726234074998,2244157.3495041556,578.2771319026116
179000.0,4616093.118520429,288394.6385644306,4616068.63062317,157.79797228209932,1802.170468631285,157.58789928992505,-6.596151778642589,-0.41210301218066425,-6.596116786458659,17470.347063123747,0.0,0.1982440594157468,1.9482726234074998,2244157.3495041556,578.2771319026116
179100.0,4616108.865337013,288574.853550359,4616084.356432631,157.13836055174784,1802.1292457404256,156.92829106026855,-6.596082857508221,-0.4123548056532173,-6.596047835792668,17470.347063123747,0.0,0.1982440594157468,1.9482726234074998,2244157.3495041556,578.2771319026116
179200.0,4616124.546192769,288755.06441273936,4616100.016281612,156.47875570477356,1802.0879976700246,156.26868971694242,-6.596014111096986,-0.41260660301865437,-6.595979059849704,17470.347063123747,0.0,0.1982440594157468,1.9482726234074998,2244157.3495041556,578.2771319026116
179300.0,4616140.161088383,288935.2711490537,4616115.610170803,155.81915772370465,1802.0467244196914,155.60909524247484,-6.595945539399171,-0.4128584043037002,-6.595910458620052,17470.347063123747,0.0,0.1982440594157468,1.9482726234074998,2244157.3495041556,578.2771319026116
179400.0,4616155.710024541,289115.473756784,4616131.1381008895,155.15956659107027,1802.0054259890323,154.94950761939495,-6.5958771424050955,-0.41311020953508204,-6.595842032094023,17470.347063123747,0.0,0.1982440594157468,1.9482726234074998,2244157.3495041556,578.2771319026116
179500.0,4616171.193001929,289295.67223341216,4616146.600072555,154.49998228940052,1801.964102377652,154.2899268302329,-6.595808920105095,-0.4133620187395296,-6.595773780261953,17470.347063123747,0.0,0.1982440594157468,1.9482726234074998,2244157.3495041556,578.2771319026116
179600.0,4616186.610021226,289475.86657642014,4616161.996086483,153.84040480122644,1801.9227535851512,153.63035285751977,-6.595740872489547,-0.4136138319437759,-6.595705703114218,17470.347063123747,0.0,0.1982440594157468,1.9482726234074998,2244157.3495041556,578.2771319026116
179700.0,4616201.961083115,289656.0567832898,4616177.326143353,153.1808341090801,1801.881379611129,152.97078568378757,-6.595672999548842,-0.4138656491745558,-6.5956378006411995,17470.347063123747,0.0,0.1982440594157468,1.9482726234074998,2244157.3495041556,578.2771319026116
179800.0,4616217.246188274,289836.242851503,4616192.590243845,152.5212701954945,1801.8399804551811,152.31122529156934,-6.595605301273401,-0.4141174704586076,-6.595570072833322,17470.347063123747,0.0,0.1982440594157468,1.9482726234074998,2244157.3495041556,578.2771319026116
179900.0,4616232.465337379,290016.4247785415,4616207.788388637,151.8617130430036,1801.7985561169012,151.65167166339904,-6.595537777653672,-0.4143692958226712,-6.595502519681028,17470.347063123747,0.0,0.1982440594157468,1.9482726234074998,2244157.3495041556,578.2771319026116
180000.0,4616247.618531107,290196.602561887,4616222.920578403,151.20216263414224,1801.7571065958798,150.99212478181158,-6.595470428680131,-0.4146211252934897,-6.595435141174787,17470.347063123747,0.0,0.1982440594157468,1.9482726234074998,2244157.3495041556,578.2771319026116
180100.0,4616262.70577013,290376.77619902126,4616237.986813818,150.54261895144634,1801.7156318917048,150.33258462934285,-6.595403254343278,-0.4148729588978089,-6.5953679373051,17470.347063123747,0.0,0.1982440594157468,1.9482726234074998,2244157.3495041556,578.2771319026116
180200.0,4616277.727055121,290556.9456874259,4616252.987095553,149.8830819774527,1801.6741320039616,149.67305118852966,-6.595336254633637,-0.4151247966623765,-6.595300908062488,17470.347063123747,0.0,0.1982440594157468,1.9482726234074998,2244157.3495041556,578.2771319026116
180300.0,4616292.682386749,290737.1110245826,4616267.921424279,149.22355169469904,1801.6326069322329,149.01352444190977,-6.595269429541772,-0.4153766386139436,-6.595234053437507,17470.347063123747,0.0,0.1982440594157468,1.9482726234074998,2244157.3495041556,578.2771319026116
180400.0,4616307.571765683,290917.2722079729,4616282.789800664,148.56402808572406,1801.5910566760983,148.35400437202188,-6.595202779058248,-0.4156284847792626,-6.595167373420726,17470.347063123747,0.0,0.1982440594157468,1.9482726234074998,2244157.3495041556,578.2771319026116
180500.0,4616322.395192588,291097.42923507834,4616297.592225376,147.90451113306742,1801.5494812351355,147.69449096140565,-6.595136303173682,-0.4158803351850894,-6.595100868002753,17470.347063123747,0.0,0.1982440594157468,1.9482726234074998,2244157.3495041556,578.2771319026116
180600.0,4616337.15266813,291277.5821033804,4616312.328699078,147.24500081926968,1801.507880608919,147.03498419260168,-6.5950700018787005,-0.41613218985818173,-6.595034537174217,17470.347063123747,0.0,0.1982440594157468,1.9482726234074998,2244157.3495041556,578.2771319026116
180700.0,4616351.8441929715,291457.7308103606,4616326.999222435,146.58549712687233,1801.4662547970208,146.3754840481515,-6.595003875163972,-0.4163840488253002,-6.594968380925776,17470.347063123747,0.0,0.1982440594157468,1.9482726234074998,2244157.3495041556,578.2771319026116
180800.0,4616366.469767774,291637.87535350025,4616341.603796108,145.92600003841784,1801.4246037990101,145.71599051059752,-6.594937923020171,-0.4166359121132074,-6.594902399248108,17470.347063123747,0.0,0.1982440594157468,1.9482726234074998,2244157.3495041556,578.2771319026116
180900.0,4616381.029393198,291818.01573028084,4616356.142420757,145.26650953644958,1801.3829276144534,145.05650356248316,-6.59487214543801,-0.4168877797486682,-6.594836592131917,17470.347063123747,0.0,0.1982440594157468,1.9482726234074998,2244157.3495041556,578.2771319026116
181000.0,4616395.5230699,291998.1519381836,4616370.615097039,144.60702560351183,1801.3412262429147,144.39702318635273,-6.594806542408227,-0.41713965175845025,-6.594770959567943,17470.347063123747,0.0,0.1982440594157468,1.9482726234074998,2244157.3495041556,578.2771319026116
181100.0,4616409.950798538,292178.28397468984,4616385.0218256125,143.94754822214983,1801.299499683955,143.73754936475146,-6.5947411139215895,-0.4173915281693236,-6.594705501546945,17470.347063123747,0.0,0.1982440594157468,1.9482726234074998,2244157.3495041556,578.2771319026116
181200.0,4616424.312579763,292358.4118372808,4616399.362607131,143.28807737490973,1801.2577479371332,143.07808208022553,-6.5946758599688895,-0.4176434090080604,-6.594640218059716,17470.347063123747,0.0,0.1982440594157468,1.9482726234074998,2244157.3495041556,578.2771319026116
181300.0,4616438.60841423,292538.53552343766,4616413.637442246,142.62861304433858,1801.215971002005,142.418621315322,-6.59461078054094,-0.417895294301435,-6.594575109097063,17470.347063123747,0.0,0.1982440594157468,1.9482726234074998,2244157.3495041556,578.2771319026116
181400.0,4616452.838302589,292718.6550306416,4616427.84633161,141.96915521298436,1801.1741688781237,141.75916705258894,-6.594545875628584,-0.41814718407622437,-6.5945101746498285,17470.347063123747,0.0,0.1982440594157468,1.9482726234074998,2244157.3495041556,578.2771319026116
181500.0,4616467.002245489,292898.7703563737,4616441.989275873,141.30970386339598,1801.1323415650397,141.0997192745752,-6.59448114522269,-0.4183990783592074,-6.594445414708878,17470.347063123747,0.0,0.1982440594157468,1.9482726234074998,2244157.3495041556,578.2771319026116
181600.0,4616481.100243577,293078.88149811496,4616456.06627568,140.65025897812325,1801.0904890623008,140.4402779638306,-6.594416589314155,-0.41865097717716543,-6.594380829265102,17470.347063123747,0.0,0.1982440594157468,1.9482726234074998,2244157.3495041556,578.2771319026116
181700.0,4616495.132297499,293258.9884533465,4616470.07733168,139.99082053971688,1801.0486113694521,139.7808431029059,-6.594352207893899,-0.4189028805568822,-6.594316418309423,17470.347063123747,0.0,0.1982440594157468,1.9482726234074998,2244157.3495041556,578.2771319026116
181800.0,4616509.098407899,293439.0912195492,4616484.0224445155,139.3313885307285,1801.0067084860364,139.12141467435274,-6.59428800095287,-0.4191547885251431,-6.594252181832778,17470.347063123747,0.0,0.1982440594157468,1.9482726234074998,2244157.3495041556,578.2771319026116
181900.0,4616522.998575419,293619.18979420396,4616497.901614829,138.67196293371063,1800.9647804115932,138.46199266072367,-6.594223968482041,-0.4194067011087363,-6.594188119826144,17470.347063123747,0.0,0.1982440594157468,1.9482726234074998,2244157.3495041556,578.2771319026116
182000.0,4616536.832800699,293799.28417479177,4616511.714843261,138.0125437312167,1800.9228271456598,137.80257704457213,-6.594160110472414,-0.4196586183344521,-6.594124232280514,17470.347063123747,0.0,0.1982440594157468,1.9482726234074998,2244157.3495041556,578.2771319026116
182100.0,4616550.601084379,293979.3743587934,4616525.462130451,137.35313090580107,1800.8808486877706,137.1431678084525,-6.594096426915017,-0.41991054022908286,-6.594060519186917,17470.347063123747,0.0,0.1982440594157468,1.9482726234074998,2244157.3495041556,578.2771319026116
182200.0,4616564.303427093,294159.4603436896,4616539.143477035,136.69372444001894,1800.8388450374573,136.48376493491998,-6.594032917800893,-0.4201624668194229,-6.593996980536394,17470.347063123747,0.0,0.1982440594157468,1.9482726234074998,2244157.3495041556,578.2771319026116
182300.0,4616577.939829478,294339.5421269611,4616552.7588836495,136.03432431642642,1800.7968161942492,135.82436840653074,-6.5939695831211305,-0.4204143981322689,-6.593933616320026,17470.347063123747,0.0,0.1982440594157468,1.9482726234074998,2244157.3495041556,578.2771319026116
182400.0,4616591.510292167,294519.6197060887,4616566.308350927,135.37493051758054,1800.7547621576725,135.1649782058418,-6.593906422866829,-0.42066633419441996,-6.593870426528914,17470.347063123747,0.0,0.1982440594157468,1.9482726234074998,2244157.3495041556,578.2771319026116
182500.0,4616605.0148157915,294699.6930785529,4616579.791879501,134.71554302603917,1800.712682927251,134.5055943154111,-6.593843437029123,-0.4209182750326766,-6.593807411154183,17470.347063123747,0.0,0.1982440594157468,1.9482726234074998,2244157.3495041556,578.2771319026116
182600.0,4616618.453400982,294879.76224183437,4616593.20947,134.0561618243611,1800.6705785025058,133.84621671779738,-6.593780625599166,-0.42117022067384213,-6.59374457018699,17470.347063123747,0.0,0.1982440594157468,1.9482726234074998,2244157.3495041556,578.2771319026116
182700.0,4616631.826048366,295059.82719341357,4616606.561123054,133.39678689510603,1800.6284488829551,133.1868453955604,-6.593717988568144,-0.42142217114472136,-6.593681903618511,17470.347063123747,0.0,0.1982440594157468,1.9482726234074998,2244157.3495041556,578.2771319026116
182800.0,4616645.13275857,295239.8879307711,4616619.846839288,132.73741822083448,1800.586294068115,132.52748033126068,-6.593655525927259,-0.4216741264721214,-6.593619411439954,17470.347063123747,0.0,0.1982440594157468,1.9482726234074998,2244157.3495041556,578.2771319026116
182900.0,4616658.373532218,295419.94445138733,4616633.066619328,132.07805578410787,1800.544114057498,131.8681215074597,-6.5935932376677595,-0.4219260866828521,-6.593557093642556,17470.347063123747,0.0,0.1982440594157468,1.9482726234074998,2244157.3495041556,578.2771319026116
183000.0,4616671.548369934,295599.99675274274,4616646.220463797,131.41869956748852,1800.5019088506147,131.20876890671977,-6.593531123780894,-0.422178051803724,-6.593494950217567,17470.347063123747,0.0,0.1982440594157468,1.9482726234074998,2244157.3495041556,578.2771319026116
183100.0,4616684.657272338,295780.04483231757,4616659.308373317,130.75934955353958,1800.4596784469727,130.54942251160406,-6.593469184257953,-0.42243002186155043,-6.593432981156273,17470.347063123747,0.0,0.1982440594157468,1.9482726234074998,2244157.3495041556,578.2771319026116
183200.0,4616697.70024005,295960.0886875922,4616672.330348507,130.10000572482508,1800.417422846077,129.89008230467667,-6.593407419090256,-0.42268199688314717,-6.593371186449991,17470.347063123747,0.0,0.1982440594157468,1.9482726234074998,2244157.3495041556,578.2771319026116
183300.0,4616710.677273689,296140.12831604684,4616685.286389984,129.44066806390995,1800.3751420474298,129.2307482685025,-6.593345828269135,-0.422933976895331,-6.593309566090047,17470.347063123747,0.0,0.1982440594157468,1.9482726234074998,2244157.3495041556,578.2771319026116
183400.0,4616723.588373869,296320.16371516173,4616698.176498366,128.78133655335998,1800.3328360505307,128.5714203856474,-6.593284411785962,-0.4231859619249218,-6.5932481200678135,17470.347063123747,0.0,0.1982440594157468,1.9482726234074998,2244157.3495041556,578.2771319026116
183500.0,4616736.433541204,296500.194882417,4616711.000674265,128.1220111757418,1800.2905048548766,127.91209863867799,-6.593223169632127,-0.42343795199874046,-6.593186848374674,17470.347063123747,0.0,0.1982440594157468,1.9482726234074998,2244157.3495041556,578.2771319026116
183600.0,4616749.212776307,296680.2218152927,4616723.758918297,127.46269191362286,1800.2481484599618,127.25278301016179,-6.593162101799047,-0.42368994714361047,-6.593125751002046,17470.347063123747,0.0,0.1982440594157468,1.9482726234074998,2244157.3495041556,578.2771319026116
183700.0,4616761.926079789,296860.244511269,4616736.451231071,126.80337874957156,1800.2057668652778,126.59347348266719,-6.593101208278159,-0.42394194738635615,-6.59306482794136,17470.347063123747,0.0,0.1982440594157468,1.9482726234074998,2244157.3495041556,578.2771319026116
183800.0,4616774.573452259,297040.26296782575,4616749.077613196,126.1440716661571,1800.1633600703137,125.93417003876341,-6.593040489060938,-0.42419395275380545,-6.593004079184091,17470.347063123747,0.0,0.1982440594157468,1.9482726234074998,2244157.3495041556,578.2771319026116
183900.0,4616787.154894325,297220.277182443,4616761.63806528,125.48477064594954,1800.1209280745554,125.27487266102054,-6.592979944138883,-0.42444596327278716,-6.592943504721731,17470.347063123747,0.0,0.1982440594157468,1.9482726234074998,2244157.3495041556,578.2771319026116
184000.0,4616799.67040659,297400.28715260065,4616774.132587929,124.82547567151977,1800.0784708774866,124.61558133200951,-6.592919573503516,-0.4246979789701326,-6.592883104545802,17470.347063123747,0.0,0.1982440594157468,1.9482726234074998,2244157.3495041556,578.2771319026116
184100.0,4616812.11998966,297580.29287577845,4616786.561181747,124.16618672543956,1800.0359884785878,123.95629603430211,-6.59285937714638,-0.4249499998726741,-6.592822878647842,17470.347063123747,0.0,0.1982440594157468,1.9482726234074998,2244157.3495041556,578.2771319026116
184200.0,4616824.503644136,297760.29434945626,4616798.923847336,123.5069037902815,1799.9934808773376,123.29701675047096,-6.59279935505905,-0.4252020260072466,-6.592762827019425,17470.347063123747,0.0,0.1982440594157468,1.9482726234074998,2244157.3495041556,578.2771319026116
184300.0,4616836.8213706175,297940.2915711138,4616811.220585297,122.84762684861903,1799.950948073211,122.63774346308952,-6.5927395072331265,-0.42545405740068687,-6.592702949652148,17470.347063123747,0.0,0.1982440594157468,1.9482726234074998,2244157.3495041556,578.2771319026116
184400.0,4616849.0731697045,298120.2845382308,4616823.451396228,122.18835588302643,1799.9083900656813,121.9784761547321,-6.592679833660232,-0.4257060940798329,-6.592643246537627,17470.347063123747,0.0,0.1982440594157468,1.9482726234074998,2244157.3495041556,578.2771319026116
184500.0,4616861.259041993,298300.2732482868,4616835.616280726,121.52909087607883,1799.8658068542181,121.31921480797385,-6.592620334332023,-0.42595813607152566,-6.592583717667519,17470.347063123747,0.0,0.1982440594157468,1.9482726234074998,2244157.3495041556,578.2771319026116
184600.0,4616873.378988078,298480.2576987615,4616847.715239387,120.86983181035215,1799.823198438289,120.65995940539074,-6.592561009240174,-0.4262101834026071,-6.592524363033495,17470.347063123747,0.0,0.1982440594157468,1.9482726234074998,2244157.3495041556,578.2771319026116
184700.0,4616885.4330085525,298660.2378871343,4616859.748272805,120.2105786684232,1799.7805648173587,120.00070992955956,-6.592501858376387,-0.42646223609992095,-6.592465182627252,17470.347063123747,0.0,0.1982440594157468,1.9482726234074998,2244157.3495041556,578.2771319026116
184800.0,4616897.421104008,298840.21381088474,4616871.71538157,119.55133143286956,1799.7379059908892,119.34146636305798,-6.592442881732395,-0.42671429419031337,-6.592406176440522,17470.347063123747,0.0,0.1982440594157468,1.9482726234074998,2244157.3495041556,578.2771319026116
184900.0,4616909.343275036,299020.18546749227,4616883.616566273,118.89209008626968,1799.69522195834,118.68222868846442,-6.592384079299955,-0.42696635770063224,-6.592347344465057,17470.347063123747,0.0,0.1982440594157468,1.9482726234074998,2244157.3495041556,578.2771319026116
185000.0,4616921.199522221,299200.1528544362,4616895.451827504,118.2328546112028,1799.6525127191676,118.0229968883582,-6.592325451070839,-0.4272184266577266,-6.592288686692627,17470.347063123747,0.0,0.1982440594157468,1.9482726234074998,2244157.3495041556,578.2771319026116
185100.0,4616932.989846153,299380.11596919585,4616907.221165847,117.573624990249,1799.609778272826,117.3637709453194,-6.592266997036862,-0.42747050108844753,-6.592230203115043,17470.347063123747,0.0,0.1982440594157468,1.9482726234074998,2244157.3495041556,578.2771319026116
185200.0,4616944.714247415,299560.0748092505,4616918.924581888,116.9144012059892,1799.5670186187665,116.70455084192896,-6.592208717189854,-0.4277225810196486,-6.59217189372413,17470.347063123747,0.0,0.1982440594157468,1.9482726234074998,2244157.3495041556,578.2771319026116
185300.0,4616956.3727265885,299740.0293720793,4616930.56207621,116.25518324100507,1799.5242337564378,116.04533656076862,-6.592150611521678,-0.42797466647818466,-6.592113758511754,17470.347063123747,0.0,0.1982440594157468,1.9482726234074998,2244157.3495041556,578.2771319026116
185400.0,4616967.965284256,299919.97965516144,4616942.133649394,115.59597107787917,1799.4814236852858,115.38612808442093,-6.592092680024214,-0.4282267574909118,-6.592055797469786,17470.347063123747,0.0,0.1982440594157468,1.9482726234074998,2244157.3495041556,578.2771319026116
185500.0,4616979.491920997,300099.925655976,4616953.63930202,114.93676469919481,1799.4385884047535,114.72692539546925,-6.592034922689376,-0.4284788540846889,-6.591998010590141,17470.347063123747,0.0,0.1982440594157468,1.9482726234074998,2244157.3495041556,578.2771319026116
185600.0,4616990.952637388,300279.86737200205,4616965.079034666,114.27756408753613,1799.395727914282,114.06772847649776,-6.591977339509101,-0.42873095628637586,-6.5919403978647475,17470.347063123747,0.0,0.1982440594157468,1.9482726234074998,2244157.3495041556,578.2771319026116
185700.0,4617002.347434007,300459.8048007185,4616976.452847907,113.6183692254881,1799.3528422133086,113.40853731009143,-6.591919930475346,-0.4289830641228341,-6.591882959285564,17470.347063123747,0.0,0.1982440594157468,1.9482726234074998,2244157.3495041556,578.2771319026116
185800.0,4617013.676311425,300639.7379396043,4616987.760742319,112.95918009563644,1799.3099313012688,112.74935187883604,-6.591862695580107,-0.4292351776209278,-6.591825694844581,17470.347063123747,0.0,0.1982440594157468,1.9482726234074998,2244157.3495041556,578.2771319026116
185900.0,4617024.939270216,300819.6667861384,4616999.002718474,112.29999668056772,1799.266995177595,112.09017216531817,-6.591805634815393,-0.42948729680752196,-6.591768604533808,17470.347063123747,0.0,0.1982440594157468,1.9482726234074998,2244157.3495041556,578.2771319026116
186000.0,4617036.136310951,300999.59133779944,4617010.178776942,111.64081896286928,1799.2240338417168,111.4309981521252,-6.591748748173243,-0.42973942170948315,-6.591711688345274,17470.347063123747,0.0,0.1982440594157468,1.9482726234074998,2244157.3495041556,578.2771319026116
186100.0,4617047.267434198,301179.51159206626,4617021.288918294,110.98164692512925,1799.1810472930617,110.7718298218453,-6.5916920356457265,-0.42999155235368053,-6.591654946271051,17470.347063123747,0.0,0.1982440594157468,1.9482726234074998,2244157.3495041556,578.2771319026116
186200.0,4617058.332640525,301359.4275464176,4617032.3331430955,110.32248054993657,1799.138035531054,110.11266715706743,-6.591635497224932,-0.43024368876698443,-6.591598378303222,17470.347063123747,0.0,0.1982440594157468,1.9482726234074998,2244157.3495041556,578.2771319026116
186300.0,4617069.331930497,301539.339198332,4617043.311451914,109.66331981988097,1799.0949985551151,109.45351014038137,-6.5915791329029805,-0.4304958309762668,-6.591541984433907,17470.347063123747,0.0,0.1982440594157468,1.9482726234074998,2244157.3495041556,578.2771319026116
186400.0,4617080.265304677,301719.24654528813,4617054.223845311,109.00416471755294,1799.0519363646645,108.79435875437764,-6.591522942672013,-0.43074797900840156,-6.591485764655243,17470.347063123747,0.0,0.1982440594157468,1.9482726234074998,2244157.3495041556,578.2771319026116
186500.0,4617091.132763628,301899.14958476444,4617065.070323852,108.34501522554379,1799.0088489591185,108.13521298164757,-6.5914669265242,-0.4310001328902639,-6.591429718959394,17470.347063123747,0.0,0.1982440594157468,1.9482726234074998,2244157.3495041556,578.2771319026116
186600.0,4617101.934307909,302079.0483142394,4617075.850888095,107.6858713264456,1798.9657363378906,107.47607280478327,-6.591411084451732,-0.43125229264873083,-6.591373847338553,17470.347063123747,0.0,0.1982440594157468,1.9482726234074998,2244157.3495041556,578.2771319026116
186700.0,4617112.669938079,302258.94273119146,4617086.565538599,107.0267330028512,1798.9225985003918,106.81693820637763,-6.591355416446836,-0.43150445831068146,-6.59131814978494,17470.347063123747,0.0,0.1982440594157468,1.9482726234074998,2244157.3495041556,578.2771319026116
186800.0,4617123.339654695,302438.83283309895,4617097.214275922,106.36760023735424,1798.8794354460306,106.1578091690243,-6.591299922501756,-0.4317566299029959,-6.5912626262907965,17470.347063123747,0.0,0.1982440594157468,1.9482726234074998,2244157.3495041556,578.2771319026116
186900.0,4617133.943458311,302618.7186174401,4617107.797100618,105.70847301254912,1798.8362471742125,105.49868567531774,-6.591244602608764,-0.4320088074525563,-6.591207276848392,17470.347063123747,0.0,0.1982440594157468,1.9482726234074998,2244157.3495041556,578.2771319026116
187000.0,4617144.481349481,302798.60008169315,4617118.314013241,105.04935131103102,1798.7930336843406,104.83956770785316,-6.591189456760156,-0.43226099098624604,-6.591152101450018,17470.347063123747,0.0,0.1982440594157468,1.9482726234074998,2244157.3495041556,578.2771319026116
187100.0,4617154.953328757,302978.4772233363,4617128.765014343,104.39023511539587,1798.749794975815,104.18045524922654,-6.591134484948256,-0.4325131805309504,-6.591097100087999,17470.347063123747,0.0,0.1982440594157468,1.9482726234074998,2244157.3495041556,578.2771319026116
187200.0,4617165.359396687,303158.35003984766,4617139.150104474,103.73112440824039,1798.7065310480332,103.52134828203461,-6.591079687165419,-0.4327653761135568,-6.5910422727546845,17470.347063123747,0.0,0.1982440594157468,1.9482726234074998,2244157.3495041556,578.2771319026116
187300.0,4617175.69955382,303338.21852870524,4617149.469284182,103.07201917216207,1798.6632419003902,102.8622467888749,-6.591025063404015,-0.4330175777609532,-6.590987619442436,17470.347063123747,0.0,0.1982440594157468,1.9482726234074998,2244157.3495041556,578.2771319026116
187400.0,4617185.973800703,303518.08268738707,4617159.722554014,102.41291938975914,1798.619927532278,102.20315075234568,-6.590970613656448,-0.4332697855000301,-6.590933140143664,17470.347063123747,0.0,0.1982440594157468,1.9482726234074998,2244157.3495041556,578.2771319026116
187500.0,4617196.18213788,303697.942513371,4617169.909914514,101.75382504363058,1798.5765879430862,101.54406015504597,-6.590916337915141,-0.4335219993576788,-6.590878834850783,17470.347063123747,0.0,0.1982440594157468,1.9482726234074998,2244157.3495041556,578.2771319026116
187600.0,4617206.324565892,303877.79800413497,4617180.031366225,101.09473611637615,1798.5332231322016,100.88497497957557,-6.590862236172553,-0.43377421936079325,-6.590824703556248,17470.347063123747,0.0,0.1982440594157468,1.9482726234074998,2244157.3495041556,578.2771319026116
187700.0,4617216.401085283,304057.6491571567,4617190.08690969,100.43565259059636,1798.4898330990081,100.22589520853502,-6.590808308421155,-0.4340264455362676,-6.59077074625253,17470.347063123747,0.0,0.1982440594157468,1.9482726234074998,2244157.3495041556,578.2771319026116
187800.0,4617226.41169659,304237.495969914,4617200.076545447,99.77657444889246,1798.4464178428875,99.56682082452562,-6.5907545546534525,-0.4342786779109987,-6.59071696293213,17470.347063123747,0.0,0.1982440594157468,1.9482726234074998,2244157.3495041556,578.2771319026116
187900.0,4617236.356400351,304417.33843988454,4617210.000274034,99.11750167386646,1798.4029773632183,98.9077518101494,-6.590700974861976,-0.4345309165118845,-6.5906633535875745,17470.347063123747,0.0,0.1982440594157468,1.9482726234074998,2244157.3495041556,578.2771319026116
188000.0,4617246.235197103,304597.1765645459,4617219.858095988,98.45843424812111,1798.3595116593765,98.24868814800917,-6.590647569039287,-0.4347831613658249,-6.5906099182114195,17470.347063123747,0.0,0.1982440594157468,1.9482726234074998,2244157.3495041556,578.2771319026116
188100.0,4617256.048087378,304777.0103413756,4617229.650011842,97.7993721542599,1798.3160207307358,97.58962982070842,-6.590594337177955,-0.4350354124997207,-6.590556656796239,17470.347063123747,0.0,0.1982440594157468,1.9482726234074998,2244157.3495041556,578.2771319026116
188200.0,4617265.79507171,304956.83976785117,4617239.376022129,97.14031537488705,1798.2725045766665,96.93057681085146,-6.590541279270598,-0.4352876699404751,-6.590503569334641,17470.347063123747,0.0,0.1982440594157468,1.9482726234074998,2244157.3495041556,578.2771319026116
188300.0,4617275.476150629,305136.66484145005,4617249.036127381,96.48126389260756,1798.2289631965366,96.27152910104328,-6.590488395309841,-0.4355399337149921,-6.590450655819252,17470.347063123747,0.0,0.1982440594157468,1.9482726234074998,2244157.3495041556,578.2771319026116
188400.0,4617285.091324665,305316.4855596496,4617258.630328126,95.82221769002712,1798.1853965897114,95.61248667388965,-6.590435685288344,-0.4357922038501774,-6.590397916242724,17470.347063123747,0.0,0.1982440594157468,1.9482726234074998,2244157.3495041556,578.2771319026116
188500.0,4617294.640594343,305496.30191992706,4617268.158624892,95.16317674975217,1798.1418047555537,94.95344951199702,-6.59038314919879,-0.4360444803729385,-6.5903453505977385,17470.347063123747,0.0,0.1982440594157468,1.9482726234074998,2244157.3495041556,578.2771319026116
188600.0,4617304.1239601895,305676.11391975975,4617277.621018204,94.50414105438988,1798.0981876934231,94.29441759797263,-6.590330787033897,-0.436296763310185,-6.59029295887701,17470.347063123747,0.0,0.1982440594157468,1.9482726234074998,2244157.3495041556,578.2771319026116
188700.0,4617313.541422728,305855.9215566248,4617287.017508586,93.84511058654815,1798.054545402677,93.63539091442439,-6.590278598786385,-0.43654905268882627,-6.5902407410732575,17470.347063123747,0.0,0.1982440594157468,1.9482726234074998,2244157.3495041556,578.2771319026116
188800.0,4617322.892982481,306035.7248279993,4617296.348096561,93.1860853288356,1798.0108778826698,92.97636944396099,-6.590226584449025,-0.436801348535775,-6.590188697179248,17470.347063123747,0.0,0.1982440594157468,1.9482726234074998,2244157.3495041556,578.2771319026116
188900.0,4617332.178639968,306215.5237313603,4617305.612782648,92.52706526386159,1797.9671851327532,92.3173531691918,-6.590174744014601,-0.43705365087794457,-6.590136827187761,17470.347063123747,0.0,0.1982440594157468,1.9482726234074998,2244157.3495041556,578.2771319026116
189000.0,4617341.398395707,306395.3182641848,4617314.811567367,91.86805037423616,1797.9234671522768,91.65834207272694,-6.590123077475929,-0.4373059597422503,-6.5900851310916115,17470.347063123747,0.0,0.1982440594157468,1.9482726234074998,2244157.3495041556,578.2771319026116
189100.0,4617350.552250215,306575.10842394974,4617323.944451234,91.20904064257012,1797.8797239405865,90.99933613717721,-6.590071584825843,-0.4375582751556085,-6.590033608883631,17470.347063123747,0.0,0.1982440594157468,1.9482726234074998,2244157.3495041556,578.2771319026116
189200.0,4617359.640204007,306754.8942081319,4617333.0114347655,90.55003605147495,1797.8359554970264,90.34033534515417,-6.5900202660572,-0.43781059714493675,-6.58998226055667,17470.347063123747,0.0,0.1982440594157468,1.9482726234074998,2244157.3495041556,578.2771319026116
189300.0,4617368.662257596,306934.67561420804,4617342.012518474,89.89103658356287,1797.7921618209373,89.68133967927008,-6.589969121162901,-0.4380629257371554,-6.589931086103626,17470.347063123747,0.0,0.1982440594157468,1.9482726234074998,2244157.3495041556,578.2771319026116
189400.0,4617377.6184114935,307114.452639655,4617350.947702872,89.23204222144679,1797.7483429116578,89.0223491221379,-6.589918150135852,-0.43831526095918516,-6.589880085517407,17470.347063123747,0.0,0.1982440594157468,1.9482726234074998,2244157.3495041556,578.2771319026116
189500.0,4617386.50866621,307294.2252819493,4617359.816988468,88.57305294774035,1797.7044987685235,88.36336365637128,-6.589867352969001,-0.43856760283794893,-6.58982925879095,17470.347063123747,0.0,0.1982440594157468,1.9482726234074998,2244157.3495041556,578.2771319026116
189600.0,4617395.333022253,307473.9935385675,4617368.620375772,87.91406874505789,1797.6606293908674,87.7043832645846,-6.589816729655304,-0.43881995140037017,-6.589778605917218,17470.347063123747,0.0,0.1982440594157468,1.9482726234074998,2244157.3495041556,578.2771319026116
189700.0,4617404.091480128,307653.75740698626,4617377.35786529,87.25508959601443,1797.6167347780197,87.04540792939297,-6.589766280187761,-0.4390723066733751,-6.5897281268892,17470.347063123747,0.0,0.1982440594157468,1.9482726234074998,2244157.3495041556,578.2771319026116
189800.0,4617412.784040339,307833.51688468194,4617386.029457526,86.5961154832257,1797.5728149293082,86.38643763341214,-6.589716004559382,-0.43932466868389036,-6.589677821699907,17470.347063123747,0.0,0.1982440594157468,1.9482726234074998,2244157.3495041556,578.2771319026116
189900.0,4617421.410703391,308013.2719691309,4617394.635152984,85.93714638930814,1797.5288698440575,85.7274723592586,-6.589665902763218,-0.4395770374588448,-6.589627690342384,17470.347063123747,0.0,0.1982440594157468,1.9482726234074998,2244157.3495041556,578.2771319026116
190000.0,4617429.971469783,308193.0226578095,4617403.174952165,85.27818229687888,1797.48489952159,85.0685120895495,-6.589615974792329,-0.4398294130251681,-6.589577732809688,17470.347063123747,0.0,0.1982440594157468,1.9482726234074998,2244157.3495041556,578.2771319026116
190100.0,4617438.466340016,308372.76894819393,4617411.648855569,84.61922318855574,1797.440903961225,84.40955680690273,-6.589566220639813,-0.44008179540979186,-6.589527949094915,17470.347063123747,0.0,0.1982440594157468,1.9482726234074998,2244157.3495041556,578.2771319026116
190200.0,4617446.895314586,308552.5108377604,4617420.056863693,83.96026904695721,1797.39688316228,83.75060649393681,-6.58951664029879,-0.44033418463964924,-6.5894783391911815,17470.347063123747,0.0,0.1982440594157468,1.9482726234074998,2244157.3495041556,578.2771319026116
190300.0,4617455.25839399,308732.248323985,4617428.398977033,83.3013198547025,1797.3528371240682,83.09166113327102,-6.589467233762405,-0.4405865807416746,-6.589428903091629,17470.347063123747,0.0,0.1982440594157468,1.9482726234074998,2244157.3495041556,578.2771319026116
190400.0,4617463.555578722,308911.98140434385,4617436.675196084,82.64237559441148,1797.3087658459015,82.43272070752525,-6.589418001023826,-0.4408389837428037,-6.5893796407894225,17470.347063123747,0.0,0.1982440594157468,1.9482726234074998,2244157.3495041556,578.2771319026116
190500.0,4617471.786869273,309091.7100763128,4617444.885521338,81.9834362487047,1797.2646693270885,81.77378519932012,-6.589368942076247,-0.441091393669974,-6.5893305522777545,17470.347063123747,0.0,0.1982440594157468,1.9482726234074998,2244157.3495041556,578.2771319026116
190600.0,4617479.952266134,309271.4343373679,4617453.029953287,81.32450180020342,1797.2205475669357,81.11485459127691,-6.589320056912898,-0.4413438105501247,-6.589281637549849,17470.347063123747,0.0,0.1982440594157468,1.9482726234074998,2244157.3495041556,578.2771319026116
190700.0,4617488.051769795,309451.1541849848,4617461.108492419,80.66557223152954,1797.176400564746,80.45592886601759,-6.589271345527021,-0.4415962344101958,-6.589232896598947,17470.347063123747,0.0,0.1982440594157468,1.9482726234074998,2244157.3495041556,578.2771319026116
190800.0,4617496.085380742,309630.8696166394,4617469.121139222,80.00664752530565,1797.1322283198201,79.79700800616479,-6.589222807911891,-0.44184866527712907,-6.589184329418316,17470.347063123747,0.0,0.1982440594157468,1.9482726234074998,2244157.3495041556,578.2771319026116
190900.0,4617504.053099462,309810.5806298073,4617477.067894181,79.34772766415503,1797.088030831456,79.1380919943418,-6.589174444060801,-0.4421011031778676,-6.589135936001254,17470.347063123747,0.0,0.1982440594157468,1.9482726234074998,2244157.3495041556,578.2771319026116
191000.0,4617511.954926437,309990.2872219642,4617484.948757782,78.68881263070159,1797.0438080989493,78.47918081317263,-6.589126253967075,-0.4423535481393559,-6.5890877163410755,17470.347063123747,0.0,0.1982440594157468,1.9482726234074998,2244157.3495041556,578.2771319026116
191100.0,4617519.790862149,310169.98939058563,4617492.763730505,78.02990240756994,1796.9995601215921,77.82027444528191,-6.589078237624069,-0.4426060001885407,-6.589039670431135,17470.347063123747,0.0,0.1982440594157468,1.9482726234074998,2244157.3495041556,578.2771319026116
191200.0,4617527.560907078,310349.68713314703,4617500.5128128305,77.37099697738532,1796.9552868986746,77.16137287329495,-6.589030395025156,-0.4428584593523693,-6.588991798264803,17470.347063123747,0.0,0.1982440594157468,1.9482726234074998,2244157.3495041556,578.2771319026116
191300.0,4617535.2650617035,310529.38044712384,4617508.196005238,76.71209632277366,1796.9109884294837,76.50247607983772,-6.588982726163736,-0.44311092565779064,-6.588944099835475,17470.347063123747,0.0,0.1982440594157468,1.9482726234074998,2244157.3495041556,578.2771319026116
191400.0,4617542.903326501,310709.06932999135,4617515.8133082045,76.05320042636154,1796.866664713304,75.84358404753685,-6.588935231033232,-0.4433633991317552,-6.588896575136571,17470.347063123747,0.0,0.1982440594157468,1.9482726234074998,2244157.3495041556,578.2771319026116
191500.0,4617550.475701947,310888.7537792249,4617523.364722205,75.3943092707762,1796.8223157494176,75.18469675901962,-6.588887909627099,-0.44361587980121503,-6.588849224161545,17470.347063123747,0.0,0.1982440594157468,1.9482726234074998,2244157.3495041556,578.2771319026116
191600.0,4617557.982188513,311068.4337922996,4617530.850247714,74.73542283864553,1796.7779415371033,74.52581419691397,-6.588840761938807,-0.4438683676931229,-6.588802046903862,17470.347063123747,0.0,0.1982440594157468,1.9482726234074998,2244157.3495041556,578.2771319026116
191700.0,4617565.422786671,311248.1093666906,4617538.269885202,74.07654111259806,1796.7335420756374,73.8669363438485,-6.588793787961868,-0.44412086283443436,-6.588755043357031,17470.347063123747,0.0,0.1982440594157468,1.9482726234074998,2244157.3495041556,578.2771319026116
191800.0,4617572.797496892,311427.78049987304,4617545.623635139,73.41766407526299,1796.689117364294,73.20806318245242,-6.588746987689804,-0.4443733652521052,-6.588708213514572,17470.347063123747,0.0,0.1982440594157468,1.9482726234074998,2244157.3495041556,578.2771319026116
191900.0,4617580.106319642,311607.4471893218,4617552.911497994,72.75879170927016,1796.6446674023437,72.54919469535565,-6.588700361116169,-0.4446258749730931,-6.588661557370033,17470.347063123747,0.0,0.1982440594157468,1.9482726234074998,2244157.3495041556,578.2771319026116
192000.0,4617587.349255389,311787.1094325118,4617560.133474234,72.09992399725003,1796.600192189055,71.8903308651887,-6.588653908234548,-0.44487839202435747,-6.588615074916998,17470.347063123747,0.0,0.1982440594157468,1.9482726234074998,2244157.3495041556,578.2771319026116
192100.0,4617594.526304596,311966.76722691784,4617567.289564322,71.44106092183372,1796.5556917236936,71.23147167458275,-6.588607629038538,-0.44513091643285857,-6.588568766149062,17470.347063123747,0.0,0.1982440594157468,1.9482726234074998,2244157.3495041556,578.2771319026116
192200.0,4617601.637467727,312146.42057001474,4617574.379768723,70.78220246565301,1796.5111660055222,70.5726171061696,-6.5885615235217685,-0.44538344822555814,-6.588522631059849,17470.347063123747,0.0,0.1982440594157468,1.9482726234074998,2244157.3495041556,578.2771319026116
192300.0,4617608.6827452425,312326.06945927715,4617581.404087896,70.12334861134028,1796.4666150338014,69.9137671425817,-6.5885155916779015,-0.44563598742942,-6.5884766696430175,17470.347063123747,0.0,0.1982440594157468,1.9482726234074998,2244157.3495041556,578.2771319026116
192400.0,4617615.662137602,312505.71389217966,4617588.362522304,69.46449934152855,1796.4220388077886,69.25492176645213,-6.588469833500611,-0.4458885340714086,-6.588430881892241,17470.347063123747,0.0,0.1982440594157468,1.9482726234074998,2244157.3495041556,578.2771319026116
192500.0,4617622.575645263,312685.3538661968,4617595.255072403,68.80565463885148,1796.3774373267383,68.5960809604146,-6.588424248983607,-0.44614108817849046,-6.588385267801225,17470.347063123747,0.0,0.1982440594157468,1.9482726234074998,2244157.3495041556,578.2771319026116
192600.0,4617629.423268681,312864.9893788031,4617602.081738648,68.14681448594335,1796.3328105899031,67.93724470710343,-6.588378838120621,-0.44639364977763335,-6.588339827363698,17470.347063123747,0.0,0.1982440594157468,1.9482726234074998,2244157.3495041556,578.2771319026116
192700.0,4617636.205008311,313044.6204274729,4617608.842521495,67.48797886543909,1796.2881585965322,67.27841298915361,-6.588333600905411,-0.446646218895806,-6.588294560573414,17470.347063123747,0.0,0.1982440594157468,1.9482726234074998,2244157.3495041556,578.2771319026116
192800.0,4617642.920864605,313224.24700968055,4617615.537421397,66.82914775997422,1796.2434813458724,66.61958578920071,-6.588288537331756,-0.446898795559979,-6.588249467424148,17470.347063123747,0.0,0.1982440594157468,1.9482726234074998,2244157.3495041556,578.2771319026116
192900.0,4617649.570838014,313403.8691229002,4617622.166438803,66.1703211521849,1796.1987788371678,65.96076308988096,-6.588243647393471,-0.4471513797971247,-6.588204547909713,17470.347063123747,0.0,0.1982440594157468,1.9482726234074998,2244157.3495041556,578.2771319026116
193000.0,4617656.154928985,313583.48676460603,4617628.729574164,65.51149902470789,1796.1540510696595,65.30194487383115,-6.58819893108438,-0.4474039716342159,-6.588159802023932,17470.347063123747,0.0,0.1982440594157468,1.9482726234074998,2244157.3495041556,578.2771319026116
193100.0,4617662.6731379675,313763.09993227216,4617635.226827927,64.85268136018058,1796.1092980425865,64.64313112368875,-6.588154388398351,-0.44765657109822793,-6.5881152297606675,17470.347063123747,0.0,0.1982440594157468,1.9482726234074998,2244157.3495041556,578.2771319026116
193200.0,4617669.125465405,313942.70862337254,4617641.658200537,64.19386814124098,1796.0645197551846,63.9843218220918,-6.588110019329259,-0.4479091782161365,-6.588070831113792,17470.347063123747,0.0,0.1982440594157468,1.9482726234074998,2244157.3495041556,578.2771319026116
193300.0,4617675.511911743,314122.31283538113,4617648.023692438,63.5350593505277,1796.0197162066872,63.32551695167898,-6.588065823871026,-0.4481617930149197,-6.5880266060772215,17470.347063123747,0.0,0.1982440594157468,1.9482726234074998,2244157.3495041556,578.2771319026116
193400.0,4617681.832477422,314301.9125657718,4617654.323304074,62.87625497067995,1795.9748873963247,62.66671649508955,-6.588021802017578,-0.4484144155215565,-6.587982554644884,17470.347063123747,0.0,0.1982440594157468,1.9482726234074998,2244157.3495041556,578.2771319026116
193500.0,4617688.087162884,314481.5078120183,4617660.557035884,62.21745498433756,1795.930033323325,62.007920434963395,-6.587977953762876,-0.44866704576302696,-6.587938676810734,17470.347063123747,0.0,0.1982440594157468,1.9482726234074998,2244157.3495041556,578.2771319026116
193600.0,4617694.275968566,314661.09857159434,4617666.724888307,61.55865937414095,1795.8851539869133,61.349128753940995,-6.58793427910091,-0.4489196837663136,-6.587894972568758,17470.347063123747,0.0,0.1982440594157468,1.9482726234074998,2244157.3495041556,578.2771319026116
193700.0,4617700.398894904,314840.68484197353,4617672.82686178,60.89986812273115,1795.840249386312,60.69034143466344,-6.587890778025694,-0.4491723295583997,-6.58785144191297,17470.347063123747,0.0,0.1982440594157468,1.9482726234074998,2244157.3495041556,578.2771319026116
193800.0,4617706.455942335,315020.2666206294,4617678.862956739,60.24108121274978,1795.795319520741,60.0315584597724,-6.587847450531253,-0.4494249831662693,-6.5878080848373886,17470.347063123747,0.0,0.1982440594157468,1.9482726234074998,2244157.3495041556,578.2771319026116
193900.0,4617712.447111291,315199.84390503546,4617684.833173617,59.58229862683907,1795.7503643894174,59.37277981191015,-6.587804296611663,-0.4496776446169093,-6.587764901336088,17470.347063123747,0.0,0.1982440594157468,1.9482726234074998,2244157.3495041556,578.2771319026116
194000.0,4617718.372402204,315379.4166926651,4617690.737512846,58.92352034764182,1795.7053839915554,58.71400547371957,-6.587761316261,-0.4499303139373069,-6.587721891403142,17470.347063123747,0.0,0.1982440594157468,1.9482726234074998,2244157.3495041556,578.2771319026116
194100.0,4617724.231815504,315558.9849809915,4617696.575974855,58.264746357801435,1795.6603783263668,58.0552354278441,-6.587718509473387,-0.45018299115445154,-6.587679055032668,17470.347063123747,0.0,0.1982440594157468,1.9482726234074998,2244157.3495041556,578.2771319026116
194200.0,4617730.025351618,315738.54876748804,4617702.348560073,57.6059766399619,1795.6153473930603,57.39646965692781,-6.587675876242958,-0.4504356762953335,-6.587636392218798,17470.347063123747,0.0,0.1982440594157468,1.9482726234074998,2244157.3495041556,578.2771319026116
194300.0,4617735.753010974,315918.1080496278,4617708.055268928,56.947211176767794,1795.5702911908427,56.73770814361532,-6.587633416563877,-0.45068836938694434,-6.587593902955692,17470.347063123747,0.0,0.1982440594157468,1.9482726234074998,2244157.3495041556,578.2771319026116
194400.0,4617741.414793995,316097.6628248839,4617713.696101844,56.288449950864276,1795.525209718917,56.07895087055184,-6.587591130430329,-0.45094107045627757,-6.587551587237536,17470.347063123747,0.0,0.1982440594157468,1.9482726234074998,2244157.3495041556,578.2771319026116
194500.0,4617747.010701105,316277.21309072926,4617719.271059244,55.62969294489707,1795.4801029764844,55.42019782038317,-6.587549017836539,-0.45119377953032813,-6.587509445058546,17470.347063123747,0.0,0.1982440594157468,1.9482726234074998,2244157.3495041556,578.2771319026116
194600.0,4617752.540732725,316456.75884463685,4617724.780141549,54.9709401415125,1795.4349709627431,54.761448975755684,-6.587507078776739,-0.451446496636092,-6.587467476412954,17470.347063123747,0.0,0.1982440594157468,1.9482726234074998,2244157.3495041556,578.2771319026116
194700.0,4617758.004889273,316636.30008407944,4617730.223349179,54.31219152335745,1795.3898136768885,54.102704319316324,-6.587465313245195,-0.45169922180056665,-6.587425681295023,17470.347063123747,0.0,0.1982440594157468,1.9482726234074998,2244157.3495041556,578.2771319026116
194800.0,4617763.403171169,316815.8368065298,4617735.600682552,53.65344707307938,1795.3446311181135,53.443963833712615,-6.587423721236206,-0.4519519550507514,-6.587384059699047,17470.347063123747,0.0,0.1982440594157468,1.9482726234074998,2244157.3495041556,578.2771319026116
194900.0,4617768.735578827,316995.3690094606,4617740.912142084,52.994706773326314,1795.299423285608,52.785227501592644,-6.587382302744075,-0.45220469641364625,-6.587342611619327,17470.347063123747,0.0,0.1982440594157468,1.9482726234074998,2244157.3495041556,578.2771319026116
195000.0,4617774.0021126615,317174.89669034444,4617746.15772819,52.335970606746855,1795.2541901785596,52.12649530560506,-6.587341057763151,-0.45245744591625314,-6.587301337050208,17470.347063123747,0.0,0.1982440594157468,1.9482726234074998,2244157.3495041556,578.2771319026116
195100.0,4617779.202773086,317354.4198466538,4617751.337441282,51.677238555990165,1795.2089317961527,51.4677672283991,-6.5872999862878014,-0.4527102035855756,-6.587260235986058,17470.347063123747,0.0,0.1982440594157468,1.9482726234074998,2244157.3495041556,578.2771319026116
195200.0,4617784.337560509,317533.93847586116,4617756.451281772,51.01851060370596,1795.1636481375695,50.809043252624534,-6.587259088312414,-0.45296296944861814,-6.587219308421256,17470.347063123747,0.0,0.1982440594157468,1.9482726234074998,2244157.3495041556,578.2771319026116
195300.0,4617789.406475342,317713.4525754388,4617761.499250068,50.359786732544535,1795.118339201989,50.150323360931715,-6.587218363831412,-0.45321574353238697,-6.587178554350226,17470.347063123747,0.0,0.1982440594157468,1.9482726234074998,2244157.3495041556,578.2771319026116
195400.0,4617794.409517991,317892.96214285895,4617766.481346579,49.70106692515672,1795.073004988588,49.491607535971546,-6.587177812839235,-0.4534685258638897,-6.587137973767402,17470.347063123747,0.0,0.1982440594157468,1.9482726234074998,2244157.3495041556,578.2771319026116
195500.0,4617799.346688862,318072.46717559383,4617771.397571711,49.04235116419391,1795.0276454965403,48.83289576039548,-6.587137435330351,-0.4537213164701353,-6.587097566667252,17470.347063123747,0.0,0.1982440594157468,1.9482726234074998,2244157.3495041556,578.2771319026116
195600.0,4617804.217988358,318251.9676711156,4617776.247925866,48.38363943230806,1794.982260725017,48.174188016855524,-6.58709723129925,-0.4539741153781339,-6.58705733304426,17470.347063123747,0.0,0.1982440594157468,1.9482726234074998,2244157.3495041556,578.2771319026116
195700.0,4617809.023416881,318431.46362689615,4617781.032409448,47.72493171215165,1794.9368506731869,47.51548428800424,-6.5870572007404595,-0.4542269226148979,-6.587017272892951,17470.347063123747,0.0,0.1982440594157468,1.9482726234074998,2244157.3495041556,578.2771319026116
195800.0,4617813.762974833,318610.9550404075,4617785.751022858,47.06622798637774,1794.8914153402154,46.85678455649472,-6.587017343648514,-0.45447973820744014,-6.586977386207859,17470.347063123747,0.0,0.1982440594157468,1.9482726234074998,2244157.3495041556,578.2771319026116
195900.0,4617818.436662612,318790.44190912147,4617790.403766492,46.4075282376399,1794.845954725266,46.198088804980635,-6.586977660017992,-0.45473256218277586,-6.586937672983553,17470.347063123747,0.0,0.1982440594157468,1.9482726234074998,2244157.3495041556,578.2771319026116
196000.0,4617823.0444806125,318969.9242305098,4617794.99064075,45.748832448592275,1794.8004688274987,45.53939701611616,-6.586938149843488,-0.45498539456792125,-6.5868981332146275,17470.347063123747,0.0,0.1982440594157468,1.9482726234074998,2244157.3495041556,578.2771319026116
196100.0,4617827.586429232,319149.40200204414,4617799.511646027,45.090140601889516,1794.7549576460713,44.88070917255604,-6.586898813119612,-0.45523823538989333,-6.586858766895694,17470.347063123747,0.0,0.1982440594157468,1.9482726234074998,2244157.3495041556,578.2771319026116
196200.0,4617832.062508863,319328.87522119615,4617803.966782715,44.43145268018684,1794.7094211801386,44.22202525695553,-6.586859649841016,-0.4554910846757114,-6.586819574021394,17470.347063123747,0.0,0.1982440594157468,1.9482726234074998,2244157.3495041556,578.2771319026116
196300.0,4617836.472719898,319508.3438854373,4617808.356051208,43.77276866613998,1794.6638594288531,43.563345251970446,-6.586820660002377,-0.4557439424523965,-6.586780554586405,17470.347063123747,0.0,0.1982440594157468,1.9482726234074998,2244157.3495041556,578.2771319026116
196400.0,4617840.817062726,319687.807992239,4617812.679451896,43.11408854240521,1794.6182723913641,42.90466914025712,-6.58678184359838,-0.4559968087469702,-6.586741708585411,17470.347063123747,0.0,0.1982440594157468,1.9482726234074998,2244157.3495041556,578.2771319026116
196500.0,4617845.095537736,319867.26753907267,4617816.936985166,42.45541229163933,1794.5726600668188,42.24599690447241,-6.586743200623748,-0.4562496835864557,-6.586703036013129,17470.347063123747,0.0,0.1982440594157468,1.9482726234074998,2244157.3495041556,578.2771319026116
196600.0,4617849.3081453135,320046.72252340947,4617821.128651406,41.79673989649966,1794.527022454361,41.58732852727371,-6.586704731073233,-0.456502566997878,-6.586664536864305,17470.347063123747,0.0,0.1982440594157468,1.9482726234074998,2244157.3495041556,578.2771319026116
196700.0,4617853.454885843,320226.1729427206,4617825.254451,41.13807133964405,1794.4813595531325,40.92866399131894,-6.586666434941605,-0.4567554590082638,-6.586626211133713,17470.347063123747,0.0,0.1982440594157468,1.9482726234074998,2244157.3495041556,578.2771319026116
196800.0,4617857.535759709,320405.6187944771,4617829.314384332,40.47940660373088,1794.435671362272,40.27000327926653,-6.586628312223663,-0.45700835964464054,-6.586588058816142,17470.347063123747,0.0,0.1982440594157468,1.9482726234074998,2244157.3495041556,578.2771319026116
196900.0,4617861.550767291,320585.06007615,4617833.308451783,39.82074567141903,1794.3899578809153,39.61134637377545,-6.586590362914227,-0.4572612689340377,-6.586550079906412,17470.347063123747,0.0,0.1982440594157468,1.9482726234074998,2244157.3495041556,578.2771319026116
197000.0,4617865.49990897,320764.4967852102,4617837.236653733,39.16208852536792,1794.3442191081958,38.95269325750516,-6.5865525870081445,-0.45751418690348566,-6.586512274399367,17470.347063123747,0.0,0.1982440594157468,1.9482726234074998,2244157.3495041556,578.2771319026116
197100.0,4617869.383185122,320943.92891912855,4617841.0989905605,38.503435148237465,1794.2984550432443,38.29404391311566,-6.586514984500285,-0.4577671135800164,-6.5864746422898754,17470.347063123747,0.0,0.1982440594157468,1.9482726234074998,2244157.3495041556,578.2771319026116
197200.0,4617873.200596125,321123.35647537577,4617844.8954626415,37.84478552268809,1794.2526656851887,37.63539832326744,-6.586477555385558,-0.4580200489906643,-6.58643718357284,17470.347063123747,0.0,0.1982440594157468,1.9482726234074998,2244157.3495041556,578.2771319026116
197300.0,4617876.952142351,321302.77945142245,4617848.62607035,37.18613963138075,1794.2068510331542,36.97675647062151,-6.586440299658877,-0.45827299316246367,-6.5863998982431715,17470.347063123747,0.0,0.1982440594157468,1.9482726234074998,2244157.3495041556,578.2771319026116
197400.0,4617880.637824175,321482.1978447392,4617852.29081406,36.52749745697688,1794.1610110862632,36.318118337839394,-6.586403217315194,-0.45852594612245146,-6.586362786295822,17470.347063123747,0.0,0.1982440594157468,1.9482726234074998,2244157.3495041556,578.2771319026116
197500.0,4617884.257641966,321661.6116527965,4617855.889694141,35.86885898213844,1794.1151458436357,35.6594839075831,-6.586366308349487,-0.45877890789766573,-6.586325847725763,17470.347063123747,0.0,0.1982440594157468,1.9482726234074998,2244157.3495041556,578.2771319026116
197600.0,4617887.811596095,321841.0208730647,4617859.422710964,35.210224189527885,1794.069255304389,35.00085316251516,-6.586329572756749,-0.45903187851514554,-6.586289082527985,17470.347063123747,0.0,0.1982440594157468,1.9482726234074998,2244157.3495041556,578.2771319026116
197700.0,4617891.299686926,322020.4255030141,4617862.889864896,34.55159306180816,1794.023339467637,34.34222608529859,-6.586293010532013,-0.4592848580019326,-6.586252490697519,17470.347063123747,0.0,0.1982440594157468,1.9482726234074998,2244157.3495041556,578.2771319026116
197800.0,4617894.721914828,322199.82554011495,4617866.291156303,33.89296558164272,1793.977398332492,33.68360265859691,-6.586256621670319,-0.45953784638506856,-6.586216072229401,17470.347063123747,0.0,0.1982440594157468,1.9482726234074998,2244157.3495041556,578.2771319026116
197900.0,4617898.078280163,322379.2209818373,4617869.626585549,33.234341731695494,1793.9314318980626,33.02498286507413,-6.586220406166751,-0.459790843691598,-6.586179827118712,17470.347063123747,0.0,0.1982440594157468,1.9482726234074998,2244157.3495041556,578.2771319026116
198000.0,4617901.368783294,322558.6118256512,4617872.896152996,32.575721494630926,1793.8854401634553,32.36636668739475,-6.5861843640164,-0.46004384994856556,-6.586143755360542,17470.347063123747,0.0,0.1982440594157468,1.9482726234074998,2244157.3495041556,578.2771319026116
198100.0,4617904.593424582,322737.9980690266,4617876.099859007,31.917104853113937,1793.8394231277737,31.707754108223767,-6.586148495214403,-0.4602968651830188,-6.5861078569500195,17470.347063123747,0.0,0.1982440594157468,1.9482726234074998,2244157.3495041556,578.2771319026116
198200.0,4617907.752204385,322917.37970943336,4617879.237703938,31.25849178980993,1793.7933807901186,31.049145110226654,-6.5861127997559015,-0.46054988942200564,-6.586072131882287,17470.347063123747,0.0,0.1982440594157468,1.9482726234074998,2244157.3495041556,578.2771319026116
198300.0,4617910.845123059,323096.7567443412,4617882.309688148,30.5998822873848,1793.7473131495883,30.390539676069377,-6.586077277636077,-0.46080292269257633,-6.586036580152523,17470.347063123747,0.0,0.1982440594157468,1.9482726234074998,2244157.3495041556,578.2771319026116
198400.0,4617913.87218096,323276.1291712198,4617885.315811992,29.94127632850492,1793.701220205278,29.731937788418378,-6.586041928850129,-0.46105596502178203,-6.586001201755923,17470.347063123747,0.0,0.1982440594157468,1.9482726234074998,2244157.3495041556,578.2771319026116
198500.0,4617916.833378442,323455.49698753876,4617888.256075824,29.28267389583714,1793.655101956281,29.073339429940578,-6.5860067533932884,-0.4613090164366757,-6.585965996687713,17470.347063123747,0.0,0.1982440594157468,1.9482726234074998,2244157.3495041556,578.2771319026116
198600.0,4617919.728715856,323634.86019076756,4617891.130479995,28.624074972048785,1793.608958401687,28.41474458330338,-6.585971751260802,-0.4615620769643117,-6.585930964943138,17470.347063123747,0.0,0.1982440594157468,1.9482726234074998,2244157.3495041556,578.2771319026116
198700.0,4617922.558193552,323814.2187783756,4617893.939024857,27.96547953980766,1793.5627895405835,27.756153231174657,-6.585936922447943,-0.46181514663174533,-6.585896106517469,17470.347063123747,0.0,0.1982440594157468,1.9482726234074998,2244157.3495041556,578.2771319026116
198800.0,4617925.321811879,323993.5727478321,4617896.681710757,27.306887581782032,1793.516595372055,27.09756535622275,-6.585902266950025,-0.4620682254660348,-6.5858614214060145,17470.347063123747,0.0,0.1982440594157468,1.9482726234074998,2244157.3495041556,578.2771319026116
198900.0,4617928.019571183,324172.9220966064,4617899.358538044,26.648299080640644,1793.4703758951837,26.43898094111647,-6.585867784762369,-0.46232131349423855,-6.585826909604094,17470.347063123747,0.0,0.1982440594157468,1.9482726234074998,2244157.3495041556,578.2771319026116
199000.0,4617930.6514718095,324352.26682216756,4617901.969507061,25.989714019052702,1793.4241311090489,25.7803999685251,-6.585833475880328,-0.462574410743417,-6.585792571107056,17470.347063123747,0.0,0.1982440594157468,1.9482726234074998,2244157.3495041556,578.2771319026116
199100.0,4617933.217514101,324531.6069219846,4617904.514618152,25.331132379687876,1793.3778610127267,25.12182242111838,-6.585799340299281,-0.4628275172406319,-6.585758405910276,17470.347063123747,0.0,0.1982440594157468,1.9482726234074998,2244157.3495041556,578.2771319026116
199200.0,4617935.717698399,324710.94239352643,4617906.993871659,24.6725541452163,1793.3315656052914,24.46324828156652,-6.58576537801463,-0.4630806330129469,-6.5857244140091575,17470.347063123747,0.0,0.1982440594157468,1.9482726234074998,2244157.3495041556,578.2771319026116
199300.0,4617938.152025043,324890.27323426196,4617909.407267922,24.013979298308556,1793.285244885814,23.804677532540182,-6.5857315890218056,-0.46333375808742694,-6.5856905953991225,17470.347063123747,0.0,0.1982440594157468,1.9482726234074998,2244157.3495041556,578.2771319026116
199400.0,4617940.520494371,325069.59944165987,4617911.754807278,23.355407821635694,1793.238898853363,23.14611015671048,-6.585697973316261,-0.46358689249113827,-6.585656950075621,17470.347063123747,0.0,0.1982440594157468,1.9482726234074998,2244157.3495041556,578.2771319026116
199500.0,4617942.823106719,325248.92101318884,4617914.036490064,22.696839697869212,1793.192527507004,22.487546136748993,-6.585664530893474,-0.463840036251149,-6.5856234780341305,17470.347063123747,0.0,0.1982440594157468,1.9482726234074998,2244157.3495041556,578.2771319026116
199600.0,4617945.059862422,325428.2379463174,4617916.252316616,22.038274909681057,1793.1461308458,21.82898545532774,-6.585631261748948,-0.46409318939452854,-6.58559017927015,17470.347063123747,0.0,0.1982440594157468,1.9482726234074998,2244157.3495041556,578.2771319026116
199700.0,4617947.230761812,325607.5502385141,4617918.402287265,21.37971343974363,1793.0997088688114,21.170428095119195,-6.585598165878218,-0.4643463519483481,-6.585557053779209,17470.347063123747,0.0,0.1982440594157468,1.9482726234074998,2244157.3495041556,578.2771319026116
199800.0,4617949.3358052205,325786.8578872473,4617920.486402345,20.72115527072977,1793.0532615750958,20.51187403879628,-6.58556524327683,-0.4645995239396801,-6.585524101556856,17470.347063123747,0.0,0.1982440594157468,1.9482726234074998,2244157.3495041556,578.2771319026116
199900.0,4617951.374992976,325966.1608899852,4617922.504662183,20.062600385312766,1793.006788963708,19.85332326903235,-6.5855324939403665,-0.46485270539559886,-6.585491322598667,17470.347063123747,0.0,0.1982440594157468,1.9482726234074998,2244157.3495041556,578.2771319026116
200000.0,4617953.348325406,326145.45924419607,4617924.457067108,19.404048766166344,1792.9602910337003,19.19477576850122,-6.585499917864437,-0.46510589634318006,-6.58545871690025,17470.347063123747,0.0,0.1982440594157468,1.9482726234074998,2244157.3495041556,578.2771319026116
200100.0,4617955.255802837,326324.75294734794,4617926.343617445,18.745500395964672,1792.913767784122,18.536231519877123,-6.585467515044668,-0.46535909680950077,-6.585426284457225,17470.347063123747,0.0,0.1982440594157468,1.9482726234074998,2244157.3495041556,578.2771319026116
200200.0,4617957.097425593,326504.04199690884,4617928.164313519,18.08695525738235,1792.86721921402,17.877690505834742,-6.585435285476713,-0.4656123068216398,-6.585394025265243,17470.347063123747,0.0,0.1982440594157468,1.9482726234074998,2244157.3495041556,578.2771319026116
200300.0,4617958.873193996,326683.3263903467,4617929.919155654,17.42841333309441,1792.8206453224384,17.219152709049187,-6.585403229156255,-0.46586552640667744,-6.585361939319986,17470.347063123747,0.0,0.1982440594157468,1.9482726234074998,2244157.3495041556,578.2771319026116
200400.0,4617960.5831083665,326862.60612512927,4617931.608144168,16.769874605776323,1792.7740461084186,16.560618112196,-6.585371346079,-0.4661187555916959,-6.585330026617155,17470.347063123747,0.0,0.1982440594157468,1.9482726234074998,2244157.3495041556,578.2771319026116
200500.0,4617962.227169023,327041.88119872427,4617933.231279382,16.11133905810398,1792.7274215709992,15.902086697951152,-6.585339636240678,-0.4663719944037783,-6.585298287152478,17470.347063123747,0.0,0.1982440594157468,1.9482726234074998,2244157.3495041556,578.2771319026116
200600.0,4617963.805376283,327221.1516085993,4617934.788561612,15.452806672753699,1792.680771709216,15.24355844899104,-6.585308099637044,-0.46662524287000967,-6.585266720921706,17470.347063123747,0.0,0.1982440594157468,1.9482726234074998,2244157.3495041556,578.2771319026116
200700.0,4617965.317730462,327400.4173522219,4617936.279991176,14.794277432402222,1792.6340965221025,14.585033347992487,-6.5852767362638795,-0.46687850101747674,-6.585235327920619,17470.347063123747,0.0,0.1982440594157468,1.9482726234074998,2244157.3495041556,578.2771319026116
200800.0,4617966.764231874,327579.6784270595,4617937.705568386,14.135751319726714,1792.587396008689,13.926511377632734,-6.585245546116995,-0.46713176887326785,-6.585204108145024,17470.347063123747,0.0,0.1982440594157468,1.9482726234074998,2244157.3495041556,578.2771319026116
200900.0,4617968.144880829,327758.9348305794,4617939.065293555,13.477228317404753,1792.5406701680033,13.26799252058944,-6.585214529192213,-0.4673850464644724,-6.585173061590739,17470.347063123747,0.0,0.1982440594157468,1.9482726234074998,2244157.3495041556,578.2771319026116
201000.0,4617969.45967764,327938.1865602488,4617940.359166994,12.818708408114338,1792.4939189990707,12.60947675954068,-6.585183685485397,-0.46763833381818165,-6.5851421882536245,17470.347063123747,0.0,0.1982440594157468,1.9482726234074998,2244157.3495041556,578.2771319026116
201100.0,4617970.708622614,328117.43361353484,4617941.58718901,12.160191574533878,1792.4471425009135,11.950964077164945,-6.585153014992426,-0.4678916309614889,-6.585111488129556,17470.347063123747,0.0,0.1982440594157468,1.9482726234074998,2244157.3495041556,578.2771319026116
201200.0,4617971.891716057,328296.6759879046,4617942.749359911,11.501677799342193,1792.4003406725512,11.292454456141137,-6.5851225177092125,-0.46814493792148876,-6.585080961214442,17470.347063123747,0.0,0.1982440594157468,1.9482726234074998,2244157.3495041556,578.2771319026116
201300.0,4617973.008958275,328475.913680825,4617943.845680003,10.843167065218513,1792.353513513001,10.633947879148561,-6.585092193631679,-0.46839825472527674,-6.585050607504206,17470.347063123747,0.0,0.1982440594157468,1.9482726234074998,2244157.3495041556,578.2771319026116
201400.0,4617974.0603495715,328655.14668976277,4617944.876149588,10.18465935484247,1792.306661021277,9.975444328866935,-6.585062042755792,-0.4686515813999512,-6.5850204269948085,17470.347063123747,0.0,0.1982440594157468,1.9482726234074998,2244157.3495041556,578.2771319026116
201500.0,4617975.0458902465,328834.3750121848,4617945.840768969,9.526154650894101,1792.259783196391,9.316943787976374,-6.585032065077532,-0.46890491797261136,-6.584990419682223,17470.347063123747,0.0,0.1982440594157468,1.9482726234074998,2244157.3495041556,578.2771319026116
201600.0,4617975.965580601,329013.5986455576,4617946.739538445,8.867652936053844,1792.2128800373516,8.658446239157398,-6.585002260592898,-0.46915826447035736,-6.5849605855624525,17470.347063123747,0.0,0.1982440594157468,1.9482726234074998,2244157.3495041556,578.2771319026116
201700.0,4617976.819420933,329192.81758734776,4617947.572458316,8.209154193002533,1792.1659515431652,7.999951665090922,-6.584972629297935,-0.46941162092029304,-6.5849309246315375,17470.347063123747,0.0,0.1982440594157468,1.9482726234074998,2244157.3495041556,578.2771319026116
201800.0,4617977.607411538,329372.0318350217,4617948.339528876,7.5506584044214,1792.118997712835,7.34146004845826,-6.584943171188698,-0.4696649873495217,-6.584901436885524,17470.347063123747,0.0,0.1982440594157468,1.9482726234074998,2244157.3495041556,578.2771319026116
201900.0,4617978.329552712,329551.24138604576,4617949.0407504225,6.892165552992068,1792.0720185453617,6.682971371941118,-6.584913886261262,-0.4699183637851491,-6.584872122320487,17470.347063123747,0.0,0.1982440594157468,1.9482726234074998,2244157.3495041556,578.2771319026116
202000.0,4617978.985844746,329730.44623788615,4617949.6761232475,6.233675621396551,1792.0250140397436,6.024485618221593,-6.584884774511742,-0.47017175025428287,-6.5848429809325415,17470.347063123747,0.0,0.1982440594157468,1.9482726234074998,2244157.3495041556,578.2771319026116
202100.0,4617979.576287933,329909.6463880091,4617950.245647643,5.575188592317252,1791.9779841949755,5.3660027699821695,-6.58485583593627,-0.47042514678403213,-6.584814012717814,17470.347063123747,0.0,0.1982440594157468,1.9482726234074998,2244157.3495041556,578.2771319026116
202200.0,4617980.100882561,330088.8418338805,4617950.749323898,4.916704448436958,1791.9309290100505,4.7075228099057185,-6.584827070530999,-0.470678553401507,-6.5847852176724535,17470.347063123747,0.0,0.1982440594157468,1.9482726234074998,2244157.3495041556,578.2771319026116
202300.0,4617980.559628918,330268.0325729664,4617951.187152301,4.258223172438839,1791.8838484839582,4.049045720675494,-6.584798478292122,-0.47093197013382065,-6.584756595792653,17470.347063123747,0.0,0.1982440594157468,1.9482726234074998,2244157.3495041556,578.2771319026116
202400.0,4617980.95252729,330447.2186027326,4617951.559133138,3.5997447470064468,1791.8367426156858,3.39057148497513,-6.584770059215846,-0.4711853970080866,-6.584728147074611,17470.347063123747,0.0,0.1982440594157468,1.9482726234074998,2244157.3495041556,578.2771319026116
202500.0,4617981.279577962,330626.39992064476,4617951.865266693,2.941269154823709,1791.7896114042178,2.7321000854886393,-6.584741813298399,-0.4714388340514201,-6.584699871514556,17470.347063123747,0.0,0.1982440594157468,1.9482726234074998,2244157.3495041556,578.2771319026116
202600.0,4617981.540781216,330805.5765241686,4617952.105553249,2.282796378574931,1791.7424548485358,2.0736315049004106,-6.584713740536044,-0.47169228129093915,-6.5846717691087475,17470.347063123747,0.0,0.1982440594157468,1.9482726234074998,2244157.3495041556,578.2771319026116
202700.0,4617981.736137331,330984.7484107696,4617952.279993087,1.6243264009447882,1791.6952729476188,1.4151657258952057,-6.584685840925066,-0.47194573875376217,-6.584643839853466,17470.347063123747,0.0,0.1982440594157468,1.9482726234074998,2244157.3495041556,578.2771319026116
202800.0,4617981.865646589,331163.9155779132,4617952.388586487,0.9658592046183286,1791.6480657004433,0.7567027311581569,-6.58465811446177,-0.47219920646700975,-6.584616083745014,17470.347063123747,0.0,0.1982440594157468,1.9482726234074998,2244157.3495041556,578.2771319026116
202900.0,4617981.929309265,331343.07802306477,4617952.431333725,0.30739477228096734,1791.600833105983,0.09824250337476459,-6.584630561142493,-0.47245268445780425,-6.584588500779726,17470.347063123747,0.0,0.1982440594157468,1.9482726234074998,2244157.3495041556,578.2771319026116
203000.0,4617981.927125635,331522.23574368947,4617952.408235079,-0.35106691338151563,1791.5535751632083,-0.5602149747691054,-6.584603180963594,-0.4727061727532696,-6.584561090953958,17470.347063123747,0.0,0.1982440594157468,1.9482726234074998,2244157.3495041556,578.2771319026116
203100.0,4617981.859095973,331701.38873725245,4617952.319290821,-1.0095258696829768,1791.5062918710878,-1.2186697205872237,-6.584575973921458,-0.47295967138053135,-6.584533854264089,17470.347063123747,0.0,0.1982440594157468,1.9482726234074998,2244157.3495041556,578.2771319026116
203200.0,4617981.725220552,331880.5370012187,4617952.164501226,-1.6679821139369126,1791.458983228587,-1.8771217513930003,-6.584548940012493,-0.47321318036671667,-6.584506790706528,17470.347063123747,0.0,0.1982440594157468,1.9482726234074998,2244157.3495041556,578.2771319026116
203300.0,4617981.52549964,332059.6805330531,4617951.943866561,-2.3264356634564622,1791.4116492346684,-2.5355710844994874,-6.584522079233139,-0.4734666997389551,-6.584479900277712,17470.347063123747,0.0,0.1982440594157468,1.9482726234074998,2244157.3495041556,578.2771319026116
203400.0,4617981.259933508,332238.8193302205,4617951.657387097,-2.984886535554409,1791.3642898882922,-3.194017737219382,-6.584495391579851,-0.4737202295243766,-6.584453182974085,17470.347063123747,0.0,0.1982440594157468,1.9482726234074998,2244157.3495041556,578.2771319026116
203500.0,4617980.928522422,332417.95339018566,4617951.305063102,-3.643334747543184,1791.3169051884156,-3.8524617268650276,-6.584468877049114,-0.47397376975011396,-6.584426638792139,17470.347063123747,0.0,0.1982440594157468,1.9482726234074998,2244157.3495041556,578.2771319026116
203600.0,4617980.531266646,332597.0827104131,4617950.886894841,-4.301780316734868,1791.2694951339934,-4.510903070748417,-6.5844425356374385,-0.4742273204433008,-6.584400267728376,17470.347063123747,0.0,0.1982440594157468,1.9482726234074998,2244157.3495041556,578.2771319026116
203700.0,4617980.068166446,332776.20728836727,4617950.402882576,-4.960223260441192,1791.2220597239773,-5.169341786181194,-6.584416367341359,-0.47448088163107316,-6.584374069779328,17470.347063123747,0.0,0.1982440594157468,1.9482726234074998,2244157.3495041556,578.2771319026116
203800.0,4617979.539222081,332955.3271215126,4617949.853026571,-5.618663595973546,1791.1745989573164,-5.827777890474659,-6.584390372157442,-0.47473445334056874,-6.584348044941557,17470.347063123747,0.0,0.1982440594157468,1.9482726234074998,2244157.3495041556,578.2771319026116
203900.0,4617978.944433813,333134.44220731343,4617949.237327085,-6.2771013406429725,1791.1271128329574,-6.486211400939768,-6.584364550082262,-0.47498803559892616,-6.584322193211637,17470.347063123747,0.0,0.1982440594157468,1.9482726234074998,2244157.3495041556,578.2771319026116
204000.0,4617978.283801899,333313.5525432339,4617948.555784376,-6.935536511760177,1791.079601349844,-7.144642334887135,-6.584338901112438,-0.47524162843328693,-6.584296514586181,17470.347063123747,0.0,0.1982440594157468,1.9482726234074998,2244157.3495041556,578.2771319026116
204100.0,4617977.557326596,333492.6581267381,4617947.808398703,-7.5939691266355265,1791.0320645069173,-7.80307070962704,-6.584313425244605,-0.47549523187079357,-6.584271009061823,17470.347063123747,0.0,0.1982440594157468,1.9482726234074998,2244157.3495041556,578.2771319026116
204200.0,4617976.765008159,333671.75895528996,4617946.995170319,-8.252399202579053,1790.9845023031155,-8.461496542469424,-6.5842881224754155,-0.4757488459385899,-6.584245676635214,17470.347063123747,0.0,0.1982440594157468,1.9482726234074998,2244157.3495041556,578.2771319026116
204300.0,4617975.90684684,333850.8550263533,4617946.116099479,-8.910826756900455,1790.9369147373743,-9.119919850723898,-6.584262992801568,-0.47600247066382295,-6.584220517303045,17470.347063123747,0.0,0.1982440594157468,1.9482726234074998,2244157.3495041556,578.2771319026116
204400.0,4617974.982842891,334029.946337392,4617945.171186433,-9.569251806909103,1790.8893018086267,-9.778340651699738,-6.584238036219764,-0.47625610607363994,-6.584195531062018,17470.347063123747,0.0,0.1982440594157468,1.9482726234074998,2244157.3495041556,578.2771319026116
204500.0,4617973.992996561,334209.03288586956,4617944.160431432,-10.227674369914034,1790.8416635158026,-10.436758962705897,-6.584213252726738,-0.4765097521951904,-6.58417071790886,17470.347063123747,0.0,0.1982440594157468,1.9482726234074998,2244157.3495041556,578.2771319026116
204600.0,4617972.937308099,334388.1146692496,4617943.083834723,-10.886094463223968,1790.7939998578297,-11.095174801050998,-6.584188642319259,-0.4767634090556263,-6.584146077840342,17470.347063123747,0.0,0.1982440594157468,1.9482726234074998,2244157.3495041556,578.2771319026116
204700.0,4617971.815777751,334567.1916849956,4617941.941396553,-11.544512104147296,1790.7463108336326,-11.753588184043345,-6.584164204994106,-0.47701707668209997,-6.584121610853234,17470.347063123747,0.0,0.1982440594157468,1.9482726234074998,2244157.3495041556,578.2771319026116
204800.0,4617970.62840576,334746.2639305708,4617940.733117167,-12.202927309992093,1790.6985964421335,-12.411999128990919,-6.584139940748099,-0.47727075510176736,-6.584097316944359,17470.347063123747,0.0,0.1982440594157468,1.9482726234074998,2244157.3495041556,578.2771319026116
204900.0,4617969.375192369,334925.3314034384,4617939.458996808,-12.861340098066115,1790.6508566822515,-13.070407653201384,-6.58411584957806,-0.4775244443417838,-6.584073196110535,17470.347063123747,0.0,0.1982440594157468,1.9482726234074998,2244157.3495041556,578.2771319026116
205000.0,4617968.05613782,335104.39410106157,4617938.119035717,-13.519750485676802,1790.6030915529034,-13.72881377398209,-6.584091931480865,-0.477778144429309,-6.584049248348629,17470.347063123747,0.0,0.1982440594157468,1.9482726234074998,2244157.3495041556,578.2771319026116
205100.0,4617966.671242352,335283.4520209033,4617936.713234133,-14.17815849013128,1790.5553010530032,-14.38721750864007,-6.58406818645339,-0.4780318553915023,-6.58402547365552,17470.347063123747,0.0,0.1982440594157468,1.9482726234074998,2244157.3495041556,578.2771319026116
205200.0,4617965.2205062015,335462.50516042643,4617935.241592295,-14.836564128736367,1790.5074851814618,-15.04561887448205,-6.5840446144925515,-0.47828557725552584,-6.584001872028117,17470.347063123747,0.0,0.1982440594157468,1.9482726234074998,2244157.3495041556,578.2771319026116
205300.0,4617963.703929605,335641.5535170938,4617933.704110437,-15.494967418798574,1790.4596439371878,-15.704017888814448,-6.584021215595285,-0.47853931004854366,-6.583978443463355,17470.347063123747,0.0,0.1982440594157468,1.9482726234074998,2244157.3495041556,578.2771319026116
205400.0,4617962.121512796,335820.5970883681,4617932.100788794,-16.15336837762411,1790.411777319087,-16.362414568943375,-6.583997989758549,-0.47879305379772125,-6.583955187958189,17470.347063123747,0.0,0.1982440594157468,1.9482726234074998,2244157.3495041556,578.2771319026116
205500.0,4617960.473256007,335999.6358717118,4617930.4316276,-16.81176702251887,1790.3638853260622,-17.02080893217464,-6.5839749369793354,-0.4790468085302262,-6.583932105509607,17470.347063123747,0.0,0.1982440594157468,1.9482726234074998,2244157.3495041556,578.2771319026116
205600.0,4617958.759159468,336178.6698645874,4617928.696627085,-17.47016337078846,1790.315967957014,-17.679200995813748,-6.583952057254655,-0.4793005742732275,-6.583909196114617,17470.347063123747,0.0,0.1982440594157468,1.9482726234074998,2244157.3495041556,578.2771319026116
205700.0,4617956.979223409,336357.6990644573,4617926.8957874775,-18.128557439738184,1790.2680252108398,-18.337590777165914,-6.583929350581538,-0.4795543510538961,-6.583886459770248,17470.347063123747,0.0,0.1982440594157468,1.9482726234074998,2244157.3495041556,578.2771319026116
205800.0,4617955.133448056,336536.72346878366,4617925.029109005,-18.786949246673053,1790.2200570864345,-18.99597829353605,-6.583906816957058,-0.47980813889940516,-6.583863896473564,17470.347063123747,0.0,0.1982440594157468,1.9482726234074998,2244157.3495041556,578.2771319026116
205900.0,4617953.221833634,336715.74307502864,4617923.096591894,-19.445338808897784,1790.1720635826903,-19.654363562228784,-6.583884456378291,-0.48006193783692913,-6.583841506221645,17470.347063123747,0.0,0.1982440594157468,1.9482726234074998,2244157.3495041556,578.2771319026116
206000.0,4617951.244380368,336894.7578806542,4617921.098236367,-20.103726143716806,1790.1240446984966,-20.312746600548444,-6.583862268842352,-0.48031574789364445,-6.583819289011602,17470.347063123747,0.0,0.1982440594157468,1.9482726234074998,2244157.3495041556,578.2771319026116
206100.0,4617949.201088479,337073.76788312226,4617919.034042647,-20.762111268434253,1790.07600043274,-20.97112742579907,-6.58384025434638,-0.4805695690967295,-6.583797244840564,17470.347063123747,0.0,0.1982440594157468,1.9482726234074998,2244157.3495041556,578.2771319026116
206200.0,4617947.0919581875,337252.77307989466,4617916.904010955,-21.420494200353986,1790.0279307843048,-21.629506055284427,-6.5838184128875366,-0.4808234014733646,-6.583775373705698,17470.347063123747,0.0,0.1982440594157468,1.9482726234074998,2244157.3495041556,578.2771319026116
206300.0,4617944.916989712,337431.773468433,4617914.708141509,-22.078874956779572,1789.979835752072,-22.287882506307987,-6.583796744463003,-0.48107724505073146,-6.583753675604179,17470.347063123747,0.0,0.1982440594157468,1.9482726234074998,2244157.3495041556,578.2771319026116
206400.0,4617942.676183268,337610.7690461989,4617912.446434527,-22.737253555014306,1789.9317153349202,-22.946256796172946,-6.58377524907,-0.4813310998560144,-6.583732150533222,17470.347063123747,0.0,0.1982440594157468,1.9482726234074998,2244157.3495041556,578.2771319026116
206500.0,4617940.369539073,337789.7598106538,4617910.118890222,-23.3956300123612,1789.8835695317255,-23.604628942182224,-6.583753926705757,-0.48158496591639877,-6.583710798490055,17470.347063123747,0.0,0.1982440594157468,1.9482726234074998,2244157.3495041556,578.2771319026116
206600.0,4617937.997057337,337968.74575925904,4617907.725508809,-24.05400434612299,1789.8353983413608,-24.26299896163846,-6.583732777367543,-0.48183884325907245,-6.5836896194719445,17470.347063123747,0.0,0.1982440594157468,1.9482726234074998,2244157.3495041556,578.2771319026116
206700.0,4617935.558738274,338147.72688947583,4617905.2662905,-24.71237657360215,1789.7872017626967,-24.92136687184402,-6.583711801052646,-0.4820927319112253,-6.583668613476175,17470.347063123747,0.0,0.1982440594157468,1.9482726234074998,2244157.3495041556,578.2771319026116
206800.0,4617933.054582092,338326.7031987653,4617902.741235504,-25.370746712100875,1789.7389797946007,-25.579732690101014,-6.583690997758371,-0.4823466319000481,-6.583647780500047,17470.347063123747,0.0,0.1982440594157468,1.9482726234074998,2244157.3495041556,578.2771319026116
206900.0,4617930.484589,338505.6746845884,4617900.150344031,-26.02911477892109,1789.690732435938,-26.238096433711263,-6.58367036748206,-0.48260054325273416,-6.583627120540902,17470.347063123747,0.0,0.1982440594157468,1.9482726234074998,2244157.3495041556,578.2771319026116
207000.0,4617927.848759205,338684.64134440606,4617897.493616286,-26.687480791364464,1789.6424596855704,-26.896458119976337,-6.583649910221072,-0.48285446599647863,-6.5836066335960925,17470.347063123747,0.0,0.1982440594157468,1.9482726234074998,2244157.3495041556,578.2771319026116
207100.0,4617925.1470929105,338863.60317567905,4617894.771052474,-27.345844766732398,1789.594161542358,-27.554817766197537,-6.583629625972802,-0.48310840015847906,-6.583586319663011,17470.347063123747,0.0,0.1982440594157468,1.9482726234074998,2244157.3495041556,578.2771319026116
207200.0,4617922.3795903195,339042.56017586804,4617891.982652799,-28.004206722326032,1789.5458380051573,-28.213175389675907,-6.583609514734653,-0.48336234576593384,-6.58356617873906,17470.347063123747,0.0,0.1982440594157468,1.9482726234074998,2244157.3495041556,578.2771319026116
207300.0,4617919.546251633,339221.51234243356,4617889.128417463,-28.66256667544625,1789.4974890728224,-28.871531007712232,-6.583589576504061,-0.4836163028460437,-6.583546210821673,17470.347063123747,0.0,0.1982440594157468,1.9482726234074998,2244157.3495041556,578.2771319026116
207400.0,4617916.647077051,339400.45967283606,4617886.208346664,-29.32092464339368,1789.4491147442047,-29.52988463760704,-6.583569811278499,-0.48387027142601224,-6.583526415908315,17470.347063123747,0.0,0.1982440594157468,1.9482726234074998,2244157.3495041556,578.2771319026116
207500.0,4617913.68206677,339579.40216453583,4617883.222440601,-29.9792806434687,1789.400715018153,-30.18823629666061,-6.583550219055449,-0.4841242515330435,-6.5835067939964675,17470.347063123747,0.0,0.1982440594157468,1.9482726234074998,2244157.3495041556,578.2771319026116
207600.0,4617910.651220988,339758.3398149931,4617880.17069947,-30.63763469297144,1789.352289893513,-30.846586002172966,-6.583530799832425,-0.48437824319434436,-6.5834873450836415,17470.347063123747,0.0,0.1982440594157468,1.9482726234074998,2244157.3495041556,578.2771319026116
207700.0,4617907.554539897,339937.2726216679,4617877.053123465,-31.29598680920177,1789.3038393691281,-31.504933771443888,-6.583511553606963,-0.4846322464371234,-6.583468069167368,17470.347063123747,0.0,0.1982440594157468,1.9482726234074998,2244157.3495041556,578.2771319026116
207800.0,4617904.39202369,340116.2005820202,4617873.869712779,-31.954337009459334,1789.2553634438386,-32.16327962177291,-6.583492480376622,-0.4848862612885908,-6.583448966245205,17470.347063123747,0.0,0.1982440594157468,1.9482726234074998,2244157.3495041556,578.2771319026116
207900.0,4617901.163672558,340295.1236935099,4617870.620467604,-32.61268531104352,1789.2068621164824,-32.821623570459316,-6.583473580138993,-0.48514028777595947,-6.583430036314743,17470.347063123747,0.0,0.1982440594157468,1.9482726234074998,2244157.3495041556,578.2771319026116
208000.0,4617897.8694866905,340474.0419535967,4617867.305388128,-33.27103173125348,1789.1583353858946,-33.47996563480216,-6.583454852891693,-0.4853943259264437,-6.583411279373591,17470.347063123747,0.0,0.1982440594157468,1.9482726234074998,2244157.3495041556,578.2771319026116
208100.0,4617894.509466274,340652.95535974024,4617863.924474539,-33.92937628738812,1789.1097832509074,-34.138305832100265,-6.583436298632353,-0.4856483757672598,-6.583392695419377,17470.347063123747,0.0,0.1982440594157468,1.9482726234074998,2244157.3495041556,578.2771319026116
208200.0,4617891.083611494,340831.8639094,4617860.477727023,-34.58771899674613,1789.0612057103506,-34.79664417965219,-6.583417917358639,-0.485902437325626,-6.583374284449764,17470.347063123747,0.0,0.1982440594157468,1.9482726234074998,2244157.3495041556,578.2771319026116
208300.0,4617887.591922535,341010.7676000354,4617856.965145764,-35.24605987662596,1789.0126027630508,-35.454980694756294,-6.583399709068241,-0.4861565106287632,-6.583356046462441,17470.347063123747,0.0,0.1982440594157468,1.9482726234074998,2244157.3495041556,578.2771319026116
208400.0,4617884.034399578,341189.6664291057,4617853.386730945,-35.90439894432581,1788.9639744078324,-36.11331539471068,-6.583381673758864,-0.4864105957038929,-6.58333798145511,17470.347063123747,0.0,0.1982440594157468,1.9482726234074998,2244157.3495041556,578.2771319026116
208500.0,4617880.411042806,341368.56039407,4617849.742482745,-36.56273621714369,1788.9153206435167,-36.77164829681324,-6.5833638114282484,-0.48666469257823963,-6.583320089425507,17470.347063123747,0.0,0.1982440594157468,1.9482726234074998,2244157.3495041556,578.2771319026116
208600.0,4617876.721852395,341547.44949238736,4617846.032401345,-37.221071712377345,1788.8666414689226,-37.42997941836163,-6.583346122074163,-0.4869188012790299,-6.583302370371395,17470.347063123747,0.0,0.1982440594157468,1.9482726234074998,2244157.3495041556,578.2771319026116
208700.0,4617872.966828522,341726.3337215167,4617842.256486921,-37.87940544732433,1788.8179368828658,-38.08830877665329,-6.583328605694384,-0.4871729218334918,-6.583284824290553,17470.347063123747,0.0,0.1982440594157468,1.9482726234074998,2244157.3495041556,578.2771319026116
208800.0,4617869.145971363,341905.21307891683,4617838.414739648,-38.53773743928196,1788.7692068841598,-38.74663638898544,-6.583311262286737,-0.4874270542688559,-6.583267451180799,17470.347063123747,0.0,0.1982440594157468,1.9482726234074998,2244157.3495041556,578.2771319026116
208900.0,4617865.259281092,342084.0875620464,4617834.507159701,-39.19606770554734,1788.720451471615,-39.404962272655084,-6.583294091849051,-0.487681198612354,-6.583250251039957,17470.347063123747,0.0,0.1982440594157468,1.9482726234074998,2244157.3495041556,578.2771319026116
209000.0,4617861.306757879,342262.957168364,4617830.53374725,-39.854396263417364,1788.6716706440393,-40.063286444959,-6.583277094379193,-0.487935354891221,-6.5832332238658955,17470.347063123747,0.0,0.1982440594157468,1.9482726234074998,2244157.3495041556,578.2771319026116
209100.0,4617857.288401896,342441.82189532806,4617826.494502468,-40.512723130188704,1788.6228644002379,-40.721608923193756,-6.583260269875049,-0.488189523132693,-6.583216369656495,17470.347063123747,0.0,0.1982440594157468,1.9482726234074998,2244157.3495041556,578.2771319026116
209200.0,4617853.20421331,342620.68174039683,4617822.389425522,-41.17104832315783,1788.574032739013,-41.37992972465572,-6.583243618334528,-0.48844370336400783,-6.583199688409661,17470.347063123747,0.0,0.1982440594157468,1.9482726234074998,2244157.3495041556,578.2771319026116
209300.0,4617849.054192287,342799.5367010286,4617818.218516578,-41.82937185962099,1788.5251756591645,-42.03824886664104,-6.583227139755574,-0.4886978956124069,-6.583183180123337,17470.347063123747,0.0,0.1982440594157468,1.9482726234074998,2244157.3495041556,578.2771319026116
209400.0,4617844.838338993,342978.38677468133,4617813.981775803,-42.48769375687426,1788.4762931594892,-42.69656636644567,-6.5832108341361435,-0.48895209990513194,-6.583166844795474,17470.347063123747,0.0,0.1982440594157468,1.9482726234074998,2244157.3495041556,578.2771319026116
209500.0,4617840.55665359,343157.2319588131,4617809.6792033585,-43.14601403221347,1788.4273852387812,-43.35488224136535,-6.583194701474232,-0.48920631626942795,-6.583150682424064,17470.347063123747,0.0,0.1982440594157468,1.9482726234074998,2244157.3495041556,578.2771319026116
209600.0,4617836.20913624,343336.0722508817,4617805.310799408,-43.80433270293429,1788.378451895832,-44.013196508695636,-6.583178741767844,-0.489460544732541,-6.583134693007108,17470.347063123747,0.0,0.1982440594157468,1.9482726234074998,2244157.3495041556,578.2771319026116
209700.0,4617831.795787103,343514.9076483448,4617800.87656411,-44.46264978633216,1788.3294931294306,-44.671509185731864,-6.5831629550150215,-0.4897147853217202,-6.583118876542647,17470.347063123747,0.0,0.1982440594157468,1.9482726234074998,2244157.3495041556,578.2771319026116
209800.0,4617827.316606335,343693.7381486601,4617796.376497623,-45.12096529970234,1788.2805089383628,-45.32982028976919,-6.583147341213828,-0.48996903806421604,-6.583103233028739,17470.347063123747,0.0,0.1982440594157468,1.9482726234074998,2244157.3495041556,578.2771319026116
209900.0,4617822.771594094,343872.563749285,4617791.810600103,-45.77927926033991,1788.2314993214118,-45.988129838102566,-6.583131900362351,-0.4902233029872818,-6.583087762463472,17470.347063123747,0.0,0.1982440594157468,1.9482726234074998,2244157.3495041556,578.2771319026116
210000.0,4617818.160750534,344051.3844476768,4617787.178871706,-46.43759168553974,1788.1824642773583,-46.64643784802677,-6.5831166324587,-0.4904775801181715,-6.583072464844947,17470.347063123747,0.0,0.1982440594157468,1.9482726234074998,2244157.3495041556,578.2771319026116
210100.0,4617813.484075808,344230.2002412928,4617782.481312584,-47.095902592596524,1788.1334038049804,-47.304744336836386,-6.583101537501013,-0.4907318694841426,-6.583057340171303,17470.347063123747,0.0,0.1982440594157468,1.9482726234074998,2244157.3495041556,578.2771319026116
210200.0,4617808.741570066,344409.01112759014,4617777.717922889,-47.754211998804756,1788.0843179030528,-47.9630493218258,-6.583086615487454,-0.4909861711124543,-6.583042388440701,17470.347063123747,0.0,0.1982440594157468,1.9482726234074998,2244157.3495041556,578.2771319026116
210300.0,4617803.933233458,344587.81710402574,4617772.888702769,-48.41251992145876,1788.0352065703482,-48.62135282028923,-6.583071866416211,-0.49124048503036766,-6.583027609651322,17470.347063123747,0.0,0.1982440594157468,1.9482726234074998,2244157.3495041556,578.2771319026116
210400.0,4617799.059066131,344766.6181680565,4617767.993652374,-49.07082637785268,1787.9860698056361,-49.27965484952071,-6.583057290285492,-0.4914948112651457,-6.583013003801373,17470.347063123747,0.0,0.1982440594157468,1.9482726234074998,2244157.3495041556,578.2771319026116
210500.0,4617794.1190682305,344945.4143171391,4617763.032771848,-49.72913138528048,1787.9369076076837,-49.93795542681409,-6.583042887093542,-0.4917491498440545,-6.582998570889098,17470.347063123747,0.0,0.1982440594157468,1.9482726234074998,2244157.3495041556,578.2771319026116
210600.0,4617789.113239901,345124.20554873015,4617758.006061336,-50.38743496103596,1787.8877199752549,-50.596254569463056,-6.5830286568386205,-0.4920035007943613,-6.5829843109127495,17470.347063123747,0.0,0.1982440594157468,1.9482726234074998,2244157.3495041556,578.2771319026116
210700.0,4617784.041581285,345302.9918602862,4617752.913520981,-51.04573712241272,1787.8385069071114,-51.25455229476111,-6.583014599519012,-0.4922578641433356,-6.582970223870611,17470.347063123747,0.0,0.1982440594157468,1.9482726234074998,2244157.3495041556,578.2771319026116
210800.0,4617778.904092523,345481.77324926364,4617747.7551509235,-51.704037886704214,1787.789268402012,-51.9128486200016,-6.583000715133034,-0.4925122399182495,-6.582956309760994,17470.347063123747,0.0,0.1982440594157468,1.9482726234074998,2244157.3495041556,578.2771319026116
210900.0,4617773.700773754,345660.54971311864,4617742.5309513025,-52.36233727120372,1787.7400044587127,-52.57114356247767,-6.582987003679018,-0.4927666281463768,-6.582942568582231,17470.347063123747,0.0,0.1982440594157468,1.9482726234074998,2244157.3495041556,578.2771319026116
211000.0,4617768.431625115,345839.32124930737,4617737.240922256,-53.02063529320436,1787.6907150759669,-53.22943713948235,-6.582973465155329,-0.49302102885499394,-6.582929000332683,17470.347063123747,0.0,0.1982440594157468,1.9482726234074998,2244157.3495041556,578.2771319026116
211100.0,4617763.09664674,346018.0878552858,4617731.88506392,-53.67893196999908,1787.6414002525248,-53.88772936830846,-6.58296009956036,-0.49327544207137924,-6.582915605010737,17470.347063123747,0.0,0.1982440594157468,1.9482726234074998,2244157.3495041556,578.2771319026116
211200.0,4617757.695838764,346196.8495285098,4617726.463376427,-54.337227318880664,1787.5920599871347,-54.546020266248696,-6.582946906892514,-0.4935298678228129,-6.5829023826147965,17470.347063123747,0.0,0.1982440594157468,1.9482726234074998,2244157.3495041556,578.2771319026116
211300.0,4617752.22920132,346375.60626643506,4617720.97585991,-54.99552135714176,1787.5426942785416,-55.20430985059557,-6.582933887150235,-0.4937843061365778,-6.5828893331432985,17470.347063123747,0.0,0.1982440594157468,1.9482726234074998,2244157.3495041556,578.2771319026116
211400.0,4617746.6967345355,346554.3580665173,4617715.4225145,-55.65381410207485,1787.4933031254877,-55.86259813864145,-6.58292104033198,-0.4940387570399588,-6.582876456594703,17470.347063123747,0.0,0.1982440594157468,1.9482726234074998,2244157.3495041556,578.2771319026116
211500.0,4617741.098438541,346733.10492621193,4617709.803340325,-56.31210557097224,1787.443886526713,-56.520885147678555,-6.582908366436241,-0.4942932205602429,-6.582863752967489,17470.347063123747,0.0,0.1982440594157468,1.9482726234074998,2244157.3495041556,578.2771319026116
211600.0,4617735.434313463,346911.84684297437,4617704.118337513,-56.97039578112613,1787.3944444809542,-57.17917089499895,-6.582895865461526,-0.49454769672471915,-6.58285122226017,17470.347063123747,0.0,0.1982440594157468,1.9482726234074998,2244157.3495041556,578.2771319026116
211700.0,4617729.704359426,347090.58381425985,4617698.367506188,-57.62868474982854,1787.3449769869458,-57.83745539789454,-6.582883537406376,-0.49480218556067945,-6.582838864471279,17470.347063123747,0.0,0.1982440594157468,1.9482726234074998,2244157.3495041556,578.2771319026116
211800.0,4617723.908576554,347269.31583752343,4617692.550846474,-58.28697249437135,1787.2954840434188,-58.4957386736571,-6.58287138226935,-0.49505668709541717,-6.582826679599374,17470.347063123747,0.0,0.1982440594157468,1.9482726234074998,2244157.3495041556,578.2771319026116
211900.0,4617718.046964968,347448.04291022016,4617686.668358494,-58.9452590320463,1787.2459656491023,-59.154020739578264,-6.582859400049041,-0.4953112013562287,-6.582814667643044,17470.347063123747,0.0,0.1982440594157468,1.9482726234074998,2244157.3495041556,578.2771319026116
212000.0,4617712.119524787,347626.76502980484,4617680.720042367,-59.603544380145,1787.1964218027224,-59.81230161294952,-6.582847590744054,-0.4955657283704115,-6.58280282860089,17470.347063123747,0.0,0.1982440594157468,1.9482726234074998,2244157.3495041556,578.2771319026116
212100.0,4617706.126256131,347805.4821937322,4617674.70589821,-60.261828555958914,1787.1468525030023,-60.470581311062205,-6.582835954353029,-0.49582026816526625,-6.58279116247155,17470.347063123747,0.0,0.1982440594157468,1.9482726234074998,2244157.3495041556,578.2771319026116
212200.0,4617700.067159114,347984.19439945696,4617668.625926143,-60.92011157677936,1787.0972577486625,-61.128859851207544,-6.582824490874627,-0.49607482076809567,-6.582779669253681,17470.347063123747,0.0,0.1982440594157468,1.9482726234074998,2244157.3495041556,578.2771319026116
212300.0,4617693.942233853,348162.90164443344,4617662.4801262785,-61.57839345989755,1787.047637538421,-61.787137250676615,-6.582813200307536,-0.4963293862062046,-6.582768348945971,17470.347063123747,0.0,0.1982440594157468,1.9482726234074998,2244157.3495041556,578.2771319026116
212400.0,4617687.751480459,348341.6039261161,4617656.26849873,-62.236674222604535,1786.9979918709926,-62.44541352676037,-6.582802082650469,-0.4965839645069003,-6.582757201547126,17470.347063123747,0.0,0.1982440594157468,1.9482726234074998,2244157.3495041556,578.2771319026116
212500.0,4617681.494899045,348520.30124195904,4617649.99104361,-62.89495388219127,1786.9483207450899,-63.10368869674963,-6.582791137902162,-0.4968385556974922,-6.58274622705588,17470.347063123747,0.0,0.1982440594157468,1.9482726234074998,2244157.3495041556,578.2771319026116
212600.0,4617675.1724897185,348698.99358941644,4617643.647761026,-63.55323245594855,1786.8986241594225,-63.76196277793509,-6.582780366061376,-0.4970931598052917,-6.582735425470991,17470.347063123747,0.0,0.1982440594157468,1.9482726234074998,2244157.3495041556,578.2771319026116
212700.0,4617668.784252589,348877.6809659422,4617637.238651089,-64.21150996116708,1786.8489021126973,-64.42023578760733,-6.582769767126895,-0.4973477768576128,-6.582724796791242,17470.347063123747,0.0,0.1982440594157468,1.9482726234074998,2244157.3495041556,578.2771319026116
212800.0,4617662.330187761,349056.36336899025,4617630.763713904,-64.86978641513743,1786.7991546036185,-65.0785077430568,-6.582759341097535,-0.4976024068817719,-6.582714341015439,17470.347063123747,0.0,0.1982440594157468,1.9482726234074998,2244157.3495041556,578.2771319026116
212900.0,4617655.810295341,349235.0407960142,4617624.222949575,-65.52806183515006,1786.7493816308877,-65.73677866157385,-6.582749087972133,-0.4978570499050875,-6.582704058142421,17470.347063123747,0.0,0.1982440594157468,1.9482726234074998,2244157.3495041556,578.2771319026116
213000.0,4617649.224575428,349413.7132444676,4617617.616358205,-66.18633623849529,1786.6995831932034,-66.39504856044869,-6.5827390077495505,-0.4981117059548809,-6.5826939481710465,17470.347063123747,0.0,0.1982440594157468,1.9482726234074998,2244157.3495041556,578.2771319026116
213100.0,4617642.573028126,349592.38071180397,4617610.943939895,-66.84460964246335,1786.6497592892615,-67.05331745697141,-6.582729100428666,-0.4983663750584744,-6.582684011100191,17470.347063123747,0.0,0.1982440594157468,1.9482726234074998,2244157.3495041556,578.2771319026116
213200.0,4617635.855653533,349771.0431954766,4617604.205694746,-67.50288206434438,1786.5999099177554,-67.71158536843204,-6.5827193660084,-0.49862105724319433,-6.582674246928772,17470.347063123747,0.0,0.1982440594157468,1.9482726234074998,2244157.3495041556,578.2771319026116
213300.0,4617629.072451745,349949.7006929386,4617597.401622854,-68.16115352142836,1786.550035077376,-68.36985231212044,-6.582709804487689,-0.4988757525363683,-6.582664655655718,17470.347063123747,0.0,0.1982440594157468,1.9482726234074998,2244157.3495041556,578.2771319026116
213400.0,4617622.22342286,350128.35320164304,4617590.531724315,-68.8194240310052,1786.5001347668103,-69.02811830532642,-6.5827004158654905,-0.49913046096532626,-6.582655237279988,17470.347063123747,0.0,0.1982440594157468,1.9482726234074998,2244157.3495041556,578.2771319026116
213500.0,4617615.30856697,350307.0007190429,4617583.595999224,-69.47769361036471,1786.450208984744,-69.68638336533965,-6.58269120014079,-0.49938518255740094,-6.582645991800564,17470.347063123747,0.0,0.1982440594157468,1.9482726234074998,2244157.3495041556,578.2771319026116
213600.0,4617608.327884168,350485.6432425909,4617576.594447672,-70.13596227679658,1786.400257729859,-70.34464750944971,-6.582682157312601,-0.49963991733992713,-6.582636919216456,17470.347063123747,0.0,0.1982440594157468,1.9482726234074998,2244157.3495041556,578.2771319026116
213700.0,4617601.281374545,350664.2807697397,4617569.527069752,-70.79423004759042,1786.3502810008354,-71.00291075494609,-6.582673287379959,-0.499894665340242,-6.582628019526693,17470.347063123747,0.0,0.1982440594157468,1.9482726234074998,2244157.3495041556,578.2771319026116
213800.0,4617594.169038189,350842.91329794185,4617562.393865551,-71.45249694003573,1786.3002787963496,-71.66117311911816,-6.582664590341933,-0.5001494265856858,-6.582619292730345,17470.347063123747,0.0,0.1982440594157468,1.9482726234074998,2244157.3495041556,578.2771319026116
213900.0,4617586.990875186,351021.54082464974,4617555.194835157,-72.11076297142193,1786.2502511150758,-72.31943461925523,-6.582656066197592,-0.5004042011035995,-6.582610738826475,17470.347063123747,0.0,0.1982440594157468,1.9482726234074998,2244157.3495041556,578.2771319026116
214000.0,4617579.746885623,351200.1633473156,4617547.929978656,-72.76902815903834,1786.2001979556856,-72.97769527264651,-6.582647714946059,-0.5006589889213282,-6.582602357814208,17470.347063123747,0.0,0.1982440594157468,1.9482726234074998,2244157.3495041556,578.2771319026116
214100.0,4617572.437069582,351378.7808633916,4617540.59929613,-73.4272925201742,1786.1501193168474,-73.6359550965811,-6.582639536586471,-0.5009137900662186,-6.582594149692672,17470.347063123747,0.0,0.1982440594157468,1.9482726234074998,2244157.3495041556,578.2771319026116
214200.0,4617565.061427145,351557.39337032964,4617533.202787663,-74.08555607211868,1786.100015197227,-74.29421410834804,-6.582631531117984,-0.5011686045656198,-6.582586114461022,17470.347063123747,0.0,0.1982440594157468,1.9482726234074998,2244157.3495041556,578.2771319026116
214300.0,4617557.619958393,351736.0008655816,4617525.7404533345,-74.74381883216081,1786.0498855954881,-74.95247232523627,-6.582623698539786,-0.5014234324468833,-6.582578252118442,17470.347063123747,0.0,0.1982440594157468,1.9482726234074998,2244157.3495041556,578.2771319026116
214400.0,4617550.112663404,351914.60334659927,4617518.2122932235,-75.40208081758962,1785.9997305102909,-75.61072976453467,-6.582616038851087,-0.501678273737363,-6.58257056266414,17470.347063123747,0.0,0.1982440594157468,1.9482726234074998,2244157.3495041556,578.2771319026116
214500.0,4617542.539542255,352093.2008108342,4617510.618307407,-76.060342045694,1785.9495499402929,-76.26898644353201,-6.5826085520511235,-0.5019331284644155,-6.5825630460973485,17470.347063123747,0.0,0.1982440594157468,1.9482726234074998,2244157.3495041556,578.2771319026116
214600.0,4617534.90059502,352271.7932557378,4617502.95849596,-76.71860253376278,1785.8993438841492,-76.92724237951703,-6.582601238139155,-0.5021879966553997,-6.582555702417324,17470.347063123747,0.0,0.1982440594157468,1.9482726234074998,2244157.3495041556,578.2771319026116
214700.0,4617527.195821772,352450.38067876146,4617495.232858955,-77.37686229908473,1785.849112340512,-77.58549758977834,-6.582594097114467,-0.5024428783376768,-6.582548531623347,17470.347063123747,0.0,0.1982440594157468,1.9482726234074998,2244157.3495041556,578.2771319026116
214800.0,4617519.425222584,352628.9630773563,4617487.441396465,-78.03512135894856,1785.7988553080309,-78.24375209160453,-6.582587128976372,-0.5026977735386104,-6.582541533714729,17470.347063123747,0.0,0.1982440594157468,1.9482726234074998,2244157.3495041556,578.2771319026116
214900.0,4617511.588797524,352807.54044897336,4617479.584108559,-78.69337973064287,1785.7485727853527,-78.9020059022841,-6.582580333724201,-0.502952682285567,-6.5825347086908,17470.347063123747,0.0,0.1982440594157468,1.9482726234074998,2244157.3495041556,578.2771319026116
215000.0,4617503.68654666,352986.1127910636,4617471.660995306,-79.35163743145624,1785.6982647711213,-79.56025903910549,-6.5825737113573215,-0.5032076046059153,-6.58252805655092,17470.347063123747,0.0,0.1982440594157468,1.9482726234074998,2244157.3495041556,578.2771319026116
215100.0,4617495.718470059,353164.6801010778,4617463.672056773,-80.00989447867715,1785.647931263978,-80.21851151935707,-6.582567261875111,-0.5034625405270262,-6.582521577294466,17470.347063123747,0.0,0.1982440594157468,1.9482726234074998,2244157.3495041556,578.2771319026116
215200.0,4617487.684567786,353343.24237646663,4617455.6172930235,-80.66815088959406,1785.5975722625617,-80.87676336032715,-6.5825609852769835,-0.5037174900762732,-6.582515270920846,17470.347063123747,0.0,0.1982440594157468,1.9482726234074998,2244157.3495041556,578.2771319026116
215300.0,4617479.584839902,353521.7996146805,4617447.496704121,-81.32640668149533,1785.5471877655077,-81.53501457930398,-6.582554881562375,-0.503972453281033,-6.582509137429499,17470.347063123747,0.0,0.1982440594157468,1.9482726234074998,2244157.3495041556,578.2771319026116
215400.0,4617471.419286469,353700.35181316984,4617439.310290127,-81.98466187166929,1785.4967777714494,-82.19326519357577,-6.582548950730749,-0.504227430168684,-6.582503176819877,17470.347063123747,0.0,0.1982440594157468,1.9482726234074998,2244157.3495041556,578.2771319026116
215500.0,4617463.187907547,353878.89896938484,4617431.058051102,-82.64291647740421,1785.446342279017,-82.85151522043066,-6.582543192781577,-0.5044824207666068,-6.582497389091452,17470.347063123747,0.0,0.1982440594157468,1.9482726234074998,2244157.3495041556,578.2771319026116
215600.0,4617454.890703192,354057.44108077564,4617422.739987102,-83.30117051598833,1785.3958812868382,-83.50976467715674,-6.582537607714383,-0.5047374251021856,-6.5824917742437465,17470.347063123747,0.0,0.1982440594157468,1.9482726234074998,2244157.3495041556,578.2771319026116
215700.0,4617446.5276734615,354235.97814479214,4617414.356098185,-83.9594240047098,1785.3453947935377,-84.16801358104208,-6.582532195528692,-0.5049924432028062,-6.582486332276283,17470.347063123747,0.0,0.1982440594157468,1.9482726234074998,2244157.3495041556,578.2771319026116
215800.0,4617438.098818409,354414.5101588842,4617405.906384405,-84.61767696085677,1785.2948827977377,-84.82626194937465,-6.582526956224072,-0.5052474750958578,-6.582481063188622,17470.347063123747,0.0,0.1982440594157468,1.9482726234074998,2244157.3495041556,578.2771319026116
215900.0,4617429.604138087,354593.03712050157,4617397.390845813,-85.2759294017173,1785.2443452980579,-85.48450979944245,-6.582521889800103,-0.5055025208087313,-6.582475966980341,17470.347063123747,0.0,0.1982440594157468,1.9482726234074998,2244157.3495041556,578.2771319026116
216000.0,4617421.0436325455,354771.5590270937,4617388.809482462,-85.93418134457946,1785.1937822931145,-86.14275714853336,-6.582516996256392,-0.5057575803688205,-6.582471043651048,17470.347063123747,0.0,0.1982440594157468,1.9482726234074998,2244157.3495041556,578.2771319026116
216100.0,4617412.417301834,354950.07587611,4617380.1622944,-86.59243280673124,1785.1431937815216,-86.80100401393528,-6.582512275592579,-0.5060126538035218,-6.582466293200377,17470.347063123747,0.0,0.1982440594157468,1.9482726234074998,2244157.3495041556,578.2771319026116
216200.0,4617403.725145999,355128.58766499977,4617371.449281675,-87.25068380546062,1785.0925797618904,-87.45925041293606,-6.582507727808324,-0.5062677411402343,-6.582461715627983,17470.347063123747,0.0,0.1982440594157468,1.9482726234074998,2244157.3495041556,578.2771319026116
216300.0,4617394.967165087,355307.0943912121,4617362.670444332,-87.90893435805555,1785.0419402328293,-88.11749636282349,-6.582503352903309,-0.5065228424063595,-6.582457310933547,17470.347063123747,0.0,0.1982440594157468,1.9482726234074998,2244157.3495041556,578.2771319026116
216400.0,4617386.143359141,355485.596052196,4617353.825782416,-88.56718448180392,1784.991275192944,-88.77574188088536,-6.58249915087724,-0.5067779576293011,-6.582453079116771,17470.347063123747,0.0,0.1982440594157468,1.9482726234074998,2244157.3495041556,578.2771319026116
216500.0,4617377.253728204,355664.09264540026,4617344.91529597,-89.22543419399362,1784.9405846408372,-89.43398698440943,-6.582495121729855,-0.5070330868364661,-6.582449020177392,17470.347063123747,0.0,0.1982440594157468,1.9482726234074998,2244157.3495041556,578.2771319026116
216600.0,4617368.298272316,355842.58416827366,4617335.938985033,-89.88368351191251,1784.8898685751094,-90.09223169068342,-6.58249126546091,-0.5072882300552632,-6.582445134115158,17470.347063123747,0.0,0.1982440594157468,1.9482726234074998,2244157.3495041556,578.2771319026116
216700.0,4617359.276991515,356021.0706182648,4617326.896849644,-90.54193245284841,1784.8391269943581,-90.75047601699504,-6.5824875820701925,-0.5075433873131052,-6.582441420929858,17470.347063123747,0.0,0.1982440594157468,1.9482726234074998,2244157.3495041556,578.2771319026116
216800.0,4617350.189885838,356199.55199282203,4617317.788889841,-91.20018103408916,1784.788359897178,-91.40871998063196,-6.582484071557513,-0.5077985586374062,-6.582437880621296,17470.347063123747,0.0,0.1982440594157468,1.9482726234074998,2244157.3495041556,578.2771319026116
216900.0,4617341.03695532,356378.02828939364,4617308.61510566,-91.85842927292252,1784.7375672821609,-92.06696359888186,-6.5824807339226945,-0.5080537440555827,-6.582434513189297,17470.347063123747,0.0,0.1982440594157468,1.9482726234074998,2244157.3495041556,578.2771319026116
217000.0,4617331.818199995,356556.4995054278,4617299.375497133,-92.51667718663629,1784.686749147896,-92.72520688903236,-6.582477569165609,-0.5083089435950554,-6.582431318633724,17470.347063123747,0.0,0.1982440594157468,1.9482726234074998,2244157.3495041556,578.2771319026116
217100.0,4617322.533619894,356734.9656383725,4617290.070064292,-93.17492479251823,1784.63590549297,-93.38344986837114,-6.5824745772861295,-0.5085641572832461,-6.5824282969544505,17470.347063123747,0.0,0.1982440594157468,1.9482726234074998,2244157.3495041556,578.2771319026116
217200.0,4617313.183215046,356913.4266856757,4617280.698807169,-93.8331721078561,1784.5850363159668,-94.0416925541858,-6.582471758284173,-0.5088193851475802,-6.582425448151386,17470.347063123747,0.0,0.1982440594157468,1.9482726234074998,2244157.3495041556,578.2771319026116
217300.0,4617303.766985482,357091.882644785,4617271.261725791,-94.49141914993764,1784.5341416154672,-94.69993496376397,-6.582469112159667,-0.5090746272154852,-6.58242277222446,17470.347063123747,0.0,0.1982440594157468,1.9482726234074998,2244157.3495041556,578.2771319026116
217400.0,4617294.284931226,357270.33351314795,4617261.7588201845,-95.14966593605061,1784.4832213900495,-95.35817711439323,-6.58246663891257,-0.5093298835143913,-6.582420269173623,17470.347063123747,0.0,0.1982440594157468,1.9482726234074998,2244157.3495041556,578.2771319026116
217500.0,4617284.737052303,357448.77928821207,4617252.190090376,-95.80791248348274,1784.4322756382892,-96.01641902336122,-6.582464338542873,-0.5095851540717325,-6.582417938998868,17470.347063123747,0.0,0.1982440594157468,1.9482726234074998,2244157.3495041556,578.2771319026116
217600.0,4617275.123348736,357627.21996742464,4617242.5555363875,-96.46615880952177,1784.381304358759,-96.67466070795554,-6.582462211050576,-0.5098404389149436,-6.582415781700189,17470.347063123747,0.0,0.1982440594157468,1.9482726234074998,2244157.3495041556,578.2771319026116
217700.0,4617265.443820547,357805.65554823284,4617232.8551582415,-97.12440493145544,1784.3303075500291,-97.3329021854638,-6.582460256435711,-0.5100957380714632,-6.582413797277615,17470.347063123747,0.0,0.1982440594157468,1.9482726234074998,2244157.3495041556,578.2771319026116
217800.0,4617255.698467756,357984.08602808364,4617223.088955957,-97.7826508665715,1784.2792852106668,-97.9911434731736,-6.58245847469834,-0.5103510515687327,-6.582411985731206,17470.347063123747,0.0,0.1982440594157468,1.9482726234074998,2244157.3495041556,578.2771319026116
217900.0,4617245.887290379,358162.5114044239,4617213.256929553,-98.4408966321577,1784.2282373392366,-98.64938458837257,-6.582456865838548,-0.5106063794341961,-6.58241034706104,17470.347063123747,0.0,0.1982440594157468,1.9482726234074998,2244157.3495041556,578.2771319026116
218000.0,4617236.010288434,358340.9316747004,4617203.359079045,-99.09914224550181,1784.1771639343,-99.30762554834834,-6.5824554298564335,-0.5108617216952993,-6.582408881267215,17470.347063123747,0.0,0.1982440594157468,1.9482726234074998,2244157.3495041556,578.2771319026116
218100.0,4617226.067461935,358519.34683635965,4617193.395404448,-99.75738772389158,1784.1260649944168,-99.96586637038855,-6.582454166752141,-0.5111170783794923,-6.582407588349872,17470.347063123747,0.0,0.1982440594157468,1.9482726234074998,2244157.3495041556,578.2771319026116
218200.0,4617216.058810893,358697.7568868481,4617183.365905775,-100.41563308461483,1784.0749405181425,-100.62410707178087,-6.58245307652582,-0.5113724495142269,-6.582406468309156,17470.347063123747,0.0,0.1982440594157468,1.9482726234074998,2244157.3495041556,578.2771319026116
218300.0,4617205.984335321,358876.161823612,4617173.270583037,-101.07387834495934,1784.0237905040312,-101.28234766981295,-6.582452159177654,-0.5116278351269581,-6.58240552114525,17470.347063123747,0.0,0.1982440594157468,1.9482726234074998,2244157.3495041556,578.2771319026116
218400.0,4617195.844035227,359054.56164409756,4617163.109436244,-101.73212352221296,1783.9726149506337,-101.94058818177248,-6.5824514147078546,-0.5118832352451435,-6.582404746858361,17470.347063123747,0.0,0.1982440594157468,1.9482726234074998,2244157.3495041556,578.2771319026116
218500.0,4617185.637910618,359232.9563457508,4617152.882465403,-102.39036863366353,1783.9214138564978,-102.59882862494719,-6.582450843116649,-0.5121386498962431,-6.582404145448714,17470.347063123747,0.0,0.1982440594157468,1.9482726234074998,2244157.3495041556,578.2771319026116
218600.0,4617175.365961501,359411.34592601744,4617142.58967052,-103.04861369659892,1783.870187220169,-103.25706901662481,-6.582450444404295,-0.5123940791077202,-6.582403716916562,17470.347063123747,0.0,0.1982440594157468,1.9482726234074998,2244157.3495041556,578.2771319026116
218700.0,4617165.02818788,359589.73038234335,4617132.231051601,-103.70685872830703,1783.8189350401901,-103.9153093740931,-6.5824502185710765,-0.5126495229070407,-6.582403461262186,17470.347063123747,0.0,0.1982440594157468,1.9482726234074998,2244157.3495041556,578.2771319026116
218800.0,4617154.624589756,359768.109712174,4617121.806608646,-104.36510374607577,1783.7676573151007,-104.57354971463985,-6.5824501656172965,-0.5129049813216733,-6.5824033784858855,17470.347063123747,0.0,0.1982440594157468,1.9482726234074998,2244157.3495041556,578.2771319026116
218900.0,4617144.155167131,359946.4839129548,4617111.316341658,-105.02334876719314,1783.7163540434378,-105.23179005555289,-6.582450285543291,-0.5131604543790895,-6.582403468587994,17470.347063123747,0.0,0.1982440594157468,1.9482726234074998,2244157.3495041556,578.2771319026116
219000.0,4617133.619920002,360124.85298213107,4617100.7602506345,-105.68159380894711,1783.665025223736,-105.89003041412008,-6.582450578349416,-0.5134159421067639,-6.5824037315688635,17470.347063123747,0.0,0.1982440594157468,1.9482726234074998,2244157.3495041556,578.2771319026116
219100.0,4617123.018848368,360303.2169171479,4617090.1383355735,-106.33983888862572,1783.6136708545266,-106.54827080762931,-6.582451044036056,-0.5136714445321737,-6.582404167428877,17470.347063123747,0.0,0.1982440594157468,1.9482726234074998,2244157.3495041556,578.2771319026116
219200.0,4617112.351952223,360481.5757154503,4617079.450596471,-106.99808402351702,1783.5622909343388,-107.2065112533685,-6.582451682603609,-0.5139269616827984,-6.5824047761684294,17470.347063123747,0.0,0.1982440594157468,1.9482726234074998,2244157.3495041556,578.2771319026116
219300.0,4617101.619231561,360659.929374483,4617068.697033321,-107.65632923090915,1783.5108854616983,-107.86475176862565,-6.582452494052512,-0.5141824935861209,-6.582405557787951,17470.347063123747,0.0,0.1982440594157468,1.9482726234074998,2244157.3495041556,578.2771319026116
219400.0,4617090.820686374,360838.2778916908,4617057.877646115,-108.31457452809025,1783.4594544351287,-108.52299237068877,-6.58245347838322,-0.5144380402696271,-6.582406512287898,17470.347063123747,0.0,0.1982440594157468,1.9482726234074998,2244157.3495041556,578.2771319026116
219500.0,4617079.956316652,361016.6212645182,4617046.992434843,-108.97281993234853,1783.4079978531506,-109.18123307684593,-6.582454635596216,-0.5146936017608058,-6.582407639668747,17470.347063123747,0.0,0.1982440594157468,1.9482726234074998,2244157.3495041556,578.2771319026116
219600.0,4617069.026122383,361194.9594904095,4617036.041399496,-109.63106546097225,1783.356515714282,-109.83947390438523,-6.582455965692003,-0.5149491780871479,-6.582408939931001,17470.347063123747,0.0,0.1982440594157468,1.9482726234074998,2244157.3495041556,578.2771319026116
219700.0,4617058.030103554,361373.2925668091,4617025.024540058,-110.2893111312497,1783.3050080170378,-110.49771487059485,-6.582457468671113,-0.515204769276148,-6.582410413075184,17470.347063123747,0.0,0.1982440594157468,1.9482726234074998,2244157.3495041556,578.2771319026116
219800.0,4617046.96826015,361551.62049116095,4617013.9418565165,-110.94755696046926,1783.2534747599304,-111.15595599276301,-6.582459144534103,-0.5154603753553032,-6.582412059101854,17470.347063123747,0.0,0.1982440594157468,1.9482726234074998,2244157.3495041556,578.2771319026116
219900.0,4617035.840592155,361729.94326090906,4617002.793348854,-111.60580296591934,1783.2019159414695,-111.814197288178,-6.582460993281554,-0.5157159963521138,-6.582413878011589,17470.347063123747,0.0,0.1982440594157468,1.9482726234074998,2244157.3495041556,578.2771319026116
220000.0,4617024.647099551,361908.2608734972,4616991.579017053,-112.2640491648884,1783.1503315601617,-112.47243877412812,-6.582463014914065,-0.5159716322940819,-6.58241586980498,17470.347063123747,0.0,0.1982440594157468,1.9482726234074998,2244157.3495041556,578.2771319026116
220100.0,4617013.387782316,362086.57332636893,4616980.298861093,-112.922295574665,1783.0987216145115,-113.1306804679018,-6.582465209432279,-0.5162272832087148,-6.58241803448267,17470.347063123747,0.0,0.1982440594157468,1.9482726234074998,2244157.3495041556,578.2771319026116
220200.0,4617002.062640429,362264.88061696786,4616968.9528809525,-113.58054221253774,1783.04708610302,-113.78892238678749,-6.582467576836835,-0.51648294912352,-6.582420372045295,17470.347063123747,0.0,0.1982440594157468,1.9482726234074998,2244157.3495041556,578.2771319026116
220300.0,4616990.671673865,362443.1827427373,4616957.541076608,-114.23878909579527,1782.995425024186,-114.44716454807372,-6.582470117128426,-0.5167386300660102,-6.582422882493548,17470.347063123747,0.0,0.1982440594157468,1.9482726234074998,2244157.3495041556,578.2771319026116
220400.0,4616979.2148826,362621.4797011204,4616946.063448034,-114.89703624172634,1782.943738376505,-115.10540696904907,-6.582472830307755,-0.5169943260637,-6.582425565828121,17470.347063123747,0.0,0.1982440594157468,1.9482726234074998,2244157.3495041556,578.2771319026116
220500.0,4616967.692266607,362799.77148956025,4616934.519995205,-115.55528366761976,1782.8920261584706,-115.76364966700224,-6.582475716375543,-0.5172500371441063,-6.582428422049738,17470.347063123747,0.0,0.1982440594157468,1.9482726234074998,2244157.3495041556,578.2771319026116
220600.0,4616956.103825856,362978.0581054997,4616922.910718092,-116.21353139076442,1782.8402883685726,-116.42189265922195,-6.582478775332562,-0.517505763334751,-6.582431451159164,17470.347063123747,0.0,0.1982440594157468,1.9482726234074998,2244157.3495041556,578.2771319026116
220700.0,4616944.449560318,363156.33954638155,4616911.2356166635,-116.87177942844927,1782.7885250052989,-117.08013596299703,-6.582482007179577,-0.517761504663157,-6.582434653157164,17470.347063123747,0.0,0.1982440594157468,1.9482726234074998,2244157.3495041556,578.2771319026116
220800.0,4616932.72946996,363334.6158096483,4616899.494690889,-117.53002779796336,1782.7367360671344,-117.73837959561637,-6.5824854119173954,-0.5180172611568505,-6.582438028044541,17470.347063123747,0.0,0.1982440594157468,1.9482726234074998,2244157.3495041556,578.2771319026116
220900.0,4616920.943554747,363512.8868927424,4616887.687940733,-118.1882765165958,1782.684921552561,-118.39662357436895,-6.582488989546848,-0.5182730328433617,-6.582441575822121,17470.347063123747,0.0,0.1982440594157468,1.9482726234074998,2244157.3495041556,578.2771319026116
221000.0,4616909.091814644,363691.1527931062,4616875.815366161,-118.84652560163582,1782.6330814600583,-119.05486791654383,-6.5824927400687905,-0.5185288197502234,-6.582445296490759,17470.347063123747,0.0,0.1982440594157468,1.9482726234074998,2244157.3495041556,578.2771319026116
221100.0,4616897.174249614,363869.4135081818,4616863.876967137,-119.50477507037269,1782.5812157881028,-119.71311263943016,-6.582496663484102,-0.5187846219049708,-6.582449190051329,17470.347063123747,0.0,0.1982440594157468,1.9482726234074998,2244157.3495041556,578.2771319026116
221200.0,4616885.190859617,364047.66903541115,4616851.872743621,-120.16302494009578,1782.5293245351681,-120.3713577603172,-6.5825007597936835,-0.5190404393351424,-6.58245325650473,17470.347063123747,0.0,0.1982440594157468,1.9482726234074998,2244157.3495041556,578.2771319026116
221300.0,4616873.141644612,364225.91937223607,4616839.802695571,-120.82127522809459,1782.4774076997255,-121.02960329649424,-6.582505028998466,-0.5192962720682803,-6.58245749585189,17470.347063123747,0.0,0.1982440594157468,1.9482726234074998,2244157.3495041556,578.2771319026116
221400.0,4616861.0266045565,364404.1645160983,4616827.666822947,-121.47952595165869,1782.4254652802433,-121.68784926525073,-6.582509471099404,-0.5195521201319293,-6.58246190809376,17470.347063123747,0.0,0.1982440594157468,1.9482726234074998,2244157.3495041556,578.2771319026116
221500.0,4616848.8457394065,364582.40446443926,4616815.465125703,-122.13777712807772,1782.3734972751872,-122.34609568387619,-6.582514086097476,-0.5198079835536367,-6.582466493231311,17470.347063123747,0.0,0.1982440594157468,1.9482726234074998,2244157.3495041556,578.2771319026116
221600.0,4616836.599049116,364760.6392147004,4616803.197603795,-122.79602877464146,1782.3215036830197,-123.00434256966022,-6.582518873993683,-0.5200638623609535,-6.582471251265548,17470.347063123747,0.0,0.1982440594157468,1.9482726234074998,2244157.3495041556,578.2771319026116
221700.0,4616824.286533635,364938.8687643229,4616790.864257174,-123.45428090863976,1782.269484502201,-123.66258993989256,-6.5825238347890505,-0.5203197565814335,-6.5824761821974915,17470.347063123747,0.0,0.1982440594157468,1.9482726234074998,2244157.3495041556,578.2771319026116
221800.0,4616811.908192917,365117.0931107478,4616778.4650857905,-124.1125335473626,1782.2174397311887,-124.32083781186302,-6.582528968484645,-0.5205756662426344,-6.582481286028201,17470.347063123747,0.0,0.1982440594157468,1.9482726234074998,2244157.3495041556,578.2771319026116
221900.0,4616799.464026908,365295.31225141603,4616766.000089594,-124.77078670810006,1782.165369368437,-124.97908620286152,-6.582534275081532,-0.5208315913721157,-6.582486562758741,17470.347063123747,0.0,0.1982440594157468,1.9482726234074998,2244157.3495041556,578.2771319026116
222000.0,4616786.954035557,365473.52618376835,4616753.4692685325,-125.42904040814233,1782.1132734123978,-125.63733513017813,-6.582539754580821,-0.5210875319974407,-6.582492012390219,17470.347063123747,0.0,0.1982440594157468,1.9482726234074998,2244157.3495041556,578.2771319026116
222100.0,4616774.378218808,365651.73490524536,4616740.87262255,-126.08729466477968,1782.06115186152,-126.29558461110297,-6.582545406983635,-0.5213434881461758,-6.582497634923753,17470.347063123747,0.0,0.1982440594157468,1.9482726234074998,2244157.3495041556,578.2771319026116
222200.0,4616761.736576605,365829.93841328745,4616728.210151591,-126.74554949530254,1782.0090047142503,-126.95383466292631,-6.582551232291131,-0.5215994598458904,-6.582503430360496,17470.347063123747,0.0,0.1982440594157468,1.9482726234074998,2244157.3495041556,578.2771319026116
222300.0,4616749.029108889,366008.13670533494,4616715.481855598,-127.40380491700144,1781.9568319690318,-127.61208530293854,-6.582557230504488,-0.5218554471241574,-6.582509398701626,17470.347063123747,0.0,0.1982440594157468,1.9482726234074998,2244157.3495041556,578.2771319026116
222400.0,4616736.255815601,366186.32977882796,4616702.687734511,-128.062060947167,1781.9046336243052,-128.27033654843015,-6.582563401624902,-0.5221114500085521,-6.582515539948336,17470.347063123747,0.0,0.1982440594157468,1.9482726234074998,2244157.3495041556,578.2771319026116
222500.0,4616723.416696679,366364.5176312064,4616689.827788268,-128.72031760309002,1781.8524096785088,-128.92858841669175,-6.582569745653601,-0.5223674685266532,-6.5825218541018495,17470.347063123747,0.0,0.1982440594157468,1.9482726234074998,2244157.3495041556,578.2771319026116
222600.0,4616710.511752059,366542.7002599102,4616676.902016806,-129.3785749020614,1781.8001601300778,-129.58684092501412,-6.582576262591843,-0.5226235027060433,-6.582528341163423,17470.347063123747,0.0,0.1982440594157468,1.9482726234074998,2244157.3495041556,578.2771319026116
222700.0,4616697.540981676,366720.87766237895,4616663.910420061,-130.0368328613721,1781.7478849774445,-130.2450940906881,-6.582582952440904,-0.5228795525743075,-6.582535001134325,17470.347063123747,0.0,0.1982440594157468,1.9482726234074998,2244157.3495041556,578.2771319026116
222800.0,4616684.504385464,366899.0498360522,4616650.852997966,-130.6950914983133,1781.695584219039,-130.90334793100467,-6.582589815202084,-0.5231356181590342,-6.5825418340158555,17470.347063123747,0.0,0.1982440594157468,1.9482726234074998,2244157.3495041556,578.2771319026116
222900.0,4616671.401963353,367077.2167783692,4616637.729750453,-131.35335083017628,1781.6432578532879,-131.56160246325499,-6.582596850876707,-0.5233916994878147,-6.582548839809338,17470.347063123747,0.0,0.1982440594157468,1.9482726234074998,2244157.3495041556,578.2771319026116
223000.0,4616658.233715274,367255.3784867692,4616624.540677451,-132.01161087425245,1781.5909058786156,-132.21985770473032,-6.582604059466126,-0.5236477965882439,-6.582556018516115,17470.347063123747,0.0,0.1982440594157468,1.9482726234074998,2244157.3495041556,578.2771319026116
223100.0,4616644.999641154,367433.5349586912,4616611.285778888,-132.66987164783336,1781.5385282934435,-132.87811367272204,-6.582611440971722,-0.5239039094879202,-6.58256337013757,17470.347063123747,0.0,0.1982440594157468,1.9482726234074998,2244157.3495041556,578.2771319026116
223200.0,4616631.699740919,367611.68619157415,4616597.965054691,-133.3281331682107,1781.4861250961903,-133.5363703845217,-6.582618995394897,-0.5241600382144452,-6.5825708946751,17470.347063123747,0.0,0.1982440594157468,1.9482726234074998,2244157.3495041556,578.2771319026116
223300.0,4616618.334014495,367789.8321828567,4616584.578504785,-133.9863954526763,1781.4336962852722,-134.19462785742095,-6.5826267227370705,-0.5244161827954227,-6.582578592130122,17470.347063123747,0.0,0.1982440594157468,1.9482726234074998,2244157.3495041556,578.2771319026116
223400.0,4616604.902461803,367967.97292997735,4616571.126129094,-134.64465851852214,1781.381241859102,-134.85288610871166,-6.582634622999698,-0.5246723432584605,-6.582586462504087,17470.347063123747,0.0,0.1982440594157468,1.9482726234074998,2244157.3495041556,578.2771319026116
223500.0,4616591.405082764,368146.1084303746,4616557.6079275375,-135.3029223830403,1781.32876181609,-135.51114515568577,-6.58264269618425,-0.5249285196311697,-6.582594505798464,17470.347063123747,0.0,0.1982440594157468,1.9482726234074998,2244157.3495041556,578.2771319026116
223600.0,4616577.841877298,368324.23868148663,4616544.023900036,-135.9611870635231,1781.2762561546444,-136.16940501563542,-6.5826509422922355,-0.525184711941165,-6.582602722014759,17470.347063123747,0.0,0.1982440594157468,1.9482726234074998,2244157.3495041556,578.2771319026116
223700.0,4616564.212845324,368502.3636807515,4616530.374046506,-136.61945257726293,1781.2237248731697,-136.82766570585284,-6.582659361325176,-0.5254409202160635,-6.5826111111544865,17470.347063123747,0.0,0.1982440594157468,1.9482726234074998,2244157.3495041556,578.2771319026116
223800.0,4616550.517986755,368680.4834256072,4616516.658366866,-137.27771894155237,1781.1711679700682,-137.48592724363047,-6.5826679532846235,-0.5256971444834864,-6.5826196732192,17470.347063123747,0.0,0.1982440594157468,1.9482726234074998,2244157.3495041556,578.2771319026116
223900.0,4616536.757301507,368858.5979134914,4616502.876861029,-137.93598617368414,1781.118585443739,-138.14418964626088,-6.582676718172148,-0.5259533847710574,-6.582628408210462,17470.347063123747,0.0,0.1982440594157468,1.9482726234074998,2244157.3495041556,578.2771319026116
224000.0,4616522.930789491,369036.70714184176,4616489.0295289075,-138.59425429095114,1781.065977292579,-138.80245293103684,-6.582685655989358,-0.5262096411064046,-6.58263731612988,17470.347063123747,0.0,0.1982440594157468,1.9482726234074998,2244157.3495041556,578.2771319026116
224100.0,4616509.038450618,369214.8111080957,4616475.1163704125,-139.2525233106464,1781.013343514982,-139.46071711525119,-6.582694766737872,-0.5264659135171584,-6.5826463969790705,17470.347063123747,0.0,0.1982440594157468,1.9482726234074998,2244157.3495041556,578.2771319026116
224200.0,4616495.080284798,369392.9098096905,4616461.137385454,-139.91079325006316,1780.960684109339,-140.11898221619703,-6.582704050419346,-0.5267222020309535,-6.582655650759686,17470.347063123747,0.0,0.1982440594157468,1.9482726234074998,2244157.3495041556,578.2771319026116
224300.0,4616481.056291937,369571.00324406323,4616447.092573939,-140.56906412649477,1780.9079990740381,-140.77724825116755,-6.58271350703545,-0.5269785066754268,-6.582665077473391,17470.347063123747,0.0,0.1982440594157468,1.9482726234074998,2244157.3495041556,578.2771319026116
224400.0,4616466.96647194,369749.0914086509,4616432.981935772,-141.2273359572348,1780.8552884074652,-141.43551523745617,-6.582723136587885,-0.5272348274782195,-6.582674677121885,17470.347063123747,0.0,0.1982440594157468,1.9482726234074998,2244157.3495041556,578.2771319026116
224500.0,4616452.810824713,369927.1743008903,4616418.805470859,-141.88560875957697,1780.8025521080028,-142.09378319235645,-6.582732939078373,-0.5274911644669752,-6.582684449706885,17470.347063123747,0.0,0.1982440594157468,1.9482726234074998,2244157.3495041556,578.2771319026116
224600.0,4616438.589350156,370105.25191821804,4616404.563179101,-142.54388255081514,1780.7497901740312,-142.75205213316215,-6.5827429145086676,-0.5277475176693424,-6.582694395230144,17470.347063123747,0.0,0.1982440594157468,1.9482726234074998,2244157.3495041556,578.2771319026116
224700.0,4616424.302048169,370283.32425807056,4616390.255060399,-143.20215734824342,1780.6970026039276,-143.41032207716717,-6.582753062880543,-0.5280038871129717,-6.582704513693431,17470.347063123747,0.0,0.1982440594157468,1.9482726234074998,2244157.3495041556,578.2771319026116
224800.0,4616409.948918652,370461.3913178842,4616375.881114651,-143.86043316915604,1780.6441893960664,-144.06859304166557,-6.582763384195796,-0.5282602728255176,-6.582714805098541,17470.347063123747,0.0,0.1982440594157468,1.9482726234074998,2244157.3495041556,578.2771319026116
224900.0,4616395.5299615,370639.4530950951,4616361.441341756,-144.51871003084742,1780.5913505488193,-144.72686504395165,-6.5827738784562495,-0.5285166748346377,-6.582725269447292,17470.347063123747,0.0,0.1982440594157468,1.9482726234074998,2244157.3495041556,578.2771319026116
225000.0,4616381.04517661,370817.50958713924,4616346.935741607,-145.1769879506122,1780.5384860605552,-145.38513810131988,-6.582784545663754,-0.5287730931679934,-6.582735906741534,17470.347063123747,0.0,0.1982440594157468,1.9482726234074998,2244157.3495041556,578.2771319026116
225100.0,4616366.494563875,370995.5607914525,4616332.3643141,-145.83526694574513,1780.4855959296406,-146.04341223106488,-6.582795385820182,-0.5290295278532492,-6.582746716983133,17470.347063123747,0.0,0.1982440594157468,1.9482726234074998,2244157.3495041556,578.2771319026116
225200.0,4616351.878123185,371173.60670547036,4616317.727059125,-146.49354703354126,1780.4326801544387,-146.70168745048147,-6.582806398927436,-0.5292859789180736,-6.582757700173989,17470.347063123747,0.0,0.1982440594157468,1.9482726234074998,2244157.3495041556,578.2771319026116
225300.0,4616337.195854431,371351.64732662844,4616303.023976573,-147.15182823129572,1780.3797387333102,-147.3599637768647,-6.582817584987435,-0.529542446390138,-6.58276885631602,17470.347063123747,0.0,0.1982440594157468,1.9482726234074998,2244157.3495041556,578.2771319026116
225400.0,4616322.447757501,371529.6826523621,4616288.255066332,-147.8101105563039,1780.3267716646128,-148.01824122750978,-6.582828944002128,-0.5297989302971174,-6.58278018541117,17470.347063123747,0.0,0.1982440594157468,1.9482726234074998,2244157.3495041556,578.2771319026116
225500.0,4616307.633832281,371707.7126801064,4616273.420328289,-148.46839402586136,1780.273778946702,-148.6765198197121,-6.58284047597349,-0.5300554306666906,-6.582791687461411,17470.347063123747,0.0,0.1982440594157468,1.9482726234074998,2244157.3495041556,578.2771319026116
225600.0,4616292.754078657,371885.7374072964,4616258.51976233,-149.12667865726388,1780.2207605779297,-149.33479957076727,-6.582852180903512,-0.5303119475265388,-6.58280336246873,17470.347063123747,0.0,0.1982440594157468,1.9482726234074998,2244157.3495041556,578.2771319026116
225700.0,4616277.808496511,372063.75683136686,4616243.5533683365,-149.7849644678074,1780.167716556646,-149.99308049797114,-6.5828640587942235,-0.5305684809043483,-6.5828152104351565,17470.347063123747,0.0,0.1982440594157468,1.9482726234074998,2244157.3495041556,578.2771319026116
225800.0,4616262.797085724,372241.77094975254,4616228.52114619,-150.44325147478816,1780.1146468811974,-150.6513626186197,-6.582876109647675,-0.5308250308278083,-6.582827231362732,17470.347063123747,0.0,0.1982440594157468,1.9482726234074998,2244157.3495041556,578.2771319026116
225900.0,4616247.719846175,372419.7797598879,4616213.423095772,-151.10153969550245,1780.061551549928,-151.30964595000913,-6.58288833346593,-0.5310815973246112,-6.582839425253523,17470.347063123747,0.0,0.1982440594157468,1.9482726234074998,2244157.3495041556,578.2771319026116
226000.0,4616232.576777743,372597.78325920727,4616198.25921696,-151.7598291472469,1780.0084305611792,-151.9679305094359,-6.5829007302510885,-0.5313381804224525,-6.582851792109622,17470.347063123747,0.0,0.1982440594157468,1.9482726234074998,2244157.3495041556,578.2771319026116
226100.0,4616217.367880304,372775.78144514485,4616183.029509629,-152.4181198473183,1779.9552839132893,-152.62621631419663,-6.582913300005275,-0.5315947801490326,-6.582864331933154,17470.347063123747,0.0,0.1982440594157468,1.9482726234074998,2244157.3495041556,578.2771319026116
226200.0,4616202.093153732,372953.77431513456,4616167.733973655,-153.07641181301366,1779.9021116045942,-153.28450338158817,-6.5829260427306355,-0.5318513965320543,-6.582877044726258,17470.347063123747,0.0,0.1982440594157468,1.9482726234074998,2244157.3495041556,578.2771319026116
226300.0,4616186.752597899,373131.7618666103,4616152.37260891,-153.73470506163022,1779.8489136334267,-153.9427917289076,-6.582938958429342,-0.5321080295992248,-6.582889930491103,17470.347063123747,0.0,0.1982440594157468,1.9482726234074998,2244157.3495041556,578.2771319026116
226400.0,4616171.346212677,373309.74409700575,4616136.945415266,-154.3929996104654,1779.7956899981173,-154.6010813734522,-6.58295204710359,-0.5323646793782542,-6.582902989229883,17470.347063123747,0.0,0.1982440594157468,1.9482726234074998,2244157.3495041556,578.2771319026116
226500.0,4616155.873997933,373487.7210037544,4616121.452392591,-155.05129547681688,1779.742440696993,-155.25937233251943,-6.582965308755604,-0.5326213458968567,-6.582916220944818,17470.347063123747,0.0,0.1982440594157468,1.9482726234074998,2244157.3495041556,578.2771319026116
226600.0,4616140.335953536,373665.6925842896,4616105.893540755,-155.70959267798253,1779.6891657283788,-155.9176646234071,-6.582978743387625,-0.5328780291827498,-6.582929625638148,17470.347063123747,0.0,0.1982440594157468,1.9482726234074998,2244157.3495041556,578.2771319026116
226700.0,4616124.732079352,373843.65883604443,4616090.268859622,-156.36789123126047,1779.6358650905966,-156.5759582634131,-6.582992351001925,-0.5331347292636545,-6.582943203312142,17470.347063123747,0.0,0.1982440594157468,1.9482726234074998,2244157.3495041556,578.2771319026116
226800.0,4616109.062375245,374021.619756452,4616074.578349057,-157.02619115394907,1779.5825387819652,-157.23425326983562,-6.583006131600806,-0.5333914461672961,-6.582956953969094,17470.347063123747,0.0,0.1982440594157468,1.9482726234074998,2244157.3495041556,578.2771319026116
226900.0,4616093.326841076,374199.57534294506,4616058.822008922,-157.68449246334688,1779.5291868008014,-157.8925496599731,-6.583020085186579,-0.5336481799214022,-6.5829708776113165,17470.347063123747,0.0,0.1982440594157468,1.9482726234074998,2244157.3495041556,578.2771319026116
227000.0,4616077.525476705,374377.52559295634,4616042.999839078,-158.3427951767527,1779.4758091454185,-158.55084745112416,-6.583034211761595,-0.5339049305537059,-6.582984974241155,17470.347063123747,0.0,0.1982440594157468,1.9482726234074998,2244157.3495041556,578.2771319026116
227100.0,4616061.658281993,374555.4705039183,4616027.111839384,-159.0010993114656,1779.4224058141272,-159.20914666058766,-6.58304851132823,-0.5341616980919431,-6.582999243860982,17470.347063123747,0.0,0.1982440594157468,1.9482726234074998,2244157.3495041556,578.2771319026116
227200.0,4616045.725256795,374733.4100732633,4616011.158009698,-159.65940488478483,1779.3689768052357,-159.86744730566275,-6.583062983888866,-0.5344184825638524,-6.583013686473179,17470.347063123747,0.0,0.1982440594157468,1.9482726234074998,2244157.3495041556,578.2771319026116
227300.0,4616029.726400968,374911.3442984234,4615995.138349874,-160.31771191400992,1779.315522117049,-160.52574940364877,-6.583077629445933,-0.5346752839971776,-6.583028302080169,17470.347063123747,0.0,0.1982440594157468,1.9482726234074998,2244157.3495041556,578.2771319026116
227400.0,4616013.661714364,375089.27317683067,4615979.052859767,-160.97602041644063,1779.26204174787,-161.18405297184535,-6.583092448001877,-0.5349321024196657,-6.583043090684396,17470.347063123747,0.0,0.1982440594157468,1.9482726234074998,2244157.3495041556,578.2771319026116
227500.0,4615997.531196835,375267.1967059169,4615962.90153923,-161.634330409377,1779.2085356959979,-161.8423580275523,-6.583107439559159,-0.5351889378590667,-6.5830580522883215,17470.347063123747,0.0,0.1982440594157468,1.9482726234074998,2244157.3495041556,578.2771319026116
227600.0,4615981.334848233,375445.1148831137,4615946.684388111,-162.29264191011924,1779.1550039597298,-162.50066458806975,-6.583122604120281,-0.5354457903431358,-6.583073186894437,17470.347063123747,0.0,0.1982440594157468,1.9482726234074998,2244157.3495041556,578.2771319026116
227700.0,4615965.072668403,375623.02770585264,4615930.401406261,-162.95095493596793,1779.10144653736,-163.15897267069803,-6.583137941687758,-0.5357026598996304,-6.583088494505263,17470.347063123747,0.0,0.1982440594157468,1.9482726234074998,2244157.3495041556,578.2771319026116
227800.0,4615948.744657194,375800.9351715649,4615914.0525935255,-163.60926950422376,1779.04786342718,-163.81728229273773,-6.5831534522641375,-0.5359595465563126,-6.5831039751233345,17470.347063123747,0.0,0.1982440594157468,1.9482726234074998,2244157.3495041556,578.2771319026116
227900.0,4615932.3508144505,375978.83727768174,4615897.637949751,-164.2675856321878,1778.9942546274779,-164.4755934714897,-6.583169135851984,-0.536216450340948,-6.583119628751223,17470.347063123747,0.0,0.1982440594157468,1.9482726234074998,2244157.3495041556,578.2771319026116
228000.0,4615915.891140015,376156.73402163404,4615881.1574747795,-164.92590333716132,1778.9406201365398,-165.13390622425507,-6.583184992453896,-0.5364733712813061,-6.583135455391517,17470.347063123747,0.0,0.1982440594157468,1.9482726234074998,2244157.3495041556,578.2771319026116
228100.0,4615899.36563373,376334.6254008526,4615864.6111684535,-165.58422263644582,1778.8869599526488,-165.79222056833518,-6.583201022072491,-0.53673030940516,-6.583151455046831,17470.347063123747,0.0,0.1982440594157468,1.9482726234074998,2244157.3495041556,578.2771319026116
228200.0,4615882.774295434,376512.51141276804,4615847.999030612,-166.24254354734313,1778.833274074085,-166.4505365210317,-6.583217224710406,-0.5369872647402864,-6.5831676277198,17470.347063123747,0.0,0.1982440594157468,1.9482726234074998,2244157.3495041556,578.2771319026116
228300.0,4615866.117124966,376690.3920548108,4615831.321061095,-166.9008660871553,1778.779562499126,-167.1088540996465,-6.583233600370323,-0.5372442373144668,-6.583183973413103,17470.347063123747,0.0,0.1982440594157468,1.9482726234074998,2244157.3495041556,578.2771319026116
228400.0,4615849.394122162,376868.26732441125,4615814.577259738,-167.55919027318467,1778.7258252260465,-167.76717332148175,-6.5832501490549244,-0.5375012271554852,-6.583200492129418,17470.347063123747,0.0,0.1982440594157468,1.9482726234074998,2244157.3495041556,578.2771319026116
228500.0,4615832.605286856,377046.1372189994,4615797.767626376,-168.21751612273385,1778.6720622531184,-168.4254942038399,-6.583266870766928,-0.5377582342911302,-6.5832171838714615,17470.347063123747,0.0,0.1982440594157468,1.9482726234074998,2244157.3495041556,578.2771319026116
228600.0,4615815.750618882,377224.0017360052,4615780.892160841,-168.87584365310573,1778.6182735786108,-169.08381676402365,-6.583283765509086,-0.5380152587491949,-6.58323404864198,17470.347063123747,0.0,0.1982440594157468,1.9482726234074998,2244157.3495041556,578.2771319026116
228700.0,4615798.830118069,377401.8608728584,4615763.9508629665,-169.53417288160344,1778.5644592007902,-169.742141019336,-6.583300833284155,-0.5382723005574743,-6.583251086443728,17470.347063123747,0.0,0.1982440594157468,1.9482726234074998,2244157.3495041556,578.2771319026116
228800.0,4615781.843784248,377579.7146269885,4615746.94373258,-170.19250382553042,1778.51061911792,-170.4004669870802,-6.583318074094934,-0.538529359743769,-6.5832682972795,17470.347063123747,0.0,0.1982440594157468,1.9482726234074998,2244157.3495041556,578.2771319026116
228900.0,4615764.791617246,377757.5629958251,4615729.870769511,-170.8508365021904,1778.4567533282611,-171.05879468455979,-6.583335487944239,-0.5387864363358834,-6.583285681152111,17470.347063123747,0.0,0.1982440594157468,1.9482726234074998,2244157.3495041556,578.2771319026116
229000.0,4615747.67361689,377935.4059767972,4615712.731973585,-171.50917092888733,1778.4028618300717,-171.7171241290786,-6.583353074834906,-0.5390435303616244,-6.583303238064395,17470.347063123747,0.0,0.1982440594157468,1.9482726234074998,2244157.3495041556,578.2771319026116
229100.0,4615730.489783002,378113.2435673341,4615695.527344626,-172.1675071229255,1778.348944621607,-172.37545533794074,-6.58337083476981,-0.5393006418488048,-6.583320968019221,17470.347063123747,0.0,0.1982440594157468,1.9482726234074998,2244157.3495041556,578.2771319026116
229200.0,4615713.240115406,378291.0757648645,4615678.256882458,-172.82584510160953,1778.2950017011192,-173.0337883284506,-6.583388767751838,-0.5395577708252398,-6.583338871019473,17470.347063123747,0.0,0.1982440594157468,1.9482726234074998,2244157.3495041556,578.2771319026116
229300.0,4615695.924613922,378468.9025668172,4615660.920586901,-173.48418488224422,1778.241033066858,-173.6921231179129,-6.583406873783912,-0.5398149173187494,-6.583356947068069,17470.347063123747,0.0,0.1982440594157468,1.9482726234074998,2244157.3495041556,578.2771319026116
229400.0,4615678.543278369,378646.72397062066,4615643.518457774,-174.14252648213474,1778.1870387170707,-174.35045972363258,-6.583425152868966,-0.5400720813571569,-6.583375196167941,17470.347063123747,0.0,0.1982440594157468,1.9482726234074998,2244157.3495041556,578.2771319026116
229500.0,4615661.096108564,378824.53997370333,4615626.050494895,-174.80086991858656,1778.1330186500008,-175.00879816291496,-6.583443605009968,-0.54032926296829,-6.583393618322056,17470.347063123747,0.0,0.1982440594157468,1.9482726234074998,2244157.3495041556,578.2771319026116
229600.0,4615643.583104324,379002.35057349334,4615608.51669808,-175.4592152089054,1778.0789728638902,-175.66713845306558,-6.583462230209915,-0.5405864621799807,-6.583412213533404,17470.347063123747,0.0,0.1982440594157468,1.9482726234074998,2244157.3495041556,578.2771319026116
229700.0,4615626.00426546,379180.15576741874,4615590.917067142,-176.11756237039728,1778.0249013569771,-176.3254806113903,-6.583481028471815,-0.540843679020064,-6.583430981804991,17470.347063123747,0.0,0.1982440594157468,1.9482726234074998,2244157.3495041556,578.2771319026116
229800.0,4615608.359591787,379357.9555529073,4615573.251601894,-176.77591142036857,1777.9708041274976,-176.98382465519535,-6.583499999798713,-0.5411009135163802,-6.58344992313986,17470.347063123747,0.0,0.1982440594157468,1.9482726234074998,2244157.3495041556,578.2771319026116
229900.0,4615590.649083113,379535.74992738676,4615555.520302148,-177.43426237612596,1777.9166811736843,-177.64217060178717,-6.5835191441936685,-0.541358165696772,-6.5834690375410645,17470.347063123747,0.0,0.1982440594157468,1.9482726234074998,2244157.3495041556,578.2771319026116
230000.0,4615572.872739248,379713.5388882845,4615537.72316771,-178.09261525497635,1777.8625324937677,-178.30051846847255,-6.5835384616597805,-0.541615435589088,-6.583488325011702,17470.347063123747,0.0,0.1982440594157468,1.9482726234074998,2244157.3495041556,578.2771319026116
230100.0,4615555.030559998,379891.3224330279,4615519.860198389,-178.75097007422704,1777.8083580859752,-178.9588682725586,-6.58355795220016,-0.5418727232211797,-6.583507785554881,17470.347063123747,0.0,0.1982440594157468,1.9482726234074998,2244157.3495041556,578.2771319026116
230200.0,4615537.122545168,380069.10055904405,4615501.93139399,-179.40932685118563,1777.7541579485312,-179.6172200313527,-6.583577615817944,-0.5421300286209024,-6.583527419173735,17470.347063123747,0.0,0.1982440594157468,1.9482726234074998,2244157.3495041556,578.2771319026116
230300.0,4615519.148694562,380246.8732637599,4615483.936754317,-180.06768560316,1777.6999320796579,-180.27557376216262,-6.583597452516298,-0.5423873518161164,-6.583547225871425,17470.347063123747,0.0,0.1982440594157468,1.9482726234074998,2244157.3495041556,578.2771319026116
230400.0,4615501.109007981,380424.6405446022,4615465.876279172,-180.72604634745835,1777.645680477574,-180.93392948229638,-6.5836174622984185,-0.5426446928346863,-6.583567205651145,17470.347063123747,0.0,0.1982440594157468,1.9482726234074998,2244157.3495041556,578.2771319026116
230500.0,4615483.003485225,380602.40239899757,4615447.749968354,-181.38440910138925,1777.591403140496,-181.59228720906236,-6.5836376451675065,-0.5429020517044787,-6.583587358516093,17470.347063123747,0.0,0.1982440594157468,1.9482726234074998,2244157.3495041556,578.2771319026116
230600.0,4615464.832126093,380780.1588243724,4615429.557821662,-182.04277388226154,1777.537100066637,-182.25064695976923,-6.583658001126811,-0.5431594284533668,-6.583607684469515,17470.347063123747,0.0,0.1982440594157468,1.9482726234074998,2244157.3495041556,578.2771319026116
230700.0,4615446.594930381,380957.90981815296,4615411.299838894,-182.7011407073844,1777.4827712542083,-182.909008751726,-6.583678530179591,-0.5434168231092268,-6.583628183514666,17470.347063123747,0.0,0.1982440594157468,1.9482726234074998,2244157.3495041556,578.2771319026116
230800.0,4615428.291897883,381135.65537776524,4615392.9760198435,-183.35950959406736,1777.4284167014173,-183.567372602242,-6.583699232329139,-0.5436742356999392,-6.583648855654835,17470.347063123747,0.0,0.1982440594157468,1.9482726234074998,2244157.3495041556,578.2771319026116
230900.0,4615409.923028393,381313.39550063515,4615374.586364305,-184.01788055962024,1777.3740364064695,-184.2257385286269,-6.583720107578765,-0.5439316662533885,-6.58366970089333,17470.347063123747,0.0,0.1982440594157468,1.9482726234074998,2244157.3495041556,578.2771319026116
231000.0,4615391.488321701,381491.13018418837,4615356.130872068,-184.67625362135323,1777.319630367567,-184.88410654819072,-6.58374115593181,-0.5441891147974638,-6.583690719233487,17470.347063123747,0.0,0.1982440594157468,1.9482726234074998,2244157.3495041556,578.2771319026116
231100.0,4615372.987777598,381668.85942585045,4615337.609542924,-185.33462879657682,1777.2651985829093,-185.54247667824376,-6.583762377391634,-0.5444465813600577,-6.583711910678662,17470.347063123747,0.0,0.1982440594157468,1.9482726234074998,2244157.3495041556,578.2771319026116
231200.0,4615354.421395871,381846.5832230467,4615319.022376661,-185.9930061026019,1777.2107410506933,-186.20084893609672,-6.583783771961626,-0.5447040659690678,-6.583733275232246,17470.347063123747,0.0,0.1982440594157468,1.9482726234074998,2244157.3495041556,578.2771319026116
231300.0,4615335.789176306,382024.30157320225,4615300.369373065,-186.6513855567396,1777.156257769113,-186.8592233390606,-6.5838053396452025,-0.5449615686523959,-6.583754812897649,17470.347063123747,0.0,0.1982440594157468,1.9482726234074998,2244157.3495041556,578.2771319026116
231400.0,4615317.091118687,382202.0144737421,4615281.650531922,-187.30976717630148,1777.1017487363595,-187.51759990444677,-6.583827080445788,-0.5452190894379464,-6.583776523678291,17470.347063123747,0.0,0.1982440594157468,1.9482726234074998,2244157.3495041556,578.2771319026116
231500.0,4615298.327222797,382379.7219220911,4615262.865853012,-187.96815097859943,1777.0472139506212,-188.1759786495669,-6.5838489943668606,-0.545476628353631,-6.583798407577647,17470.347063123747,0.0,0.1982440594157468,1.9482726234074998,2244157.3495041556,578.2771319026116
231600.0,4615279.497488418,382557.42391567375,4615244.015336118,-188.62653698094564,1776.9926534100837,-188.83435959173303,-6.583871081411896,-0.545734185427362,-6.58382046459919,17470.347063123747,0.0,0.1982440594157468,1.9482726234074998,2244157.3495041556,578.2771319026116
231700.0,4615260.601915327,382735.12045191455,4615225.098981019,-189.2849252006527,1776.9380671129297,-189.4927427482576,-6.583893341584414,-0.5459917606870596,-6.583842694746438,17470.347063123747,0.0,0.1982440594157468,1.9482726234074998,2244157.3495041556,578.2771319026116
231800.0,4615241.640503303,382912.8115282377,4615206.116787493,-189.94331565503356,1776.8834550573392,-190.1511281364533,-6.583915774887945,-0.5462493541606454,-6.5838650980229145,17470.347063123747,0.0,0.1982440594157468,1.9482726234074998,2244157.3495041556,578.2771319026116
231900.0,4615222.613252121,383090.49714206735,4615187.068755317,-190.60170836140145,1776.8288172414896,-190.80951577363328,-6.583938381326052,-0.5465069658760471,-6.583887674432185,17470.347063123747,0.0,0.1982440594157468,1.9482726234074998,2244157.3495041556,578.2771319026116
232000.0,4615203.520161555,383268.17729082727,4615167.954884263,-191.26010333707003,1776.7741536635551,-191.46790567711096,-6.583961160902321,-0.5467645958611956,-6.583910423977826,17470.347063123747,0.0,0.1982440594157468,1.9482726234074998,2244157.3495041556,578.2771319026116
232100.0,4615184.361231377,383445.85197194124,4615148.775174105,-191.9185005993533,1776.7194643217074,-192.12629786420018,-6.583984113620363,-0.547022244144027,-6.58393334666345,17470.347063123747,0.0,0.1982440594157468,1.9482726234074998,2244157.3495041556,578.2771319026116
232200.0,4615165.1364613585,383623.5211828328,4615129.529624613,-192.57690016556563,1776.6647492141153,-192.7846923522151,-6.584007239483815,-0.5472799107524815,-6.5839564424926875,17470.347063123747,0.0,0.1982440594157468,1.9482726234074998,2244157.3495041556,578.2771319026116
232300.0,4615145.845851267,383801.1849209252,4615110.218235557,-193.2353020530217,1776.6100083389451,-193.4430891584703,-6.584030538496335,-0.5475375957145032,-6.583979711469196,17470.347063123747,0.0,0.1982440594157468,1.9482726234074998,2244157.3495041556,578.2771319026116
232400.0,4615126.48940087,383978.8431836416,4615090.841006704,-193.89370627903665,1776.55524169436,-194.10148830028064,-6.584054010661605,-0.5477952990580409,-6.5840031535966554,17470.347063123747,0.0,0.1982440594157468,1.9482726234074998,2244157.3495041556,578.2771319026116
232500.0,4615107.067109933,384156.49596840504,4615071.397937818,-194.55211286092592,1776.50044927852,-194.75988979496142,-6.584077655983343,-0.5480530208110482,-6.584026768878774,17470.347063123747,0.0,0.1982440594157468,1.9482726234074998,2244157.3495041556,578.2771319026116
232600.0,4615087.578978219,384334.1432726382,4615051.889028666,-195.21052181600533,1776.445631089583,-195.41829365982832,-6.584101474465279,-0.5483107610014826,-6.5840505573192845,17470.347063123747,0.0,0.1982440594157468,1.9482726234074998,2244157.3495041556,578.2771319026116
232700.0,4615068.0250054905,384511.7850937638,4615032.314279007,-195.8689331615911,1776.390787125704,-196.07669991219734,-6.584125466111173,-0.548568519657306,-6.58407451892194,17470.347063123747,0.0,0.1982440594157468,1.9482726234074998,2244157.3495041556,578.2771319026116
232800.0,4615048.405191507,384689.4214292041,4615012.673688603,-196.5273469149998,1776.3359173850351,-196.7351085693849,-6.584149630924809,-0.5488262968064851,-6.584098653690522,17470.347063123747,0.0,0.1982440594157468,1.9482726234074998,2244157.3495041556,578.2771319026116
232900.0,4615028.719536027,384867.05227638147,4614992.967257212,-197.18576309354845,1776.2810218657255,-197.39351964870775,-6.584173968909998,-0.549084092476991,-6.584122961628844,17470.347063123747,0.0,0.1982440594157468,1.9482726234074998,2244157.3495041556,578.2771319026116
233000.0,4615008.968038807,385044.6776327179,4614973.194984592,-197.84418171455434,1776.2261005659216,-198.0519331674831,-6.58419848007057,-0.5493419066967987,-6.584147442740724,17470.347063123747,0.0,0.1982440594157468,1.9482726234074998,2244157.3495041556,578.2771319026116
233100.0,4614989.1506996015,385222.2974956352,4614953.356870497,-198.5026027953352,1776.171153483767,-198.71034914302848,-6.584223164410392,-0.549599739493889,-6.584172097030032,17470.347063123747,0.0,0.1982440594157468,1.9482726234074998,2244157.3495041556,578.2771319026116
233200.0,4614969.267518165,385399.91186255513,4614933.45291468,-199.1610263532092,1776.1161806174027,-199.3687675926618,-6.584248021933336,-0.5498575908962452,-6.584196924500632,17470.347063123747,0.0,0.1982440594157468,1.9482726234074998,2244157.3495041556,578.2771319026116
233300.0,4614949.318494247,385577.5207308991,4614913.483116895,-199.8194524054948,1776.0611819649666,-200.02718853370143,-6.584273052643317,-0.550115460931857,-6.584221925156442,17470.347063123747,0.0,0.1982440594157468,1.9482726234074998,2244157.3495041556,578.2771319026116
233400.0,4614929.3036276,385755.12409808853,4614893.44747689,-200.4778809695109,1776.0061575245943,-200.68561198346606,-6.5842982565442645,-0.5503733496287175,-6.58424709900138,17470.347063123747,0.0,0.1982440594157468,1.9482726234074998,2244157.3495041556,578.2771319026116
233500.0,4614909.222917969,385932.7219615444,4614873.345994414,-201.1363120625768,1775.951107294418,-201.3440379592748,-6.5843236336401425,-0.5506312570148256,-6.584272446039412,17470.347063123747,0.0,0.1982440594157468,1.9482726234074998,2244157.3495041556,578.2771319026116
233600.0,4614889.076365102,386110.3143186877,4614853.178669213,-201.7947457020122,1775.8960312725676,-202.00246647844716,-6.584349183934925,-0.5508891831181827,-6.58429796627451,17470.347063123747,0.0,0.1982440594157468,1.9482726234074998,2244157.3495041556,578.2771319026116
233700.0,4614868.863968743,386287.9011669392,4614832.945501033,-202.4531819051372,1775.8409294571698,-202.66089755830305,-6.584374907432618,-0.5511471279667964,-6.584323659710677,17470.347063123747,0.0,0.1982440594157468,1.9482726234074998,2244157.3495041556,578.2771319026116
233800.0,4614848.585728635,386465.48250371934,4614812.6464896165,-203.11162068927229,1775.7858018463485,-203.3193312161628,-6.584400804137263,-0.5514050915886789,-6.584349526351944,17470.347063123747,0.0,0.1982440594157468,1.9482726234074998,2244157.3495041556,578.2771319026116
233900.0,4614828.241644518,386643.05832644855,4614792.281634704,-203.77006207173835,1775.7306484382252,-203.97776746934707,-6.5844268740529115,-0.5516630740118462,-6.5843755662023655,17470.347063123747,0.0,0.1982440594157468,1.9482726234074998,2244157.3495041556,578.2771319026116
234000.0,4614807.831716133,386820.628632547,4614771.850936036,-204.4285060698567,1775.6754692309185,-204.63620633517704,-6.5844531171836485,-0.5519210752643197,-6.58440177926602,17470.347063123747,0.0,0.1982440594157468,1.9482726234074998,2244157.3495041556,578.2771319026116
234100.0,4614787.355943217,386998.19341943465,4614751.354393349,-205.08695270094904,1775.6202642225437,-205.29464783097418,-6.584479533533575,-0.5521790953741249,-6.58442816554701,17470.347063123747,0.0,0.1982440594157468,1.9482726234074998,2244157.3495041556,578.2771319026116
234200.0,4614766.814325505,387175.7526845314,4614730.792006381,-205.7454019823375,1775.565033411214,-205.95309197406047,-6.584506123106825,-0.5524371343692921,-6.5844547250494605,17470.347063123747,0.0,0.1982440594157468,1.9482726234074998,2244157.3495041556,578.2771319026116
234300.0,4614746.206862732,387353.3064252568,4614710.163774866,-206.40385393134466,1775.5097767950394,-206.61153878175824,-6.584532885907549,-0.5526951922778562,-6.584481457777525,17470.347063123747,0.0,0.1982440594157468,1.9482726234074998,2244157.3495041556,578.2771319026116
234400.0,4614725.533554629,387530.8546390302,4614689.469698535,-207.06230856529342,1775.454494372127,-207.26998827139028,-6.584559821939938,-0.5529532691278575,-6.5845083637353845,17470.347063123747,0.0,0.1982440594157468,1.9482726234074998,2244157.3495041556,578.2771319026116
234500.0,4614704.794400929,387708.3973232709,4614668.709777121,-207.72076590150718,1775.3991861405816,-207.92844046027977,-6.584586931208185,-0.5532113649473397,-6.584535442927235,17470.347063123747,0.0,0.1982440594157468,1.9482726234074998,2244157.3495041556,578.2771319026116
234600.0,4614683.989401358,387885.934475398,4614647.884010353,-208.37922595730973,1775.3438520985044,-208.58689536575034,-6.584614213716532,-0.5534694797643526,-6.58456269535731,17470.347063123747,0.0,0.1982440594157468,1.9482726234074998,2244157.3495041556,578.2771319026116
234700.0,4614663.118555645,388063.46609283023,4614626.9923979575,-209.0376887500253,1775.2884922439946,-209.245353005126,-6.584641669469223,-0.5537276136069498,-6.584590121029853,17470.347063123747,0.0,0.1982440594157468,1.9482726234074998,2244157.3495041556,578.2771319026116
234800.0,4614642.181863517,388240.9921729863,4614606.034939661,-209.69615429697853,1775.233106575148,-209.9038133957312,-6.584669298470545,-0.5539857665031899,-6.584617719949145,17470.347063123747,0.0,0.1982440594157468,1.9482726234074998,2244157.3495041556,578.2771319026116
234900.0,4614621.179324694,388418.51271328476,4614585.011635186,-210.35462261549452,1775.1776950900578,-210.56227655489084,-6.584697100724798,-0.5542439384811366,-6.584645492119488,17470.347063123747,0.0,0.1982440594157468,1.9482726234074998,2244157.3495041556,578.2771319026116
235000.0,4614600.1109389,388596.0277111438,4614563.922484256,-211.01309372289876,1775.1222577868148,-211.22074249993025,-6.584725076236312,-0.554502129568858,-6.584673437545205,17470.347063123747,0.0,0.1982440594157468,1.9482726234074998,2244157.3495041556,578.2771319026116
235100.0,4614578.976705856,388773.53716398147,4614542.767486593,-211.67156763651718,1775.0667946635062,-211.8792112481752,-6.584753225009438,-0.5547603397944271,-6.584701556230645,17470.347063123747,0.0,0.1982440594157468,1.9482726234074998,2244157.3495041556,578.2771319026116
235200.0,4614557.776625278,388951.04106921575,4614521.546641913,-212.33004437367617,1775.011305718217,-212.53768281695187,-6.584781547048559,-0.5550185691859222,-6.584729848180189,17470.347063123747,0.0,0.1982440594157468,1.9482726234074998,2244157.3495041556,578.2771319026116
235300.0,4614536.510696886,389128.53942426434,4614500.259949935,-212.98852395170258,1774.9557909490293,-213.19615722358688,-6.584810042358081,-0.5552768177714258,-6.584758313398231,17470.347063123747,0.0,0.1982440594157468,1.9482726234074998,2244157.3495041556,578.2771319026116
235400.0,4614515.178920393,389306.0322265447,4614478.907410373,-213.64700638792362,1774.900250354022,-213.8546344854073,-6.584838710942422,-0.5555350855790255,-6.584786951889199,17470.347063123747,0.0,0.1982440594157468,1.9482726234074998,2244157.3495041556,578.2771319026116
235500.0,4614493.781295513,389483.5194734742,4614457.489022941,-214.30549169966704,1774.844683931272,-214.51311461974063,-6.584867552806044,-0.555793372636814,-6.5848157636575415,17470.347063123747,0.0,0.1982440594157468,1.9482726234074998,2244157.3495041556,578.2771319026116
235600.0,4614472.317821957,389661.00116246997,4614436.004787352,-214.96397990426098,1774.7890916788522,-215.17159764391485,-6.58489656795342,-0.5560516789728887,-6.584844748707733,17470.347063123747,0.0,0.1982440594157468,1.9482726234074998,2244157.3495041556,578.2771319026116
235700.0,4614450.788499435,389838.4772909489,4614414.454703315,-215.622471019034,1774.7334735948339,-215.83008357525839,-6.58492575638905,-0.5563100046153515,-6.584873907044269,17470.347063123747,0.0,0.1982440594157468,1.9482726234074998,2244157.3495041556,578.2771319026116
235800.0,4614429.193327656,390015.9478563278,4614392.8387705395,-216.28096506131521,1774.6778296772848,-216.48857243110007,-6.5849551181174615,-0.5565683495923098,-6.584903238671673,17470.347063123747,0.0,0.1982440594157468,1.9482726234074998,2244157.3495041556,578.2771319026116
235900.0,4614407.532306325,390193.4128560232,4614371.156988731,-216.93946204843408,1774.6221599242701,-217.14706422876924,-6.584984653143211,-0.5568267139318762,-6.584932743594501,17470.347063123747,0.0,0.1982440594157468,1.9482726234074998,2244157.3495041556,578.2771319026116
236000.0,4614385.805435147,390370.8722874514,4614349.409357594,-217.59796199772057,1774.566464333852,-217.80555898559564,-6.585014361470871,-0.5570850976621677,-6.58496242181732,17470.347063123747,0.0,0.1982440594157468,1.9482726234074998,2244157.3495041556,578.2771319026116
236100.0,4614364.012713826,390548.32614802866,4614327.595876834,-218.25646492650512,1774.5107429040904,-218.46405671890952,-6.585044243105042,-0.5573435008113068,-6.584992273344729,17470.347063123747,0.0,0.1982440594157468,1.9482726234074998,2244157.3495041556,578.2771319026116
236200.0,4614342.154142062,390725.77443517087,4614305.716546151,-218.9149708521186,1774.4549956330416,-219.12255744604155,-6.585074298050345,-0.5576019234074195,-6.585022298181342,17470.347063123747,0.0,0.1982440594157468,1.9482726234074998,2244157.3495041556,578.2771319026116
236300.0,4614320.229719555,390903.21714629384,4614283.771365245,-219.5734797918924,1774.3992225187596,-219.7810611843229,-6.585104526311444,-0.5578603654786397,-6.585052496331825,17470.347063123747,0.0,0.1982440594157468,1.9482726234074998,2244157.3495041556,578.2771319026116
236400.0,4614298.239446003,391080.6542788131,4614261.760333814,-220.23199176315825,1774.3434235592956,-220.4395679510852,-6.585134927892998,-0.5581188270531032,-6.5850828678008275,17470.347063123747,0.0,0.1982440594157468,1.9482726234074998,2244157.3495041556,578.2771319026116
236500.0,4614276.183321102,391258.0858301441,4614239.683451554,-220.8905067832485,1774.287598752698,-221.0980777636605,-6.585165502799717,-0.5583773081589533,-6.585113412593062,17470.347063123747,0.0,0.1982440594157468,1.9482726234074998,2244157.3495041556,578.2771319026116
236600.0,4614254.061344544,391435.511797702,4614217.54071816,-221.54902486949587,1774.2317480970119,-221.75659063938141,-6.585196251036322,-0.5586358088243368,-6.585144130713246,17470.347063123747,0.0,0.1982440594157468,1.9482726234074998,2244157.3495041556,578.2771319026116
236700.0,4614231.873516025,391612.9321789018,4614195.332133324,-222.2075460392336,1774.1758715902802,-222.41510659558094,-6.585227172607564,-0.5588943290774067,-6.585175022166122,17470.347063123747,0.0,0.1982440594157468,1.9482726234074998,2244157.3495041556,578.2771319026116
236800.0,4614209.619835233,391790.3469711583,4614173.057696737,-222.86607030979536,1774.1199692305427,-223.07362564959257,-6.585258267518223,-0.5591528689463207,-6.585206086956468,17470.347063123747,0.0,0.1982440594157468,1.9482726234074998,2244157.3495041556,578.2771319026116
236900.0,4614187.300301859,391967.75617188605,4614150.71740809,-223.52459769851538,1774.0640410158362,-223.73214781875032,-6.585289535773087,-0.5594114284592412,-6.585237325089073,17470.347063123747,0.0,0.1982440594157468,1.9482726234074998,2244157.3495041556,578.2771319026116
237000.0,4614164.91491559,392145.1597784995,4614128.31126707,-224.1831282227283,1774.0080869441952,-224.39067312038864,-6.585320977376979,-0.5596700076443358,-6.585268736568753,17470.347063123747,0.0,0.1982440594157468,1.9482726234074998,2244157.3495041556,578.2771319026116
237100.0,4614142.46367611,392322.5577884129,4614105.8392733615,-224.84166189976926,1773.9521070136507,-225.04920157184247,-6.585352592334757,-0.5599286065297786,-6.585300321400364,17470.347063123747,0.0,0.1982440594157468,1.9482726234074998,2244157.3495041556,578.2771319026116
237200.0,4614119.946583104,392499.95019904024,4614083.30142665,-225.5001987469739,1773.8961012222314,-225.70773319044727,-6.585384380651282,-0.5601872251437469,-6.585332079588765,17470.347063123747,0.0,0.1982440594157468,1.9482726234074998,2244157.3495041556,578.2771319026116
237300.0,4614097.363636254,392677.3370077953,4614060.697726618,-226.15873878167832,1773.8400695679634,-226.36626799353894,-6.585416342331463,-0.560445863514425,-6.585364011138859,17470.347063123747,0.0,0.1982440594157468,1.9482726234074998,2244157.3495041556,578.2771319026116
237400.0,4614074.7148352405,392854.71821209166,4614038.028172945,-226.81728202121914,1773.784012048869,-227.02480599845393,-6.585448477380217,-0.5607045216700012,-6.58539611605556,17470.347063123747,0.0,0.1982440594157468,1.9482726234074998,2244157.3495041556,578.2771319026116
237500.0,4614052.000179742,393032.0938093428,4614015.292765311,-227.47582848293348,1773.727928662969,-227.6833472225291,-6.585480785802484,-0.5609631996386695,-6.58542839434381,17470.347063123747,0.0,0.1982440594157468,1.9482726234074998,2244157.3495041556,578.2771319026116
237600.0,4614029.219669436,393209.463796962,4613992.491503392,-228.13437818415892,1773.67181940828,-228.3418916831019,-6.585513267603248,-0.5612218974486294,-6.585460846008582,17470.347063123747,0.0,0.1982440594157468,1.9482726234074998,2244157.3495041556,578.2771319026116
237700.0,4614006.373303997,393386.8281723621,4613969.624386866,-228.79293114223358,1773.6156842828168,-229.0004393975102,-6.585545922787498,-0.5614806151280851,-6.585493471054865,17470.347063123747,0.0,0.1982440594157468,1.9482726234074998,2244157.3495041556,578.2771319026116
237800.0,4613983.461083099,393564.1869329561,4613946.691415404,-229.45148737449605,1773.559523284591,-229.65899038309243,-6.585578751360252,-0.5617393527052466,-6.5855262694876755,17470.347063123747,0.0,0.1982440594157468,1.9482726234074998,2244157.3495041556,578.2771319026116
237900.0,4613960.483006413,393741.54007615655,4613923.6925886795,-230.11004689828542,1773.5033364116116,-230.31754465718745,-6.585611753326565,-0.5619981102083295,-6.585559241312062,17470.347063123747,0.0,0.1982440594157468,1.9482726234074998,2244157.3495041556,578.2771319026116
238000.0,4613937.439073609,393918.88759937586,4613900.6279063625,-230.7686097309413,1773.4471236618842,-230.9761022371347,-6.585644928691497,-0.5622568876655539,-6.585592386533085,17470.347063123747,0.0,0.1982440594157468,1.9482726234074998,2244157.3495041556,578.2771319026116
238100.0,4613914.329284356,394096.22950002627,4613877.4973681215,-231.42717588980383,1773.3908850334124,-231.6346631402741,-6.58567827746015,-0.562515685105146,-6.58562570515584,17470.347063123747,0.0,0.1982440594157468,1.9482726234074998,2244157.3495041556,578.2771319026116
238200.0,4613891.15363832,394273.5657755198,4613854.300973623,-232.08574539221362,1773.3346205241962,-232.2932273839461,-6.5857117996376395,-0.5627745025553369,-6.585659197185438,17470.347063123747,0.0,0.1982440594157468,1.9482726234074998,2244157.3495041556,578.2771319026116
238300.0,4613867.912135166,394450.89642326836,4613831.038722533,-232.7443182555118,1773.2783301322334,-232.9517949854916,-6.585745495229116,-0.5630333400443638,-6.585692862627031,17470.347063123747,0.0,0.1982440594157468,1.9482726234074998,2244157.3495041556,578.2771319026116
238400.0,4613844.604774557,394628.22144068347,4613807.710614514,-233.40289449704008,1773.2220138555185,-233.61036596225208,-6.585779364239737,-0.563292197600468,-6.585726701485771,17470.347063123747,0.0,0.1982440594157468,1.9482726234074998,2244157.3495041556,578.2771319026116
238500.0,4613821.231556154,394805.5408251766,4613784.316649227,-234.06147413414058,1773.1656716920436,-234.2689403315695,-6.5858134066747045,-0.5635510752518978,-6.585760713766856,17470.347063123747,0.0,0.1982440594157468,1.9482726234074998,2244157.3495041556,578.2771319026116
238600.0,4613797.792479617,394982.8545741589,4613760.856826333,-234.72005718415602,1773.1093036397974,-234.92751811078637,-6.58584762253924,-0.5638099730269065,-6.585794899475502,17470.347063123747,0.0,0.1982440594157468,1.9482726234074998,2244157.3495041556,578.2771319026116
238700.0,4613774.2875446025,395160.1626850415,4613737.3311454905,-235.3786436644296,1773.0529096967664,-235.5860993172457,-6.585882011838577,-0.564068890953752,-6.585829258616945,17470.347063123747,0.0,0.1982440594157468,1.9482726234074998,2244157.3495041556,578.2771319026116
238800.0,4613750.716750769,395337.46515523514,4613713.739606355,-236.03723359230509,1772.996489860934,-236.244683968291,-6.585916574577985,-0.5643278290606984,-6.5858637911964495,17470.347063123747,0.0,0.1982440594157468,1.9482726234074998,2244157.3495041556,578.2771319026116
238900.0,4613727.080097769,395514.7619821505,4613690.082208582,-236.69582698512673,1772.9400441302805,-236.9032720812664,-6.585951310762763,-0.564586787376016,-6.585898497219306,17470.347063123747,0.0,0.1982440594157468,1.9482726234074998,2244157.3495041556,578.2771319026116
239000.0,4613703.3775852565,395692.05316319794,4613666.358951824,-237.35442386023934,1772.883572502784,-237.56186367351648,-6.585986220398221,-0.5648457659279796,-6.585933376690826,17470.347063123747,0.0,0.1982440594157468,1.9482726234074998,2244157.3495041556,578.2771319026116
239100.0,4613679.609212881,395869.3386957877,4613642.569835731,-238.01302423498825,1772.8270749764195,-238.22045876238636,-6.586021303489707,-0.5651047647448703,-6.5859684296163525,17470.347063123747,0.0,0.1982440594157468,1.9482726234074998,2244157.3495041556,578.2771319026116
239200.0,4613655.774980293,396046.61857732985,4613618.714859954,-238.67162812671933,1772.7705515491587,-238.8790573652217,-6.586056560042579,-0.5653637838549739,-6.5860036560012425,17470.347063123747,0.0,0.1982440594157468,1.9482726234074998,2244157.3495041556,578.2771319026116
239300.0,4613631.874887139,396223.8928052341,4613594.794024141,-239.330235552779,1772.714002218971,-239.53765949936874,-6.586091990062231,-0.565622823286583,-6.586039055850884,17470.347063123747,0.0,0.1982440594157468,1.9482726234074998,2244157.3495041556,578.2771319026116
239400.0,4613607.908933064,396401.16137691017,4613570.807327936,-239.98884653051417,1772.657426983823,-240.19626518217422,-6.58612759355408,-0.5658818830679948,-6.586074629170693,17470.347063123747,0.0,0.1982440594157468,1.9482726234074998,2244157.3495041556,578.2771319026116
239500.0,4613583.877117713,396578.42428976734,4613546.754770986,-240.64746107727237,1772.600825841678,-240.8548744309854,-6.586163370523565,-0.5661409632275128,-6.586110375966106,17470.347063123747,0.0,0.1982440594157468,1.9482726234074998,2244157.3495041556,578.2771319026116
239600.0,4613559.779440729,396755.6815412149,4613522.636352931,-241.30607921040163,1772.5441987904971,-241.51348726315015,-6.586199320976155,-0.5664000637934463,-6.586146296242583,17470.347063123747,0.0,0.1982440594157468,1.9482726234074998,2244157.3495041556,578.2771319026116
239700.0,4613535.615901751,396932.93312866177,4613498.452073413,-241.96470094725055,1772.4875458282381,-242.17210369601682,-6.5862354449173335,-0.5666591847941096,-6.586182390005608,17470.347063123747,0.0,0.1982440594157468,1.9482726234074998,2244157.3495041556,578.2771319026116
239800.0,4613511.386500419,397110.1790495168,4613474.201932071,-242.62332630516823,1772.4308669528561,-242.83072374693435,-6.586271742352615,-0.5669183262578231,-6.5862186572606936,17470.347063123747,0.0,0.1982440594157468,1.9482726234074998,2244157.3495041556,578.2771319026116
239900.0,4613487.091236369,397287.4193011885,4613449.885928542,-243.28195530150438,1772.3741621623035,-243.48934743325222,-6.5863082132875395,-0.5671774882129134,-6.586255098013376,17470.347063123747,0.0,0.1982440594157468,1.9482726234074998,2244157.3495041556,578.2771319026116
240000.0,4613462.730109236,397464.65388108534,4613425.504062463,-243.94058795360925,1772.3174314545295,-244.14797477232048,-6.586344857727669,-0.5674366706877121,-6.586291712269213,17470.347063123747,0.0,0.1982440594157468,1.9482726234074998,2244157.3495041556,578.2771319026116
240100.0,4613438.303118655,397641.88278661546,4613401.0563334655,-244.59922427883362,1772.260674827481,-244.8066057814897,-6.586381675678596,-0.5676958737105573,-6.586328500033793,17470.347063123747,0.0,0.1982440594157468,1.9482726234074998,2244157.3495041556,578.2771319026116
240200.0,4613413.810264258,397819.1060151868,4613376.542741183,-245.25786429452884,1772.2038922791014,-245.46524047811107,-6.586418667145925,-0.567955097309792,-6.586365461312716,17470.347063123747,0.0,0.1982440594157468,1.9482726234074998,2244157.3495041556,578.2771319026116
240300.0,4613389.251545673,397996.3235642072,4613351.963285246,-245.91650801804687,1772.1470838073321,-246.12387887953628,-6.586455832135301,-0.5682143415137665,-6.5864025961116255,17470.347063123747,0.0,0.1982440594157468,1.9482726234074998,2244157.3495041556,578.2771319026116
240400.0,4613364.62696253,398173.5354310841,4613327.317965283,-246.57515546674017,1772.090249410111,-246.7825210031176,-6.586493170652377,-0.5684736063508351,-6.5864399044361726,17470.347063123747,0.0,0.1982440594157468,1.9482726234074998,2244157.3495041556,578.2771319026116
240500.0,4613339.936514456,398350.74161322496,4613302.606780921,-247.2338066579618,1772.0333890853733,-247.4411668662079,-6.586530682702844,-0.5687328918493597,-6.586477386292046,17470.347063123747,0.0,0.1982440594157468,1.9482726234074998,2244157.3495041556,578.2771319026116
240600.0,4613315.180201074,398527.9421080369,4613277.829731785,-247.89246160906538,1771.9765028310514,-248.0998164861606,-6.586568368292414,-0.5689921980377073,-6.58651504168495,17470.347063123747,0.0,0.1982440594157468,1.9482726234074998,2244157.3495041556,578.2771319026116
240700.0,4613290.358022008,398705.1369129268,4613252.986817498,-248.5511203374051,1771.9195906450752,-248.75846988032964,-6.586606227426823,-0.569251524944251,-6.586552870620618,17470.347063123747,0.0,0.1982440594157468,1.9482726234074998,2244157.3495041556,578.2771319026116
240800.0,4613265.46997688,398882.3260253014,4613228.078037682,-249.20978286033576,1771.8626525253712,-249.41712706606964,-6.586644260111827,-0.5695108725973697,-6.5865908731048055,17470.347063123747,0.0,0.1982440594157468,1.9482726234074998,2244157.3495041556,578.2771319026116
240900.0,4613240.516065309,399059.5094425673,4613203.1033919575,-249.8684491952127,1771.8056884698633,-250.07578806073573,-6.586682466353213,-0.5697702410254484,-6.586629049143296,17470.347063123747,0.0,0.1982440594157468,1.9482726234074998,2244157.3495041556,578.2771319026116
241000.0,4613215.496286913,399236.6871621308,4613178.062879942,-250.5271193593918,1771.7486984764726,-250.73445288168364,-6.586720846156791,-0.5700296302568784,-6.586667398741896,17470.347063123747,0.0,0.1982440594157468,1.9482726234074998,2244157.3495041556,578.2771319026116
241100.0,4613190.410641309,399413.85918139794,4613152.956501253,-251.18579337022965,1771.6916825431174,-251.39312154626964,-6.586759399528389,-0.570289040320056,-6.586705921906425,17470.347063123747,0.0,0.1982440594157468,1.9482726234074998,2244157.3495041556,578.2771319026116
241200.0,4613165.2591281105,399591.02549777465,4613127.784255505,-251.8444712450833,1771.6346406677133,-252.05179407185065,-6.586798126473875,-0.570548471243385,-6.586744618642755,17470.347063123747,0.0,0.1982440594157468,1.9482726234074998,2244157.3495041556,578.2771319026116
241300.0,4613140.04174693,399768.18610866665,4613102.54614231,-252.50315300131044,1771.5775728481726,-252.71047047578412,-6.5868370269991265,-0.5708079230552747,-6.586783488956757,17470.347063123747,0.0,0.1982440594157468,1.9482726234074998,2244157.3495041556,578.2771319026116
241400.0,4613114.75849738,399945.3410114794,4613077.24216128,-253.1618386562693,1771.520479082405,-253.36915077542812,-6.586876101110049,-0.5710673957841398,-6.586822532854333,17470.347063123747,0.0,0.1982440594157468,1.9482726234074998,2244157.3495041556,578.2771319026116
241500.0,4613089.409379068,400122.4902036182,4613051.872312024,-253.82052822731882,1771.4633593683175,-254.0278349881413,-6.5869153488125765,-0.571326889458402,-6.586861750341416,17470.347063123747,0.0,0.1982440594157468,1.9482726234074998,2244157.3495041556,578.2771319026116
241600.0,4613063.994391602,400299.63368248806,4613026.436594151,-254.4792217318184,1771.406213703814,-254.6865231312829,-6.586954770112665,-0.5715864041064888,-6.5869011414239536,17470.347063123747,0.0,0.1982440594157468,1.9482726234074998,2244157.3495041556,578.2771319026116
241700.0,4613038.51353459,400476.77144549385,4613000.935007267,-255.13791918712812,1771.349042086796,-255.3452152222128,-6.586994365016299,-0.5718459397568338,-6.586940706107931,17470.347063123747,0.0,0.1982440594157468,1.9482726234074998,2244157.3495041556,578.2771319026116
241800.0,4613012.966807633,400653.9034900403,4612975.367550975,-255.79662061060864,1771.2918445151618,-256.0039112782914,-6.58703413352948,-0.5721054964378777,-6.586980444399348,17470.347063123747,0.0,0.1982440594157468,1.9482726234074998,2244157.3495041556,578.2771319026116
241900.0,4612987.354210335,400831.02981353167,4612949.734224878,-256.4553260196212,1771.2346209868065,-256.6626113168798,-6.58707407565824,-0.5723650741780659,-6.587020356304227,17470.347063123747,0.0,0.1982440594157468,1.9482726234074998,2244157.3495041556,578.2771319026116
242000.0,4612961.675742296,401008.1504133723,4612924.035028578,-257.11403543152767,1771.1773714996232,-257.3213153553396,-6.5871141914086335,-0.5726246730058513,-6.5870604418286245,17470.347063123747,0.0,0.1982440594157468,1.9482726234074998,2244157.3495041556,578.2771319026116
242100.0,4612935.931403114,401185.2652869662,4612898.269961673,-257.77274886369054,1771.1200960515014,-257.9800234110331,-6.587154480786738,-0.5728842929496921,-6.587100700978613,17470.347063123747,0.0,0.1982440594157468,1.9482726234074998,2244157.3495041556,578.2771319026116
242200.0,4612910.121192388,401362.3744317172,4612872.439023761,-258.4314663334728,1771.0627946403283,-258.6387355013231,-6.587194943798663,-0.5731439340380544,-6.5871411337603,17470.347063123747,0.0,0.1982440594157468,1.9482726234074998,2244157.3495041556,578.2771319026116
242300.0,4612884.245109713,401539.4778450288,4612846.542214437,-259.09018785823827,1771.005467263988,-259.2974516435731,-6.587235580450528,-0.5734035962994082,-6.587181740179799,17470.347063123747,0.0,0.1982440594157468,1.9482726234074998,2244157.3495041556,578.2771319026116
242400.0,4612858.303154681,401716.5755243044,4612820.579533297,-259.74891345535116,1770.9481139203617,-259.9561718551472,-6.587276390748497,-0.5736632797622325,-6.587222520243272,17470.347063123747,0.0,0.1982440594157468,1.9482726234074998,2244157.3495041556,578.2771319026116
242500.0,4612832.295326885,401893.6674669472,4612794.55097993,-260.40764314217637,1770.8907346073279,-260.6148961534101,-6.58731737469874,-0.5739229844550108,-6.587263473956887,17470.347063123747,0.0,0.1982440594157468,1.9482726234074998,2244157.3495041556,578.2771319026116
242600.0,4612806.221625915,402070.7536703602,4612768.456553929,-261.0663769360795,1770.833329322762,-261.2736245557271,-6.587358532307459,-0.5741827104062337,-6.587304601326841,17470.347063123747,0.0,0.1982440594157468,1.9482726234074998,2244157.3495041556,578.2771319026116
242700.0,4612780.08205136,402247.83413194603,4612742.296254882,-261.7251148544267,1770.775898064537,-261.9323570794642,-6.587399863580881,-0.5744424576443983,-6.58734590235936,17470.347063123747,0.0,0.1982440594157468,1.9482726234074998,2244157.3495041556,578.2771319026116
242800.0,4612753.876602806,402424.9088491073,4612716.070082375,-262.3838569145847,1770.7184408305225,-262.59109374198795,-6.5874413685252575,-0.5747022261980077,-6.587387377060687,17470.347063123747,0.0,0.1982440594157468,1.9482726234074998,2244157.3495041556,578.2771319026116
242900.0,4612727.605279839,402601.97781924624,4612689.778035995,-263.042603133921,1770.6609576185858,-263.24983456066553,-6.587483047146864,-0.5749620160955722,-6.587429025437101,17470.347063123747,0.0,0.1982440594157468,1.9482726234074998,2244157.3495041556,578.2771319026116
243000.0,4612701.26808204,402779.041039765,4612663.420115324,-263.70135352980355,1770.603448426591,-263.90857955286475,-6.587524899452,-0.5752218273656082,-6.587470847494893,17470.347063123747,0.0,0.1982440594157468,1.9482726234074998,2244157.3495041556,578.2771319026116
243100.0,4612674.865008993,402956.09850806545,4612636.996319944,-264.3601081196011,1770.5459132523995,-264.5673287359541,-6.587566925446994,-0.575481660036639,-6.58751284324039,17470.347063123747,0.0,0.1982440594157468,1.9482726234074998,2244157.3495041556,578.2771319026116
243200.0,4612648.396060276,403133.1502215493,4612610.506649436,-265.01886692068285,1770.4883520938695,-265.2260821273026,-6.587609125138188,-0.5757415141371938,-6.587555012679934,17470.347063123747,0.0,0.1982440594157468,1.9482726234074998,2244157.3495041556,578.2771319026116
243300.0,4612621.861235468,403310.196177618,4612583.951103378,-265.6776299504188,1770.4307649488567,-265.8848397442801,-6.58765149853196,-0.5760013896958087,-6.587597355819891,17470.347063123747,0.0,0.1982440594157468,1.9482726234074998,2244157.3495041556,578.2771319026116
243400.0,4612595.260534144,403487.2363736728,4612557.329681346,-266.33639722617954,1770.373151815214,-266.5436016042568,-6.587694045634704,-0.5762612867410268,-6.587639872666661,17470.347063123747,0.0,0.1982440594157468,1.9482726234074998,2244157.3495041556,578.2771319026116
243500.0,4612568.59395588,403664.27080711466,4612530.642382915,-266.99516876533625,1770.3155126907914,-267.20236772460385,-6.58773676645285,-0.5765212053013979,-6.587682563226666,17470.347063123747,0.0,0.1982440594157468,1.9482726234074998,2244157.3495041556,578.2771319026116
243600.0,4612541.861500248,403841.2994753445,4612503.889207658,-267.65394458526083,1770.2578475734356,-267.8611381226928,-6.587779660992838,-0.5767811454054779,-6.587725427506344,17470.347063123747,0.0,0.1982440594157468,1.9482726234074998,2244157.3495041556,578.2771319026116
243700.0,4612515.0631668195,404018.32237576286,4612477.070155147,-268.3127247033258,1770.2001564609911,-268.51991281589596,-6.587822729261142,-0.5770411070818295,-6.5877684655121636,17470.347063123747,0.0,0.1982440594157468,1.9482726234074998,2244157.3495041556,578.2771319026116
243800.0,4612488.198955163,404195.3395057701,4612450.185224951,-268.9715091369042,1770.1424393512991,-269.1786918215863,-6.587865971264255,-0.5773010903590223,-6.587811677250615,17470.347063123747,0.0,0.1982440594157468,1.9482726234074998,2244157.3495041556,578.2771319026116
243900.0,4612461.268864848,404372.3508627665,4612423.2344166385,-269.63029790337,1770.0846962421983,-269.8374751571374,-6.5879093870086995,-0.5775610952656333,-6.58785506272822,17470.347063123747,0.0,0.1982440594157468,1.9482726234074998,2244157.3495041556,578.2771319026116
244000.0,4612434.272895438,404549.3564441519,4612396.217729775,-270.28909102009754,1770.0269271315242,-270.4962628399235,-6.587952976501019,-0.5778211218302451,-6.587898621951518,17470.347063123747,0.0,0.1982440594157468,1.9482726234074998,2244157.3495041556,578.2771319026116
244100.0,4612407.211046498,404726.356247326,4612369.135163926,-270.947888504462,1769.9691320171094,-271.15505488731947,-6.587996739747783,-0.5780811700814481,-6.587942354927073,17470.347063123747,0.0,0.1982440594157468,1.9482726234074998,2244157.3495041556,578.2771319026116
244200.0,4612380.083317591,404903.3502696884,4612341.986718652,-271.60669037383917,1769.911310896784,-271.8138513167009,-6.58804067675559,-0.5783412400478395,-6.587986261661481,17470.347063123747,0.0,0.1982440594157468,1.9482726234074998,2244157.3495041556,578.2771319026116
244300.0,4612352.889708277,405080.33850863844,4612314.772393515,-272.2654966456054,1769.8534637683751,-272.472652145444,-6.588084787531047,-0.5786013317580223,-6.588030342161346,17470.347063123747,0.0,0.1982440594157468,1.9482726234074998,2244157.3495041556,578.2771319026116
244400.0,4612325.630218115,405257.3209615751,4612287.492188076,-272.92430733713786,1769.7955906297068,-273.1314573909256,-6.588129072080807,-0.5788614452406082,-6.5880745964333185,17470.347063123747,0.0,0.1982440594157468,1.9482726234074998,2244157.3495041556,578.2771319026116
244500.0,4612298.304846661,405434.2976258973,4612260.146101889,-273.58312246581426,1769.7376914786003,-273.7902670705233,-6.588173530411531,-0.5791215805242145,-6.588119024484057,17470.347063123747,0.0,0.1982440594157468,1.9482726234074998,2244157.3495041556,578.2771319026116
244600.0,4612270.913593473,405611.26849900367,4612232.734134513,-274.24194204901306,1769.679766312874,-274.4490812016153,-6.58821816252991,-0.5793817376374658,-6.588163626320246,17470.347063123747,0.0,0.1982440594157468,1.9482726234074998,2244157.3495041556,578.2771319026116
244700.0,4612243.456458103,405788.23357829265,4612205.2562855,-274.90076610411336,1769.621815130344,-275.10789980158046,-6.588262968442666,-0.579641916608994,-6.588208401948607,17470.347063123747,0.0,0.1982440594157468,1.9482726234074998,2244157.3495041556,578.2771319026116
244800.0,4612215.933440103,405965.1928611624,4612177.712554403,-275.55959464849496,1769.5638379288227,-275.7667228877983,-6.588307948156528,-0.5799021174674374,-6.588253351375864,17470.347063123747,0.0,0.1982440594157468,1.9482726234074998,2244157.3495041556,578.2771319026116
244900.0,4612188.344539023,406142.146345011,4612150.102940772,-276.21842769953827,1769.5058347061201,-276.42555047764915,-6.588353101678273,-0.5801623402414428,-6.588298474608788,17470.347063123747,0.0,0.1982440594157468,1.9482726234074998,2244157.3495041556,578.2771319026116
245000.0,4612160.6897544125,406319.0940272362,4612122.427444156,-276.87726527462445,1769.4478054600431,-277.08438258851385,-6.588398429014675,-0.5804225849596618,-6.5883437716541575,17470.347063123747,0.0,0.1982440594157468,1.9482726234074998,2244157.3495041556,578.2771319026116
245100.0,4612132.969085817,406496.0359052355,4612094.686064103,-277.53610739113526,1769.3897501883957,-277.743219237774,-6.588443930172559,-0.5806828516507554,-6.588389242518786,17470.347063123747,0.0,0.1982440594157468,1.9482726234074998,2244157.3495041556,578.2771319026116
245200.0,4612105.182532783,406672.9719764063,4612066.8788001565,-278.19495406645325,1769.3316688889795,-278.40206044281183,-6.588489605158761,-0.5809431403433911,-6.588434887209514,17470.347063123747,0.0,0.1982440594157468,1.9482726234074998,2244157.3495041556,578.2771319026116
245300.0,4612077.330094852,406849.90223814565,4612039.005651861,-278.85380531796153,1769.2735615595927,-279.0609062210103,-6.588535453980141,-0.5812034510662426,-6.588480705733189,17470.347063123747,0.0,0.1982440594157468,1.9482726234074998,2244157.3495041556,578.2771319026116
245400.0,4612049.411771566,407026.82668785047,4612011.066618759,-279.512661163044,1769.215428198031,-279.7197565897531,-6.588581476643583,-0.5814637838479921,-6.588526698096699,17470.347063123747,0.0,0.1982440594157468,1.9482726234074998,2244157.3495041556,578.2771319026116
245500.0,4612021.427562465,407203.7453229174,4611983.06170039,-280.17152161908524,1769.157268802087,-280.3786115664245,-6.588627673156,-0.5817241387173284,-6.588572864306952,17470.347063123747,0.0,0.1982440594157468,1.9482726234074998,2244157.3495041556,578.2771319026116
245600.0,4611993.3774670875,407380.658140743,4611954.990896292,-280.8303867034704,1769.0990833695503,-281.0374711684096,-6.588674043524326,-0.5819845157029475,-6.588619204370876,17470.347063123747,0.0,0.1982440594157468,1.9482726234074998,2244157.3495041556,578.2771319026116
245700.0,4611965.261484969,407557.56513872335,4611926.854206001,-281.4892564335855,1769.040871898208,-281.696335413094,-6.588720587755521,-0.5822449148335535,-6.588665718295431,17470.347063123747,0.0,0.1982440594157468,1.9482726234074998,2244157.3495041556,578.2771319026116
245800.0,4611937.079615645,407734.46631425456,4611898.651629054,-282.1481308268172,1768.9826343858444,-282.3552043178642,-6.5887673058565674,-0.5825053361378573,-6.588712406087596,17470.347063123747,0.0,0.1982440594157468,1.9482726234074998,2244157.3495041556,578.2771319026116
245900.0,4611908.831858648,407911.3616647324,4611870.383164982,-282.8070099005527,1768.9243708302404,-283.01407790010734,-6.588814197834474,-0.5827657796445767,-6.588759267754371,17470.347063123747,0.0,0.1982440594157468,1.9482726234074998,2244157.3495041556,578.2771319026116
246000.0,4611880.518213509,408088.2511875524,4611842.048813318,-283.4658936721802,1768.8660812291744,-283.6729561772112,-6.588861263696273,-0.583026245382438,-6.5888063033027935,17470.347063123747,0.0,0.1982440594157468,1.9482726234074998,2244157.3495041556,578.2771319026116
246100.0,4611852.138679757,408265.13488011,4611813.64857359,-284.12478215908834,1768.8077655804218,-284.33183916656424,-6.588908503449023,-0.5832867333801746,-6.58885351273991,17470.347063123747,0.0,0.1982440594157468,1.9482726234074998,2244157.3495041556,578.2771319026116
246200.0,4611823.693256919,408442.0127398002,4611785.182445328,-284.7836753786666,1768.7494238817553,-284.9907268855557,-6.588955917099803,-0.5835472436665272,-6.588900896072803,17470.347063123747,0.0,0.1982440594157468,1.9482726234074998,2244157.3495041556,578.2771319026116
246300.0,4611795.181944523,408618.88476401794,4611756.650428056,-285.44257334830513,1768.6910561309446,-285.64961935157555,-6.589003504655713,-0.5838077762702435,-6.588948453308565,17470.347063123747,0.0,0.1982440594157468,1.9482726234074998,2244157.3495041556,578.2771319026116
246400.0,4611766.604742091,408795.75095015793,4611728.052521299,-286.10147608539484,1768.6326623257564,-286.3085165820144,-6.589051266123892,-0.5840683312200804,-6.588996184454336,17470.347063123747,0.0,0.1982440594157468,1.9482726234074998,2244157.3495041556,578.2771319026116
246500.0,4611737.961649147,408972.61129561457,4611699.3887245795,-286.76038360732724,1768.5742424639548,-286.9674185942637,-6.589099201511488,-0.5843289085448008,-6.589044089517254,17470.347063123747,0.0,0.1982440594157468,1.9482726234074998,2244157.3495041556,578.2771319026116
246600.0,4611709.25266521,409149.4657977821,4611670.65903742,-287.4192959314947,1768.5157965433007,-287.62632540571536,-6.589147310825684,-0.5845895082731764,-6.589092168504504,17470.347063123747,0.0,0.1982440594157468,1.9482726234074998,2244157.3495041556,578.2771319026116
246700.0,4611680.4777898,409326.3144540545,4611641.8634593375,-288.07821307529014,1768.4573245615525,-288.2852370337623,-6.589195594073676,-0.5848501304339849,-6.5891404214232745,17470.347063123747,0.0,0.1982440594157468,1.9482726234074998,2244157.3495041556,578.2771319026116
246800.0,4611651.637022434,409503.15726182563,4611613.001989852,-288.73713505610743,1768.3988265164653,-288.944153495798,-6.58924405126269,-0.5851107750560139,-6.589188848280796,17470.347063123747,0.0,0.1982440594157468,1.9482726234074998,2244157.3495041556,578.2771319026116
246900.0,4611622.730362627,409679.994218489,4611584.074628477,-289.396061891341,1768.3403024057916,-289.60307480921665,-6.589292682399986,-0.5853714421680575,-6.589237449084316,17470.347063123747,0.0,0.1982440594157468,1.9482726234074998,2244157.3495041556,578.2771319026116
247000.0,4611593.757809893,409856.82532143785,4611555.081374727,-290.054993598386,1768.281752227281,-290.2620009914133,-6.589341487492827,-0.585632131798917,-6.589286223841098,17470.347063123747,0.0,0.1982440594157468,1.9482726234074998,2244157.3495041556,578.2771319026116
247100.0,4611564.719363744,410033.6505680654,4611526.022228115,-290.71393019463835,1768.2231759786803,-290.9209320597836,-6.5893904665485215,-0.5858928439774035,-6.5893351725584495,17470.347063123747,0.0,0.1982440594157468,1.9482726234074998,2244157.3495041556,578.2771319026116
247200.0,4611535.61502369,410210.46995576454,4611496.897188151,-291.3728716974947,1768.164573657733,-291.57986803172395,-6.5894396195743905,-0.5861535787323342,-6.589384295243685,17470.347063123747,0.0,0.1982440594157468,1.9482726234074998,2244157.3495041556,578.2771319026116
247300.0,4611506.44478924,410387.2834819278,4611467.706254344,-292.03181812435247,1768.1059452621803,-292.23880892463154,-6.589488946577776,-0.5864143360925343,-6.589433591904145,17470.347063123747,0.0,0.1982440594157468,1.9482726234074998,2244157.3495041556,578.2771319026116
247400.0,4611477.2086599,410564.09114394773,4611438.449426201,-292.6907694926098,1768.0472907897602,-292.8977547559042,-6.589538447566061,-0.5866751160868383,-6.589483062547204,17470.347063123747,0.0,0.1982440594157468,1.9482726234074998,2244157.3495041556,578.2771319026116
247500.0,4611447.906635176,410740.89293921646,4611409.126703228,-293.3497258196654,1767.9886102382077,-293.5567055429406,-6.589588122546629,-0.5869359187440869,-6.58953270718025,17470.347063123747,0.0,0.1982440594157468,1.9482726234074998,2244157.3495041556,578.2771319026116
247600.0,4611418.538714571,410917.688865126,4611379.738084927,-294.00868712291907,1767.929903605255,-294.21566130314017,-6.58963797152691,-0.5871967440931304,-6.589582525810707,17470.347063123747,0.0,0.1982440594157468,1.9482726234074998,2244157.3495041556,578.2771319026116
247700.0,4611389.104897586,411094.47891906806,4611350.283570801,-294.66765341977106,1767.8711708886317,-294.87462205390295,-6.589687994514343,-0.5874575921628257,-6.589632518446006,17470.347063123747,0.0,0.1982440594157468,1.9482726234074998,2244157.3495041556,578.2771319026116
247800.0,4611359.605183721,411271.2630984342,4611320.76316035,-295.32662472762246,1767.8124120860641,-295.5335878126298,-6.589738191516398,-0.5877184629820389,-6.589682685093621,17470.347063123747,0.0,0.1982440594157468,1.9482726234074998,2244157.3495041556,578.2771319026116
247900.0,4611330.039572473,411448.04140061565,4611291.176853071,-295.9856010638751,1767.753627195276,-296.19255859672234,-6.589788562540571,-0.587979356579644,-6.589733025761037,17470.347063123747,0.0,0.1982440594157468,1.9482726234074998,2244157.3495041556,578.2771319026116
248000.0,4611300.408063339,411624.81382300355,4611261.524648462,-296.6445824459316,1767.6948162139881,-296.8515344235829,-6.589839107594374,-0.588240272984523,-6.589783540455769,17470.347063123747,0.0,0.1982440594157468,1.9482726234074998,2244157.3495041556,578.2771319026116
248100.0,4611270.710655814,411801.5803629887,4611231.8065460175,-297.3035688911952,1767.6359791399182,-297.51051531061466,-6.589889826685354,-0.5885012122255661,-6.589834229185358,17470.347063123747,0.0,0.1982440594157468,1.9482726234074998,2244157.3495041556,578.2771319026116
248200.0,4611240.947349391,411978.3410179617,4611202.022545231,-297.9625604170701,1767.577115970781,-298.1695012752214,-6.58994071982107,-0.5887621743316713,-6.58988509195736,17470.347063123747,0.0,0.1982440594157468,1.9482726234074998,2244157.3495041556,578.2771319026116
248300.0,4611211.11814356,412155.09578531294,4611172.172645593,-298.62155704096114,1767.5182267042887,-298.82849233480783,-6.589991787009113,-0.5890231593317461,-6.589936128779365,17470.347063123747,0.0,0.1982440594157468,1.9482726234074998,2244157.3495041556,578.2771319026116
248400.0,4611181.223037812,412331.84466243256,4611142.256846594,-299.2805587802739,1767.4593113381507,-299.48748850677924,-6.590043028257099,-0.5892841672547047,-6.589987339658979,17470.347063123747,0.0,0.1982440594157468,1.9482726234074998,2244157.3495041556,578.2771319026116
248500.0,4611151.262031633,412508.5876467105,4611112.275147721,-299.9395656524148,1767.4003698700728,-300.1464898085418,-6.590094443572666,-0.5895451981294714,-6.590038724603841,17470.347063123747,0.0,0.1982440594157468,1.9482726234074998,2244157.3495041556,578.2771319026116
248600.0,4611121.23512451,412685.3247355365,4611082.2275484605,-300.59857767479093,1767.3414022977588,-300.8054962575024,-6.590146032963473,-0.5898062519849773,-6.590090283621608,17470.347063123747,0.0,0.1982440594157468,1.9482726234074998,2244157.3495041556,578.2771319026116
248700.0,4611091.142315926,412862.0559262999,4611052.1140482975,-301.25759486481024,1767.282408618909,-301.46450787106875,-6.590197796437202,-0.590067328850163,-6.590142016719956,17470.347063123747,0.0,0.1982440594157468,1.9482726234074998,2244157.3495041556,578.2771319026116
248800.0,4611060.983605364,413038.78121638997,4611021.934646714,-301.9166172398814,1767.2233888312207,-302.1235246666493,-6.590249734001573,-0.5903284287539776,-6.590193923906603,17470.347063123747,0.0,0.1982440594157468,1.9482726234074998,2244157.3495041556,578.2771319026116
248900.0,4611030.758992305,413215.50060319575,4610991.689343191,-302.5756448174139,1767.1643429323892,-302.78254666165327,-6.590301845664315,-0.590589551725378,-6.590246005189273,17470.347063123747,0.0,0.1982440594157468,1.9482726234074998,2244157.3495041556,578.2771319026116
249000.0,4611000.468476227,413392.214084106,4610961.378137208,-303.2346776148178,1767.1052709201058,-303.4415738734906,-6.590354131433183,-0.5908506977933305,-6.590298260575722,17470.347063123747,0.0,0.1982440594157468,1.9482726234074998,2244157.3495041556,578.2771319026116
249100.0,4610970.112056607,413568.9216565092,4610931.001028242,-303.8937156495043,1767.0461727920597,-304.1006063195721,-6.59040659131596,-0.591111866986809,-6.590350690073724,17470.347063123747,0.0,0.1982440594157468,1.9482726234074998,2244157.3495041556,578.2771319026116
249200.0,4610939.689732922,413745.62331779377,4610900.558015768,-304.55275893888506,1766.9870485459367,-304.7596440173093,-6.590459225320455,-0.591373059334797,-6.590403293691086,17470.347063123747,0.0,0.1982440594157468,1.9482726234074998,2244157.3495041556,578.2771319026116
249300.0,4610909.201504644,413922.3190653477,4610870.049099262,-305.2118075003727,1766.92789817942,-305.4186869841146,-6.590512033454498,-0.5916342748662868,-6.590456071435639,17470.347063123747,0.0,0.1982440594157468,1.9482726234074998,2244157.3495041556,578.2771319026116
249400.0,4610878.647371246,414099.0088965589,4610839.474278195,-305.87086135138054,1766.8687216901897,-306.07773523740093,-6.59056501572594,-0.5918955136102784,-6.590509023315225,17470.347063123747,0.0,0.1982440594157468,1.9482726234074998,2244157.3495041556,578.2771319026116
249500.0,4610848.027332197,414275.6928088149,4610808.833552037,-306.5299205093227,1766.8095190759232,-306.73678879458237,-6.590618172142664,-0.5921567755957816,-6.5905621493377256,17470.347063123747,0.0,0.1982440594157468,1.9482726234074998,2244157.3495041556,578.2771319026116
249600.0,4610817.341386966,414452.3707995032,4610778.126920259,-307.1889849916142,1766.7502903342947,-307.3958476730735,-6.5906715027125635,-0.5924180608518144,-6.590615449511034,17470.347063123747,0.0,0.1982440594157468,1.9482726234074998,2244157.3495041556,578.2771319026116
249700.0,4610786.58953502,414629.0428660108,4610747.354382325,-307.8480548156706,1766.691035462976,-308.0549118902898,-6.590725007443574,-0.5926793694074042,-6.5906689238430785,17470.347063123747,0.0,0.1982440594157468,1.9482726234074998,2244157.3495041556,578.2771319026116
249800.0,4610755.771775824,414805.7090057247,4610716.515937702,-308.5071299989085,1766.6317544596357,-308.71398146364766,-6.590778686343641,-0.5929407012915872,-6.590722572341804,17470.347063123747,0.0,0.1982440594157468,1.9482726234074998,2244157.3495041556,578.2771319026116
249900.0,4610724.888108841,414982.36921603157,4610685.611585853,-309.1662105587452,1766.572447321939,-309.373056410564,-6.590832539420736,-0.5932020565334076,-6.590776395015173,17470.347063123747,0.0,0.1982440594157468,1.9482726234074998,2244157.3495041556,578.2771319026116
250000.0,4610693.938533532,415159.02349431784,4610654.641326239,-309.8252965125988,1766.5131140475494,-310.03213674845676,-6.590886566682869,-0.5934634351619211,-6.5908303918712,17470.347063123747,0.0,0.1982440594157468,1.9482726234074998,2244157.3495041556,578.2771319026116
250100.0,4610662.923049358,415335.67183796974,4610623.6051583225,-310.4843878778882,1766.4537546341262,-310.6912224947446,-6.5909407681380445,-0.593724837206189,-6.590884562917883,17470.347063123747,0.0,0.1982440594157468,1.9482726234074998,2244157.3495041556,578.2771319026116
250200.0,4610631.841655776,415512.3142443733,4610592.50308156,-311.1434846720331,1766.3943690793267,-311.35031366684694,-6.590995143794316,-0.5939862626952843,-6.5909389081632686,17470.347063123747,0.0,0.1982440594157468,1.9482726234074998,2244157.3495041556,578.2771319026116
250300.0,4610600.694352242,415688.95071091416,4610561.335095408,-311.802586912454,1766.3349573808048,-312.00941028218415,-6.591049693659755,-0.5942477116582886,-6.59099342761543,17470.347063123747,0.0,0.1982440594157468,1.9482726234074998,2244157.3495041556,578.2771319026116
250400.0,4610569.481138212,415865.5812349779,4610530.101199322,-312.46169461657223,1766.2755195362117,-312.6685123581772,-6.591104417742457,-0.5945091841242923,-6.591048121282456,17470.347063123747,0.0,0.1982440594157468,1.9482726234074998,2244157.3495041556,578.2771319026116
250500.0,4610538.202013137,416042.20581394975,4610498.801392755,-313.12080780181,1766.2160555431956,-313.32761991224805,-6.591159316050531,-0.5947706801223951,-6.591102989172452,17470.347063123747,0.0,0.1982440594157468,1.9482726234074998,2244157.3495041556,578.2771319026116
250600.0,4610506.856976468,416218.8244452148,4610467.435675156,-313.7799264855901,1766.1565653994019,-313.98673296181937,-6.591214388592129,-0.5950321996817072,-6.59115803129357,17470.347063123747,0.0,0.1982440594157468,1.9482726234074998,2244157.3495041556,578.2771319026116
250700.0,4610475.446027655,416395.43712615786,4610436.004045978,-314.43905068533644,1766.097049102473,-314.6458515243147,-6.591269635375412,-0.5952937428313461,-6.5912132476539655,17470.347063123747,0.0,0.1982440594157468,1.9482726234074998,2244157.3495041556,578.2771319026116
250800.0,4610443.969166147,416572.04385416344,4610404.506504667,-315.09818041847353,1766.0375066500483,-315.3049756171584,-6.591325056408565,-0.5955553096004396,-6.591268638261817,17470.347063123747,0.0,0.1982440594157468,1.9482726234074998,2244157.3495041556,578.2771319026116
250900.0,4610412.426391386,416748.6446266159,4610372.9430506695,-315.75731570242675,1765.9779380397645,-315.9641052577756,-6.59138065169981,-0.595816900018126,-6.591324203125349,17470.347063123747,0.0,0.1982440594157468,1.9482726234074998,2244157.3495041556,578.2771319026116
251000.0,4610380.81770282,416925.2394408994,4610341.31368343,-316.41645655462236,1765.9183432692553,-316.62324046359225,-6.591436421257372,-0.5960785141135515,-6.5913799422527815,17470.347063123747,0.0,0.1982440594157468,1.9482726234074998,2244157.3495041556,578.2771319026116
251100.0,4610349.143099889,417101.8282943977,4610309.618402391,-317.0756029924874,1765.8587223361515,-317.28238125203524,-6.591492365089517,-0.5963401519158724,-6.591435855652375,17470.347063123747,0.0,0.1982440594157468,1.9482726234074998,2244157.3495041556,578.2771319026116
251200.0,4610317.4025820345,417278.41118449444,4610277.857206993,-317.7347550334497,1765.7990752380808,-317.9415276405321,-6.5915484832045355,-0.5966018134542554,-6.591491943332418,17470.347063123747,0.0,0.1982440594157468,1.9482726234074998,2244157.3495041556,578.2771319026116
251300.0,4610285.596148695,417454.9881085731,4610246.030096675,-318.39391269493797,1765.7394019726685,-318.60067964651137,-6.591604775610725,-0.5968634987578756,-6.591548205301201,17470.347063123747,0.0,0.1982440594157468,1.9482726234074998,2244157.3495041556,578.2771319026116
251400.0,4610253.723799308,417631.5590640167,4610214.137070876,-319.0530759943818,1765.6797025375363,-319.25983728740226,-6.591661242316425,-0.5971252078559187,-6.591604641567066,17470.347063123747,0.0,0.1982440594157468,1.9482726234074998,2244157.3495041556,578.2771319026116
251500.0,4610221.785533308,417808.1240482082,4610182.178129029,-319.71224494921154,1765.6199769303032,-319.91900058063493,-6.591717883329986,-0.5973869407775796,-6.591661252138357,17470.347063123747,0.0,0.1982440594157468,1.9482726234074998,2244157.3495041556,578.2771319026116
251600.0,4610189.781350129,417984.68305853027,4610150.153270571,-320.37141957685833,1765.5602251485857,-320.57816954364034,-6.591774698659794,-0.5976486975520637,-6.591718037023456,17470.347063123747,0.0,0.1982440594157468,1.9482726234074998,2244157.3495041556,578.2771319026116
251700.0,4610157.711249203,418161.23609236535,4610118.062494931,-321.0305998947543,1765.5004471899967,-321.23734419385033,-6.591831688314245,-0.5979104782085852,-6.5917749962307575,17470.347063123747,0.0,0.1982440594157468,1.9482726234074998,2244157.3495041556,578.2771319026116
251800.0,4610125.5752299605,418337.78314709564,4610085.905801541,-321.68978592033227,1765.440643052147,-321.8965245486975,-6.591888852301769,-0.5981722827763694,-6.5918321297686875,17470.347063123747,0.0,0.1982440594157468,1.9482726234074998,2244157.3495041556,578.2771319026116
251900.0,4610093.373291829,418514.3242201031,4610053.68318983,-322.34897767102603,1765.3808127326436,-322.5557106256154,-6.59194619063082,-0.5984341112846512,-6.591889437645696,17470.347063123747,0.0,0.1982440594157468,1.9482726234074998,2244157.3495041556,578.2771319026116
252000.0,4610061.105434235,418690.8593087694,4610021.394659224,-323.00817516427014,1765.320956229091,-323.2149024420383,-6.592003703309862,-0.5986959637626742,-6.591946919870243,17470.347063123747,0.0,0.1982440594157468,1.9482726234074998,2244157.3495041556,578.2771319026116
252100.0,4610028.7716566045,418867.38841047604,4609989.040209149,-323.6673784175,1765.261073539091,-323.8741000154013,-6.592061390347404,-0.5989578402396945,-6.592004576450837,17470.347063123747,0.0,0.1982440594157468,1.9482726234074998,2244157.3495041556,578.2771319026116
252200.0,4609996.371958359,419043.91152260423,4609956.619839028,-324.3265874481519,1765.2011646602423,-324.5333033631406,-6.592119251751963,-0.5992197407449763,-6.592062407395988,17470.347063123747,0.0,0.1982440594157468,1.9482726234074998,2244157.3495041556,578.2771319026116
252300.0,4609963.906338922,419220.428642535,4609924.133548284,-324.9858022736629,1765.1412295901403,-325.192512502693,-6.592177287532084,-0.5994816653077951,-6.592120412714241,17470.347063123747,0.0,0.1982440594157468,1.9482726234074998,2244157.3495041556,578.2771319026116
252400.0,4609931.374797711,419396.9397676491,4609891.581336334,-325.6450229114711,1765.0812683263778,-325.8517274514962,-6.592235497696332,-0.5997436139574359,-6.592178592414155,17470.347063123747,0.0,0.1982440594157468,1.9482726234074998,2244157.3495041556,578.2771319026116
252500.0,4609898.777334145,419573.4448953271,4609858.963202599,-326.30424937901523,1765.0212808665449,-326.51094822698883,-6.592293882253306,-0.600005586723195,-6.592236946504326,17470.347063123747,0.0,0.1982440594157468,1.9482726234074998,2244157.3495041556,578.2771319026116
252600.0,4609866.11394764,419749.94402294914,4609826.279146494,-326.9634816937351,1764.9612672082283,-327.17017484661034,-6.592352441211618,-0.600267583634378,-6.592295474993365,17470.347063123747,0.0,0.1982440594157468,1.9482726234074998,2244157.3495041556,578.2771319026116
252700.0,4609833.384637611,419926.43714789534,4609793.529167434,-327.6227198730712,1764.901227349012,-327.82940732780105,-6.59241117457991,-0.6005296047203016,-6.592354177889907,17470.347063123747,0.0,0.1982440594157468,1.9482726234074998,2244157.3495041556,578.2771319026116
252800.0,4609800.58940347,420102.92426754546,4609760.713264832,-328.281963934465,1764.8411612864772,-328.4886456880022,-6.5924700823668445,-0.6007916500102927,-6.592413055202612,17470.347063123747,0.0,0.1982440594157468,1.9482726234074998,2244157.3495041556,578.2771319026116
252900.0,4609767.728244628,420279.4053792791,4609727.8314381,-328.9412138953588,1764.781069018202,-329.14788994465573,-6.592529164581104,-0.6010537195336885,-6.592472106940162,17470.347063123747,0.0,0.1982440594157468,1.9482726234074998,2244157.3495041556,578.2771319026116
253000.0,4609734.801160494,420455.8804804755,4609694.883686646,-329.6004697731958,1764.7209505417618,-329.8071401152047,-6.5925884212314045,-0.6013158133198376,-6.592531333111265,17470.347063123747,0.0,0.1982440594157468,1.9482726234074998,2244157.3495041556,578.2771319026116
253100.0,4609701.808150476,420632.34956851375,4609661.870009879,-330.25973158541996,1764.6608058547286,-330.4663962170927,-6.592647852326476,-0.6015779313980985,-6.592590733724651,17470.347063123747,0.0,0.1982440594157468,1.9482726234074998,2244157.3495041556,578.2771319026116
253200.0,4609668.749213979,420808.81264077267,4609628.790407204,-330.9189993494762,1764.6006349546715,-331.1256582677646,-6.592707457875079,-0.6018400737978404,-6.592650308789078,17470.347063123747,0.0,0.1982440594157468,1.9482726234074998,2244157.3495041556,578.2771319026116
253300.0,4609635.624350407,420985.2696946308,4609595.644878026,-331.57827308281037,1764.5404378391572,-331.78492628466586,-6.592767237885993,-0.6021022405484442,-6.592710058313316,17470.347063123747,0.0,0.1982440594157468,1.9482726234074998,2244157.3495041556,578.2771319026116
253400.0,4609602.433559163,421161.72072746657,4609562.433421748,-332.2375528028691,1764.480214505749,-332.4442002852429,-6.592827192368014,-0.6023644316793,-6.592769982306166,17470.347063123747,0.0,0.1982440594157468,1.9482726234074998,2244157.3495041556,578.2771319026116
253500.0,4609569.176839646,421338.165736658,4609529.156037769,-332.8968385271,1764.4199649520076,-333.103480286943,-6.592887321329982,-0.6026266472198109,-6.59283008077646,17470.347063123747,0.0,0.1982440594157468,1.9482726234074998,2244157.3495041556,578.2771319026116
253600.0,4609535.854191256,421514.6047195829,4609495.81272549,-333.5561302729514,1764.3596891754905,-333.7627663072144,-6.592947624780742,-0.6028888871993892,-6.592890353733039,17470.347063123747,0.0,0.1982440594157468,1.9482726234074998,2244157.3495041556,578.2771319026116
253700.0,4609502.465613389,421691.0376736189,4609462.403484307,-334.2154280578727,1764.2993871737522,-334.42205836350615,-6.593008102729163,-0.6031511516474583,-6.59295080118477,17470.347063123747,0.0,0.1982440594157468,1.9482726234074998,2244157.3495041556,578.2771319026116
253800.0,4609469.011105442,421867.46459614334,4609428.928313616,-334.8747318993141,1764.2390589443444,-335.08135647326816,-6.593068755184153,-0.6034134405934543,-6.593011423140557,17470.347063123747,0.0,0.1982440594157468,1.9482726234074998,2244157.3495041556,578.2771319026116
253900.0,4609435.490666808,422043.8854845334,4609395.38721281,-335.5340418147267,1764.1787044848159,-335.74066065395135,-6.593129582154628,-0.603675754066823,-6.5930722196093114,17470.347063123747,0.0,0.1982440594157468,1.9482726234074998,2244157.3495041556,578.2771319026116
254000.0,4609401.904296877,422220.3003361659,4609361.780181282,-336.19335782156253,1764.1183237927123,-336.3999709230074,-6.593190583649529,-0.6039380920970215,-6.593133190599972,17470.347063123747,0.0,0.1982440594157468,1.9482726234074998,2244157.3495041556,578.2771319026116
254100.0,4609368.25199504,422396.7091484174,4609328.107218422,-336.8526799372744,1764.0579168655768,-337.059287297889,-6.593251759677831,-0.604200454713519,-6.593194336121512,17470.347063123747,0.0,0.1982440594157468,1.9482726234074998,2244157.3495041556,578.2771319026116
254200.0,4609334.5337606855,422573.11191866436,4609294.368323619,-337.5120081793161,1763.997483700949,-337.7186097960497,-6.593313110248518,-0.6044628419457952,-6.593255656182911,17470.347063123747,0.0,0.1982440594157468,1.9482726234074998,2244157.3495041556,578.2771319026116
254300.0,4609300.749593199,422749.5086442829,4609260.563496258,-338.1713425651424,1763.9370242963662,-338.37793843494387,-6.593374635370611,-0.6047252538233419,-6.593317150793183,17470.347063123747,0.0,0.1982440594157468,1.9482726234074998,2244157.3495041556,578.2771319026116
254400.0,4609266.899491967,422925.8993226489,4609226.692735726,-338.83068311220893,1763.876538649362,-339.0372732320269,-6.593436335053139,-0.6049876903756615,-6.593378819961359,17470.347063123747,0.0,0.1982440594157468,1.9482726234074998,2244157.3495041556,578.2771319026116
254500.0,4609232.98345637,423102.2839511379,4609192.756041406,-339.4900298379721,1763.8160267574676,-339.696614204755,-6.593498209305172,-0.6052501516322693,-6.593440663696503,17470.347063123747,0.0,0.1982440594157468,1.9482726234074998,2244157.3495041556,578.2771319026116
254600.0,4609199.001485792,423278.66252712545,4609158.753412679,-340.14938275988925,1763.755488618211,-340.35596137058536,-6.593560258135787,-0.6055126376226905,-6.593502682007688,17470.347063123747,0.0,0.1982440594157468,1.9482726234074998,2244157.3495041556,578.2771319026116
254700.0,4609164.953579611,423455.03504798654,4609124.684848925,-340.8087418954188,1763.6949242291175,-341.01531474697606,-6.593622481554095,-0.6057751483764637,-6.593564874904024,17470.347063123747,0.0,0.1982440594157468,1.9482726234074998,2244157.3495041556,578.2771319026116
254800.0,4609130.839737205,423631.40151109616,4609090.550349522,-341.46810726201994,1763.6343335877093,-341.674674351386,-6.593684879569225,-0.606037683923138,-6.593627242394633,17470.347063123747,0.0,0.1982440594157468,1.9482726234074998,2244157.3495041556,578.2771319026116
254900.0,4609096.65995795,423807.7619138289,4609056.349913847,-342.12747887715284,1763.5737166915055,-342.33404020127506,-6.593747452190327,-0.6063002442922745,-6.593689784488665,17470.347063123747,0.0,0.1982440594157468,1.9482726234074998,2244157.3495041556,578.2771319026116
255000.0,4609062.414241221,423984.1162535592,4609022.083541273,-342.78685675827853,1763.5130735380224,-342.9934123141041,-6.593810199426587,-0.6065628295134473,-6.593752501195298,17470.347063123747,0.0,0.1982440594157468,1.9482726234074998,2244157.3495041556,578.2771319026116
255100.0,4609028.1025863895,424160.46452766116,4608987.751231175,-343.446240922859,1763.4524041247732,-343.6527907073348,-6.593873121287191,-0.6068254396162407,-6.59381539252372,17470.347063123747,0.0,0.1982440594157468,1.9482726234074998,2244157.3495041556,578.2771319026116
255200.0,4608993.724992827,424336.8067335087,4608953.352982922,-344.1056313883571,1763.3917084492687,-344.3121753984299,-6.593936217781374,-0.6070880746302527,-6.593878458483162,17470.347063123747,0.0,0.1982440594157468,1.9482726234074998,2244157.3495041556,578.2771319026116
255300.0,4608959.2814599015,424513.1428684755,4608918.888795885,-344.76502817223667,1763.330986509016,-344.9715664048528,-6.59399948891838,-0.6073507345850927,-6.593941699082857,17470.347063123747,0.0,0.1982440594157468,1.9482726234074998,2244157.3495041556,578.2771319026116
255400.0,4608924.771986981,424689.472929935,4608884.358669431,-345.4244312919625,1763.2702383015194,-345.6309637440681,-6.594062934707474,-0.6076134195103821,-6.594005114332077,17470.347063123747,0.0,0.1982440594157468,1.9482726234074998,2244157.3495041556,578.2771319026116
255500.0,4608890.196573431,424865.7969152602,4608849.762602925,-346.0838407650002,1763.2094638242806,-346.2903674335412,-6.594126555157948,-0.6078761294357546,-6.594068704240105,17470.347063123747,0.0,0.1982440594157468,1.9482726234074998,2244157.3495041556,578.2771319026116
255600.0,4608855.555218616,425042.1148218241,4608815.100595732,-346.74325660881647,1763.148663074798,-346.94977749073837,-6.594190350279119,-0.6081388643908564,-6.5941324688162535,17470.347063123747,0.0,0.1982440594157468,1.9482726234074998,2244157.3495041556,578.2771319026116
255700.0,4608820.847921897,425218.4266469994,4608780.372647215,-347.4026788408787,1763.0878360505671,-347.609193933127,-6.594254320080324,-0.6084016244053464,-6.59419640806986,17470.347063123747,0.0,0.1982440594157468,1.9482726234074998,2244157.3495041556,578.2771319026116
255800.0,4608786.074682634,425394.7323881583,4608745.578756733,-348.0621074786555,1763.0269827490806,-348.26861677817527,-6.594318464570926,-0.6086644095088953,-6.594260522010281,17470.347063123747,0.0,0.1982440594157468,1.9482726234074998,2244157.3495041556,578.2771319026116
255900.0,4608751.235500187,425571.0320426732,4608710.718923645,-348.72154253961617,1762.9661031678281,-348.9280460433523,-6.594382783760309,-0.6089272197311874,-6.594324810646898,17470.347063123747,0.0,0.1982440594157468,1.9482726234074998,2244157.3495041556,578.2771319026116
256000.0,4608716.330373911,425747.3256079158,4608675.79314731,-349.38098404123116,1762.905197304296,-349.5874817461282,-6.594447277657874,-0.6091900551019179,-6.594389273989109,17470.347063123747,0.0,0.1982440594157468,1.9482726234074998,2244157.3495041556,578.2771319026116
256100.0,4608681.359303163,425923.6130812579,4608640.801427081,-350.0404320009717,1762.8442651559683,-350.246923903974,-6.594511946273059,-0.609452915650797,-6.594453912046347,17470.347063123747,0.0,0.1982440594157468,1.9482726234074998,2244157.3495041556,578.2771319026116
256200.0,4608646.322287296,426099.8944600708,4608605.743762313,-350.69988643631,1762.7833067203255,-350.90637253436165,-6.594576789615308,-0.6097158014075457,-6.594518724828055,17470.347063123747,0.0,0.1982440594157468,1.9482726234074998,2244157.3495041556,578.2771319026116
256300.0,4608611.21932566,426276.16974172567,4608570.620152358,-351.3593473647193,1762.7223219948455,-351.56582765476406,-6.594641807694103,-0.6099787124018989,-6.59458371234371,17470.347063123747,0.0,0.1982440594157468,1.9482726234074998,2244157.3495041556,578.2771319026116
256400.0,4608576.050417606,426452.4389235934,4608535.430596566,-352.0188148036737,1762.6613109770028,-352.2252892826552,-6.5947070005189365,-0.6102416486636041,-6.594648874602803,17470.347063123747,0.0,0.1982440594157468,1.9482726234074998,2244157.3495041556,578.2771319026116
256500.0,4608540.815562482,426628.7020030446,4608500.175094284,-352.6782887706483,1762.6002736642695,-352.88475743550975,-6.5947723680993375,-0.6105046102224225,-6.594714211614853,17470.347063123747,0.0,0.1982440594157468,1.9482726234074998,2244157.3495041556,578.2771319026116
256600.0,4608505.514759634,426804.9589774497,4608464.85364486,-353.3377692831191,1762.5392100541142,-353.54423213080355,-6.594837910444843,-0.6107675971081274,-6.5947797233894,17470.347063123747,0.0,0.1982440594157468,1.9482726234074998,2244157.3495041556,578.2771319026116
256700.0,4608470.148008406,426981.20984417875,4608429.466247639,-353.9972563585631,1762.4781201440026,-354.20371338601336,-6.594903627565022,-0.6110306093505061,-6.594845409936008,17470.347063123747,0.0,0.1982440594157468,1.9482726234074998,2244157.3495041556,578.2771319026116
256800.0,4608434.715308143,427157.45460060175,4608394.012901964,-354.6567500144583,1762.4170039313979,-354.86320121861684,-6.59496951946946,-0.6112936469793587,-6.5949112712642615,17470.347063123747,0.0,0.1982440594157468,1.9482726234074998,2244157.3495041556,578.2771319026116
256900.0,4608399.216658183,427333.6932440882,4608358.493607176,-355.3162502682835,1762.3558614137596,-355.5226956460926,-6.5950355861677705,-0.6115567100244986,-6.5949773073837665,17470.347063123747,0.0,0.1982440594157468,1.9482726234074998,2244157.3495041556,578.2771319026116
257000.0,4608363.652057868,427509.92577200755,4608322.908362614,-355.97575713751866,1762.2946925885449,-356.18219668592025,-6.595101827669593,-0.6118197985157536,-6.59504351830416,17470.347063123747,0.0,0.1982440594157468,1.9482726234074998,2244157.3495041556,578.2771319026116
257100.0,4608328.021506535,427686.1521817289,4608287.257167617,-356.63527063964455,1762.2334974532073,-356.8417043555804,-6.5951682439845785,-0.612082912482964,-6.595109904035088,17470.347063123747,0.0,0.1982440594157468,1.9482726234074998,2244157.3495041556,578.2771319026116
257200.0,4608292.325003519,427862.37247062114,4608251.540021521,-357.294790792143,1762.172276005198,-357.5012186725546,-6.5952348351224055,-0.6123460519559839,-6.59517646458623,17470.347063123747,0.0,0.1982440594157468,1.9482726234074998,2244157.3495041556,578.2771319026116
257300.0,4608256.562548154,428038.5866360528,4608215.756923661,-357.95431761249677,1762.111028241965,-358.1607396543253,-6.5953016010927765,-0.6126092169646815,-6.595243199967286,17470.347063123747,0.0,0.1982440594157468,1.9482726234074998,2244157.3495041556,578.2771319026116
257400.0,4608220.734139773,428214.7946753923,4608179.907873368,-358.61385111818964,1762.049754160953,-358.820267318376,-6.595368541905423,-0.6128724075389387,-6.595310110187978,17470.347063123747,0.0,0.1982440594157468,1.9482726234074998,2244157.3495041556,578.2771319026116
257500.0,4608184.839777707,428390.99658600765,4608143.992869974,-359.2733913267063,1761.988453759604,-359.4798016821912,-6.595435657570088,-0.6131356237086512,-6.595377195258046,17470.347063123747,0.0,0.1982440594157468,1.9482726234074998,2244157.3495041556,578.2771319026116
257600.0,4608148.879461284,428567.1923652668,4608108.011912808,-359.9329382555324,1761.927127035357,-360.13934276325625,-6.595502948096542,-0.6133988655037286,-6.59544445518726,17470.347063123747,0.0,0.1982440594157468,1.9482726234074998,2244157.3495041556,578.2771319026116
257700.0,4608112.853189831,428743.38201053726,4608071.965001197,-360.59249192215464,1761.865773985648,-360.7988905790576,-6.59557041349458,-0.6136621329540951,-6.595511889985412,17470.347063123747,0.0,0.1982440594157468,1.9482726234074998,2244157.3495041556,578.2771319026116
257800.0,4608076.760962673,428919.5655191863,4608035.852134466,-361.2520523440607,1761.8043946079101,-361.45844514708267,-6.595638053774007,-0.6139254260896879,-6.595579499662301,17470.347063123747,0.0,0.1982440594157468,1.9482726234074998,2244157.3495041556,578.2771319026116
257900.0,4608040.602779136,429095.7428885811,4607999.673311941,-361.91161953873916,1761.742988899573,-362.1180064848197,-6.595705868944667,-0.6141887449404597,-6.595647284227772,17470.347063123747,0.0,0.1982440594157468,1.9482726234074998,2244157.3495041556,578.2771319026116
258000.0,4608004.378638539,429271.9141160885,4607963.428532943,-362.57119352367965,1761.681556858064,-362.7775746097582,-6.5957738590164166,-0.6144520895363766,-6.59571524369167,17470.347063123747,0.0,0.1982440594157468,1.9482726234074998,2244157.3495041556,578.2771319026116
258100.0,4607968.088540204,429448.0791990749,4607927.117796793,-363.2307743163728,1761.6200984808067,-363.4371495393883,-6.595842023999141,-0.61471545990742,-6.595783378063884,17470.347063123747,0.0,0.1982440594157468,1.9482726234074998,2244157.3495041556,578.2771319026116
258200.0,4607931.732483448,429624.2381349067,4607890.741102808,-363.8903619343102,1761.5586137652224,-364.09673129120154,-6.595910363902739,-0.6149788560835853,-6.595851687354308,17470.347063123747,0.0,0.1982440594157468,1.9482726234074998,2244157.3495041556,578.2771319026116
258300.0,4607895.310467589,429800.3909209499,4607854.298450307,-364.5499563949844,1761.4971027087288,-364.7563198826901,-6.595978878737139,-0.6152422780948826,-6.595920171572866,17470.347063123747,0.0,0.1982440594157468,1.9482726234074998,2244157.3495041556,578.2771319026116
258400.0,4607858.82249194,429976.53755457036,4607817.789838604,-365.209557715889,1761.4355653087412,-365.4159153313474,-6.596047568512293,-0.6155057259713373,-6.595988830729505,17470.347063123747,0.0,0.1982440594157468,1.9482726234074998,2244157.3495041556,578.2771319026116
258500.0,4607822.268555816,430152.6780331335,4607781.215267012,-365.86916591451853,1761.3740015626713,-366.07551765466764,-6.596116433238167,-0.6157691997429886,-6.5960576648341895,17470.347063123747,0.0,0.1982440594157468,1.9482726234074998,2244157.3495041556,578.2771319026116
258600.0,4607785.648658528,430328.8123540046,4607744.574734843,-366.52878100836864,1761.3124114679283,-366.7351268701462,-6.5961854729247555,-0.6160326994398909,-6.596126673896908,17470.347063123747,0.0,0.1982440594157468,1.9482726234074998,2244157.3495041556,578.2771319026116
258700.0,4607748.962799384,430504.9405145487,4607707.868241408,-367.18840301493583,1761.250795021918,-367.39474299527933,-6.596254687582071,-0.6162962250921146,-6.5961958579276745,17470.347063123747,0.0,0.1982440594157468,1.9482726234074998,2244157.3495041556,578.2771319026116
258800.0,4607712.210977694,430681.06251213053,4607671.095786014,-367.8480319517177,1761.1891522220437,-368.0543660475644,-6.5963240772201575,-0.6165597767297445,-6.596265216936524,17470.347063123747,0.0,0.1982440594157468,1.9482726234074998,2244157.3495041556,578.2771319026116
258900.0,4607675.3931927625,430857.17834411457,4607634.257367967,-368.5076678362129,1761.127483065705,-368.7139960444996,-6.5963936418490645,-0.6168233543828804,-6.596334750933504,17470.347063123747,0.0,0.1982440594157468,1.9482726234074998,2244157.3495041556,578.2771319026116
259000.0,4607638.509443895,431033.288007865,4607597.352986572,-369.1673106859209,1761.065787550299,-369.37363300358436,-6.596463381478881,-0.6170869580816377,-6.596404459928704,17470.347063123747,0.0,0.1982440594157468,1.9482726234074998,2244157.3495041556,578.2771319026116
259100.0,4607601.559730393,431209.3915007459,4607560.382641133,-369.82696051834233,1761.0040656732197,-370.03327694231893,-6.596533296119705,-0.6173505878561472,-6.596474343932212,17470.347063123747,0.0,0.1982440594157468,1.9482726234074998,2244157.3495041556,578.2771319026116
259200.0,4607564.544051558,431385.48882012087,4607523.34633095,-370.48661735097886,1760.9423174318576,-370.6929278782047,-6.596603385781663,-0.6176142437365554,-6.596544402954154,17470.347063123747,0.0,0.1982440594157468,1.9482726234074998,2244157.3495041556,578.2771319026116
259300.0,4607527.462406688,431561.57996335335,4607486.244055323,-371.14628120133307,1760.880542823601,-371.35258582874405,-6.596673650474904,-0.6178779257530247,-6.596614637004681,17470.347063123747,0.0,0.1982440594157468,1.9482726234074998,2244157.3495041556,578.2771319026116
259400.0,4607490.314795082,431737.6649278066,4607449.07581355,-371.8059520869086,1760.8187418458347,-372.0122508114403,-6.596744090209591,-0.6181416339357323,-6.596685046093945,17470.347063123747,0.0,0.1982440594157468,1.9482726234074998,2244157.3495041556,578.2771319026116
259500.0,4607453.101216036,431913.74371084344,4607411.841604926,-372.46563002521003,1760.7569144959405,-372.67192284379786,-6.59681470499592,-0.618405368314872,-6.596755630232138,17470.347063123747,0.0,0.1982440594157468,1.9482726234074998,2244157.3495041556,578.2771319026116
259600.0,4607415.821668842,432089.8163098266,4607374.541428746,-373.12531503374316,1760.6950607712974,-373.3316019433221,-6.596885494844099,-0.6186691289206536,-6.596826389429473,17470.347063123747,0.0,0.1982440594157468,1.9482726234074998,2244157.3495041556,578.2771319026116
259700.0,4607378.476152793,432265.88272211846,4607337.175284301,-373.7850071300146,1760.6331806692813,-373.9912881275194,-6.596956459764369,-0.6189329157833031,-6.596897323696179,17470.347063123747,0.0,0.1982440594157468,1.9482726234074998,2244157.3495041556,578.2771319026116
259800.0,4607341.064667178,432441.94294508116,4607299.7431708835,-374.44470633153213,1760.5712741872646,-374.6509814138973,-6.59702759976698,-0.6191967289330621,-6.596968433042506,17470.347063123747,0.0,0.1982440594157468,1.9482726234074998,2244157.3495041556,578.2771319026116
259900.0,4607303.5872112885,432617.9969760765,4607262.245087781,-375.1044126558044,1760.5093413226175,-375.3106818199642,-6.597098914862209,-0.6194605684001885,-6.597039717478724,17470.347063123747,0.0,0.1982440594157468,1.9482726234074998,2244157.3495041556,578.2771319026116
260000.0,4607266.043784409,432794.04481246613,4607224.681034281,-375.7641261203413,1760.4473820727064,-375.9703893632297,-6.597170405060361,-0.6197244342149578,-6.597111177015141,17470.347063123747,0.0,0.1982440594157468,1.9482726234074998,2244157.3495041556,578.2771319026116
260100.0,4607228.434385825,432970.0864516114,4607187.051009669,-376.4238467426536,1760.3853964348953,-376.63010406120424,-6.597242070371753,-0.6199883264076607,-6.5971828116620665,17470.347063123747,0.0,0.1982440594157468,1.9482726234074998,2244157.3495041556,578.2771319026116
260200.0,4607190.759014821,433146.1218908734,4607149.355013229,-377.08357454025315,1760.3233844065446,-377.28982593139943,-6.597313910806731,-0.6202522450086052,-6.5972546214298395,17470.347063123747,0.0,0.1982440594157468,1.9482726234074998,2244157.3495041556,578.2771319026116
260300.0,4607153.017670677,433322.151127613,4607111.593044243,-377.74330953065277,1760.2613459850122,-377.9495549913279,-6.597385926375649,-0.6205161900481152,-6.597326606328817,17470.347063123747,0.0,0.1982440594157468,1.9482726234074998,2244157.3495041556,578.2771319026116
260400.0,4607115.210352674,433498.17415919056,4607073.765101991,-378.4030517313664,1760.1992811676528,-378.6092912585032,-6.5974581170889,-0.6207801615565329,-6.597398766369386,17470.347063123747,0.0,0.1982440594157468,1.9482726234074998,2244157.3495041556,578.2771319026116
260500.0,4607077.33706009,433674.1909829665,4607035.871185751,-379.06280115990904,1760.1371899518176,-379.26903475044014,-6.59753048295689,-0.6210441595642168,-6.59747110156195,17470.347063123747,0.0,0.1982440594157468,1.9482726234074998,2244157.3495041556,578.2771319026116
260600.0,4607039.397792201,433850.2015963009,4606997.911294799,-379.72255783379666,1760.0750723348556,-379.9287854846543,-6.59760302399005,-0.6213081841015425,-6.597543611916933,17470.347063123747,0.0,0.1982440594157468,1.9482726234074998,2244157.3495041556,578.2771319026116
260700.0,4607001.392548281,434026.20599655336,4606959.885428412,-380.38232177054624,1760.012928314112,-380.5885434786626,-6.5976757401988255,-0.6215722351989027,-6.597616297444781,17470.347063123747,0.0,0.1982440594157468,1.9482726234074998,2244157.3495041556,578.2771319026116
260800.0,4606963.321327603,434202.2041810835,4606921.793585861,-381.0420929876759,1759.9507578869295,-381.2483087499827,-6.597748631593692,-0.621836312886708,-6.597689158155963,17470.347063123747,0.0,0.1982440594157468,1.9482726234074998,2244157.3495041556,578.2771319026116
260900.0,4606925.18412944,434378.1961472504,4606883.635766419,-381.7018715027048,1759.8885610506475,-381.9080813161336,-6.597821698185134,-0.6221004171953853,-6.597762194060961,17470.347063123747,0.0,0.1982440594157468,1.9482726234074998,2244157.3495041556,578.2771319026116
261000.0,4606886.980953059,434554.1818924132,4606845.411969354,-382.3616573331532,1759.8263378026022,-382.56786119463504,-6.597894939983674,-0.6223645481553809,-6.597835405170295,17470.347063123747,0.0,0.1982440594157468,1.9482726234074998,2244157.3495041556,578.2771319026116
261100.0,4606848.711797729,434730.1614139305,4606807.122193935,-383.0214504965422,1759.7640881401271,-383.2276484030081,-6.597968356999842,-0.6226287057971577,-6.59790879149449,17470.347063123747,0.0,0.1982440594157468,1.9482726234074998,2244157.3495041556,578.2771319026116
261200.0,4606810.376662715,434906.13470916066,4606768.766439429,-383.6812510103941,1759.7018120605524,-383.8874429587748,-6.59804194924419,-0.6228928901511959,-6.597982353044095,17470.347063123747,0.0,0.1982440594157468,1.9482726234074998,2244157.3495041556,578.2771319026116
261300.0,4606771.975547282,435082.1017754619,4606730.344705098,-384.3410588922323,1759.6395095612054,-384.5472448794581,-6.598115716727302,-0.6231571012479952,-6.59805608982969,17470.347063123747,0.0,0.1982440594157468,1.9482726234074998,2244157.3495041556,578.2771319026116
261400.0,4606733.508450691,435258.06261019217,4606691.856990207,-385.0008741595812,1759.5771806394102,-385.2070541825822,-6.5981896594597735,-0.6234213391180728,-6.598130001861868,17470.347063123747,0.0,0.1982440594157468,1.9482726234074998,2244157.3495041556,578.2771319026116
261500.0,4606694.975372203,435434.017210709,4606653.303294015,-385.66069682996624,1759.5148252924882,-385.86687088567237,-6.598263777452223,-0.6236856037919635,-6.598204089151243,17470.347063123747,0.0,0.1982440594157468,1.9482726234074998,2244157.3495041556,578.2771319026116
261600.0,4606656.376311077,435609.96557436977,4606614.683615782,-386.320526920914,1759.4524435177573,-386.5266950062547,-6.598338070715292,-0.6239498953002216,-6.598278351708454,17470.347063123747,0.0,0.1982440594157468,1.9482726234074998,2244157.3495041556,578.2771319026116
261700.0,4606617.711266571,435785.9076985315,4606575.997954766,-386.98036444995205,1759.3900353125325,-387.1865265618567,-6.598412539259638,-0.6242142136734188,-6.598352789544156,17470.347063123747,0.0,0.1982440594157468,1.9482726234074998,2244157.3495041556,578.2771319026116
261800.0,4606578.980237938,435961.84358055115,4606537.246310222,-387.640209434609,1759.327600674126,-387.8463655700065,-6.598487183095943,-0.6244785589421463,-6.598427402669024,17470.347063123747,0.0,0.1982440594157468,1.9482726234074998,2244157.3495041556,578.2771319026116
261900.0,4606540.183224434,436137.7732177852,4606498.428681403,-388.30006189241465,1759.2651395998464,-388.5062120482338,-6.598562002234913,-0.6247429311370141,-6.598502191093761,17470.347063123747,0.0,0.1982440594157468,1.9482726234074998,2244157.3495041556,578.2771319026116
262000.0,4606501.32022531,436313.69660758984,4606459.545067563,-388.95992184089977,1759.202652087,-389.166066014069,-6.598636996687271,-0.6250073302886509,-6.5985771548290915,17470.347063123747,0.0,0.1982440594157468,1.9482726234074998,2244157.3495041556,578.2771319026116
262100.0,4606462.391239815,436489.6137473212,4606420.59546795,-389.61978929759624,1759.1401381328892,-389.8259274850437,-6.598712166463756,-0.6252717564277033,-6.598652293885743,17470.347063123747,0.0,0.1982440594157468,1.9482726234074998,2244157.3495041556,578.2771319026116
262200.0,4606423.396267199,436665.52463433496,4606381.579881815,-390.279664280037,1759.077597734814,-390.48579647869053,-6.598787511575135,-0.6255362095848397,-6.598727608274486,17470.347063123747,0.0,0.1982440594157468,1.9482726234074998,2244157.3495041556,578.2771319026116
262300.0,4606384.335306708,436841.4292659866,4606342.498308403,-390.93954680575615,1759.0150308900706,-391.14567301254334,-6.598863032032197,-0.6258006897907455,-6.598803098006099,17470.347063123747,0.0,0.1982440594157468,1.9482726234074998,2244157.3495041556,578.2771319026116
262400.0,4606345.208357586,437017.32763963134,4606303.35074696,-391.5994368922887,1758.9524375959531,-391.8055571041369,-6.598938727845744,-0.6260651970761272,-6.598878763091388,17470.347063123747,0.0,0.1982440594157468,1.9482726234074998,2244157.3495041556,578.2771319026116
262500.0,4606306.015419076,437193.21975262405,4606264.13719673,-392.25933455717086,1758.8898178497518,-392.4654487710071,-6.599014599026603,-0.6263297314717099,-6.598954603541173,17470.347063123747,0.0,0.1982440594157468,1.9482726234074998,2244157.3495041556,578.2771319026116
262600.0,4606266.756490421,437369.10560231947,4606224.857656953,-392.91923981793997,1758.827171648754,-393.125348030691,-6.599090645585621,-0.6265942930082389,-6.599030619366297,17470.347063123747,0.0,0.1982440594157468,1.9482726234074998,2244157.3495041556,578.2771319026116
262700.0,4606227.431570859,437544.9851860719,4606185.5121268695,-393.5791526921343,1758.7644989902444,-393.7852549007266,-6.599166867533664,-0.6268588817164792,-6.599106810577619,17470.347063123747,0.0,0.1982440594157468,1.9482726234074998,2244157.3495041556,578.2771319026116
262800.0,4606188.040659628,437720.8585012355,4606146.100605718,-394.23907319729335,1758.7017998715041,-394.4451693986531,-6.599243264881621,-0.6271234976272165,-6.599183177186031,17470.347063123747,0.0,0.1982440594157468,1.9482726234074998,2244157.3495041556,578.2771319026116
262900.0,4606148.583755964,437896.7255451641,4606106.623092734,-394.89900135095763,1758.6390742898113,-395.1050915420107,-6.5993198376404,-0.6273881407712562,-6.599259719202436,17470.347063123747,0.0,0.1982440594157468,1.9482726234074998,2244157.3495041556,578.2771319026116
263000.0,4606109.060859102,438072.58631521126,4606067.079587154,-395.5589371706688,1758.5763222424412,-395.76502134834084,-6.599396585820928,-0.6276528111794241,-6.599336436637754,17470.347063123747,0.0,0.1982440594157468,1.9482726234074998,2244157.3495041556,578.2771319026116
263100.0,4606069.471968274,438248.4408087303,4606027.470088209,-396.2188806739696,1758.5135437266656,-396.4249588351859,-6.59947350943415,-0.6279175088825668,-6.59941332950293,17470.347063123747,0.0,0.1982440594157468,1.9482726234074998,2244157.3495041556,578.2771319026116
263200.0,4606029.817082711,438424.28902307426,4605987.794595131,-396.8788318784038,1758.4507387397537,-397.0849040200895,-6.5995506084910405,-0.6281822339115515,-6.599490397808932,17470.347063123747,0.0,0.1982440594157468,1.9482726234074998,2244157.3495041556,578.2771319026116
263300.0,4605990.096201641,438600.1309555958,4605948.053107148,-397.5387908015163,1758.3879072789714,-397.74485692059613,-6.599627883002579,-0.6284469862972659,-6.599567641566739,17470.347063123747,0.0,0.1982440594157468,1.9482726234074998,2244157.3495041556,578.2771319026116
263400.0,4605950.309324292,438775.9666036475,4605908.245623489,-398.1987574608532,1758.3250493415815,-398.4048175542516,-6.599705332979787,-0.6287117660706202,-6.599645060787365,17470.347063123747,0.0,0.1982440594157468,1.9482726234074998,2244157.3495041556,578.2771319026116
263500.0,4605910.45644989,438951.7959645815,4605868.3721433785,-398.8587318739615,1758.2621649248433,-399.06478593860277,-6.599782958433684,-0.6289765732625436,-6.599722655481829,17470.347063123747,0.0,0.1982440594157468,1.9482726234074998,2244157.3495041556,578.2771319026116
263600.0,4605870.537577658,439127.6190357497,4605828.432666042,-399.51871405838955,1758.199254026014,-399.7247620911975,-6.599860759375314,-0.6292414079039875,-6.5998004256611695,17470.347063123747,0.0,0.1982440594157468,1.9482726234074998,2244157.3495041556,578.2771319026116
263700.0,4605830.552706818,439303.4358145038,4605788.427190701,-400.17870403168655,1758.1363166423466,-400.38474602958485,-6.599938735815753,-0.629506270025926,-6.5998783713364615,17470.347063123747,0.0,0.1982440594157468,1.9482726234074998,2244157.3495041556,578.2771319026116
263800.0,4605790.501836591,439479.2462981952,4605748.355716576,-400.83870181140304,1758.0733527710918,-401.044737771315,-6.6000168877660865,-0.6297711596593533,-6.599956492518784,17470.347063123747,0.0,0.1982440594157468,1.9482726234074998,2244157.3495041556,578.2771319026116
263900.0,4605750.384966196,439655.050484175,4605708.218242886,-401.4987074150905,1758.0103624094968,-401.7047373339392,-6.60009521523742,-0.630036076835286,-6.600034789219239,17470.347063123747,0.0,0.1982440594157468,1.9482726234074998,2244157.3495041556,578.2771319026116
264000.0,4605710.202094847,439830.84836979397,4605668.014768847,-402.1587208603016,1757.9473455548057,-402.3647447350098,-6.600173718240882,-0.630301021584763,-6.600113261448954,17470.347063123747,0.0,0.1982440594157468,1.9482726234074998,2244157.3495041556,578.2771319026116
264100.0,4605669.953221762,440006.63995240274,4605627.745293677,-402.81874216459016,1757.8843022042597,-403.02475999208036,-6.600252396787617,-0.630565993938845,-6.60019190921907,17470.347063123747,0.0,0.1982440594157468,1.9482726234074998,2244157.3495041556,578.2771319026116
264200.0,4605629.638346151,440182.42522935156,4605587.409816586,-403.478771345511,1757.8212323550968,-403.68478312270537,-6.600331250888793,-0.6308309939286153,-6.600270732540749,17470.347063123747,0.0,0.1982440594157468,1.9482726234074998,2244157.3495041556,578.2771319026116
264300.0,4605589.257467229,440358.2041979904,4605547.008336789,-404.13880842062014,1757.7581360045517,-404.3448141444406,-6.600410280555595,-0.6310960215851796,-6.600349731425173,17470.347063123747,0.0,0.1982440594157468,1.9482726234074998,2244157.3495041556,578.2771319026116
264400.0,4605548.810584203,440533.976855669,4605506.540853494,-404.79885340747467,1757.6950131498563,-405.00485307484286,-6.600489485799228,-0.6313610769396661,-6.600428905883543,17470.347063123747,0.0,0.1982440594157468,1.9482726234074998,2244157.3495041556,578.2771319026116
264500.0,4605508.297696283,440709.7431997368,4605466.007365909,-405.4589063236329,1757.6318637882393,-405.66489993147013,-6.600568866630913,-0.6316261600232261,-6.600508255927078,17470.347063123747,0.0,0.1982440594157468,1.9482726234074998,2244157.3495041556,578.2771319026116
264600.0,4605467.718802674,440885.50322754297,4605425.407873242,-406.1189671866542,1757.5686879169264,-406.32495473188146,-6.6006484230619025,-0.6318912708670347,-6.600587781567026,17470.347063123747,0.0,0.1982440594157468,1.9482726234074998,2244157.3495041556,578.2771319026116
264700.0,4605427.07390258,441061.2569364364,4605384.742374698,-406.77903601409895,1757.5054855331396,-406.9850174936371,-6.600728155103448,-0.6321564095022885,-6.600667482814634,17470.347063123747,0.0,0.1982440594157468,1.9482726234074998,2244157.3495041556,578.2771319026116
264800.0,4605386.3629952045,441237.00432376575,4605344.010869478,-407.4391128235289,1757.4422566340984,-407.6450882342983,-6.600808062766835,-0.632421575960209,-6.600747359681187,17470.347063123747,0.0,0.1982440594157468,1.9482726234074998,2244157.3495041556,578.2771319026116
264900.0,4605345.586079748,441412.7453868793,4605303.213356785,-408.09919763250673,1757.379001217019,-408.30516697142764,-6.600888146063363,-0.6326867702720406,-6.600827412177977,17470.347063123747,0.0,0.1982440594157468,1.9482726234074998,2244157.3495041556,578.2771319026116
265000.0,4605304.7431554105,441588.48012312513,4605262.349835817,-408.75929045859635,1757.3157192791145,-408.9652537225886,-6.600968405004358,-0.6329519924690523,-6.600907640316328,17470.347063123747,0.0,0.1982440594157468,1.9482726234074998,2244157.3495041556,578.2771319026116
265100.0,4605263.834221388,441764.208529851,4605221.420305773,-409.4193913193628,1757.2524108175946,-409.625348505346,-6.601048839601152,-0.6332172425825362,-6.600988044107568,17470.347063123747,0.0,0.1982440594157468,1.9482726234074998,2244157.3495041556,578.2771319026116
265200.0,4605222.859276878,441939.9306044044,4605180.424765848,-410.07950023237214,1757.1890758296663,-410.2854513372656,-6.601129449865102,-0.6334825206438088,-6.601068623563051,17470.347063123747,0.0,0.1982440594157468,1.9482726234074998,2244157.3495041556,578.2771319026116
265300.0,4605181.8183210725,442115.6463441326,4605139.363215236,-410.73961721519174,1757.125714312533,-410.94556223591445,-6.601210235807586,-0.6337478266842111,-6.601149378694152,17470.347063123747,0.0,0.1982440594157468,1.9482726234074998,2244157.3495041556,578.2771319026116
265400.0,4605140.711353165,442291.3557463825,4605098.23565313,-411.39974228539,1757.0623262633958,-411.60568121886064,-6.601291197440001,-0.6340131607351093,-6.601230309512262,17470.347063123747,0.0,0.1982440594157468,1.9482726234074998,2244157.3495041556,578.2771319026116
265500.0,4605099.538372345,442467.05880850076,4605057.042078721,-412.0598754605365,1756.9989116794513,-412.2658083036735,-6.601372334773753,-0.6342785228278927,-6.601311416028785,17470.347063123747,0.0,0.1982440594157468,1.9482726234074998,2244157.3495041556,578.2771319026116
265600.0,4605058.299377802,442642.75552783377,4605015.782491199,-412.7200167582019,1756.9354705578944,-412.9259435079234,-6.601453647820284,-0.6345439129939777,-6.601392698255159,17470.347063123747,0.0,0.1982440594157468,1.9482726234074998,2244157.3495041556,578.2771319026116
265700.0,4605016.994368722,442818.44590172765,4604974.456889749,-413.38016619595805,1756.8720028959158,-413.5860868491819,-6.601535136591033,-0.6348093312648039,-6.601474156202819,17470.347063123747,0.0,0.1982440594157468,1.9482726234074998,2244157.3495041556,578.2771319026116
265800.0,4604975.62334429,442994.1299275282,4604933.065273557,-414.04032379137794,1756.8085086907035,-414.24623834502177,-6.601616801097473,-0.6350747776718374,-6.6015557898832355,17470.347063123747,0.0,0.1982440594157468,1.9482726234074998,2244157.3495041556,578.2771319026116
265900.0,4604934.186303691,443169.8076025809,4604891.607641807,-414.7004895620358,1756.7449879394426,-414.9063980130167,-6.601698641351091,-0.6353402522465698,-6.601637599307891,17470.347063123747,0.0,0.1982440594157468,1.9482726234074998,2244157.3495041556,578.2771319026116
266000.0,4604892.683246105,443345.47892423114,4604850.083993681,-415.3606635255068,1756.6814406393144,-415.56656587074184,-6.6017806573633955,-0.6356057550205185,-6.601719584488291,17470.347063123747,0.0,0.1982440594157468,1.9482726234074998,2244157.3495041556,578.2771319026116
266100.0,4604851.114170712,443521.14388982375,4604808.494328359,-416.0208456993675,1756.6178667874974,-416.2267419357733,-6.601862849145904,-0.6358712860252262,-6.601801745435948,17470.347063123747,0.0,0.1982440594157468,1.9482726234074998,2244157.3495041556,578.2771319026116
266200.0,4604809.479076691,443696.80249670346,4604766.83864502,-416.6810361011954,1756.5542663811673,-416.88692622568834,-6.601945216710158,-0.6361368452922626,-6.6018840821624005,17470.347063123747,0.0,0.1982440594157468,1.9482726234074998,2244157.3495041556,578.2771319026116
266300.0,4604767.777963217,443872.4547422147,4604725.116942839,-417.34123474856926,1756.490639417496,-417.54711875806544,-6.6020277600677195,-0.6364024328532235,-6.601966594679208,17470.347063123747,0.0,0.1982440594157468,1.9482726234074998,2244157.3495041556,578.2771319026116
266400.0,4604726.010829465,444048.1006237016,4604683.3292209925,-418.0014416590691,1756.4269858936525,-418.2073195504842,-6.602110479230157,-0.6366680487397312,-6.602049282997935,17470.347063123747,0.0,0.1982440594157468,1.9482726234074998,2244157.3495041556,578.2771319026116
266500.0,4604684.177674609,444223.740138508,4604641.475478653,-418.66165685027585,1756.3633058068028,-418.86752862052543,-6.602193374209077,-0.6369336929834355,-6.602132147130182,17470.347063123747,0.0,0.1982440594157468,1.9482726234074998,2244157.3495041556,578.2771319026116
266600.0,4604642.278497819,444399.3732839774,4604599.555714992,-419.32188033977184,1756.2995991541095,-419.52774598577105,-6.602276445016085,-0.6371993656160126,-6.6022151870875545,17470.347063123747,0.0,0.1982440594157468,1.9482726234074998,2244157.3495041556,578.2771319026116
266700.0,4604600.313298264,444575.0000574532,4604557.569929179,-419.9821121451404,1756.2358659327322,-420.18797166380415,-6.6023596916628104,-0.6374650666691664,-6.602298402881675,17470.347063123747,0.0,0.1982440594157468,1.9482726234074998,2244157.3495041556,578.2771319026116
266800.0,4604558.282075112,444750.62045627827,4604515.518120381,-420.6423522839661,1756.1721061398273,-420.84820567220896,-6.602443114160902,-0.6377307961746279,-6.602381794524189,17470.347063123747,0.0,0.1982440594157468,1.9482726234074998,2244157.3495041556,578.2771319026116
266900.0,4604516.184827529,444926.23447779537,4604473.400287766,-421.3026007738347,1756.108319772548,-421.50844802857097,-6.602526712522025,-0.6379965541641565,-6.602465362026758,17470.347063123747,0.0,0.1982440594157468,1.9482726234074998,2244157.3495041556,578.2771319026116
267000.0,4604474.021554679,445101.8421193469,4604431.216430496,-421.962857632333,1756.044506828044,-422.1686987504767,-6.602610486757861,-0.6382623406695388,-6.602549105401062,17470.347063123747,0.0,0.1982440594157468,1.9482726234074998,2244157.3495041556,578.2771319026116
267100.0,4604431.792255723,445277.44337827497,4604388.966547736,-422.6231228770491,1755.9806673034623,-422.828957855514,-6.602694436880109,-0.6385281557225905,-6.602633024658796,17470.347063123747,0.0,0.1982440594157468,1.9482726234074998,2244157.3495041556,578.2771319026116
267200.0,4604389.4969298225,445453.0382519215,4604346.6506386455,-423.2833965255723,1755.9168011959466,-423.4892253612717,-6.60277856290048,-0.6387939993551547,-6.602717119811667,17470.347063123747,0.0,0.1982440594157468,1.9482726234074998,2244157.3495041556,578.2771319026116
267300.0,4604347.135576136,445628.62673762796,4604304.268702383,-423.9436785954929,1755.8529085026375,-424.1495012853399,-6.602862864830717,-0.6390598715991047,-6.602801390871414,17470.347063123747,0.0,0.1982440594157468,1.9482726234074998,2244157.3495041556,578.2771319026116
267400.0,4604304.708193822,445804.2088327357,4604261.820738107,-424.6039691044025,1755.7889892206722,-424.80978564530994,-6.602947342682562,-0.6393257724863411,-6.602885837849772,17470.347063123747,0.0,0.1982440594157468,1.9482726234074998,2244157.3495041556,578.2771319026116
267500.0,4604262.214782034,445979.7845345857,4604219.306744972,-425.26426806989383,1755.7250433471845,-425.4700784587742,-6.603031996467785,-0.6395917020487947,-6.602970460758512,17470.347063123747,0.0,0.1982440594157468,1.9482726234074998,2244157.3495041556,578.2771319026116
267600.0,4604219.655339926,446155.3538405187,4604176.726722132,-425.9245755095609,1755.6610708793055,-426.1303797433264,-6.603116826198176,-0.6398576603184261,-6.603055259609419,17470.347063123747,0.0,0.1982440594157468,1.9482726234074998,2244157.3495041556,578.2771319026116
267700.0,4604177.029866649,446330.916747875,4604134.08066874,-426.5848914409987,1755.5970718141627,-426.79068951656126,-6.6032018318855235,-0.6401236473272238,-6.603140234414275,17470.347063123747,0.0,0.1982440594157468,1.9482726234074998,2244157.3495041556,578.2771319026116
267800.0,4604134.338361354,446506.47325399483,4604091.368583946,-427.24521588180363,1755.5330461488809,-427.4510077960748,-6.6032870135416575,-0.6403896631072087,-6.603225385184912,17470.347063123747,0.0,0.1982440594157468,1.9482726234074998,2244157.3495041556,578.2771319026116
267900.0,4604091.580823188,446682.023356218,4604048.590466897,-427.90554884957305,1755.4689938805811,-428.11133459946416,-6.6033723711783985,-0.6406557076904292,-6.603310711933142,17470.347063123747,0.0,0.1982440594157468,1.9482726234074998,2244157.3495041556,578.2771319026116
268000.0,4604048.757251298,446857.5670518841,4604005.746316741,-428.5658903619057,1755.4049150063815,-428.77166994432775,-6.603457904807604,-0.6409217811089669,-6.603396214670821,17470.347063123747,0.0,0.1982440594157468,1.9482726234074998,2244157.3495041556,578.2771319026116
268100.0,4604005.86764483,447033.1043383323,4603962.836132623,-429.2262404364014,1755.340809523397,-429.43201384826506,-6.603543614441142,-0.641187883394932,-6.603481893409812,17470.347063123747,0.0,0.1982440594157468,1.9482726234074998,2244157.3495041556,578.2771319026116
268200.0,4603962.912002925,447208.6352129017,4603919.859913686,-429.88659909066115,1755.276677428739,-430.09236632887684,-6.6036295000908884,-0.6414540145804668,-6.603567748161988,17470.347063123747,0.0,0.1982440594157468,1.9482726234074998,2244157.3495041556,578.2771319026116
268300.0,4603919.890324725,447384.1596729309,4603876.817659072,-430.5469663422872,1755.2125187195163,-430.752727403765,-6.603715561768744,-0.6417201746977439,-6.603653778939245,17470.347063123747,0.0,0.1982440594157468,1.9482726234074998,2244157.3495041556,578.2771319026116
268400.0,4603876.802609369,447559.6777157583,4603833.709367919,-431.2073422088829,1755.148333392834,-431.41309709053263,-6.603801799486624,-0.6419863637789684,-6.603739985753497,17470.347063123747,0.0,0.1982440594157468,1.9482726234074998,2244157.3495041556,578.2771319026116
268500.0,4603833.648855995,447735.1893387221,4603790.535039366,-431.8677267080529,1755.0841214457942,-432.07347540678404,-6.603888213256463,-0.6422525818563772,-6.603826368616671,17470.347063123747,0.0,0.1982440594157468,1.9482726234074998,2244157.3495041556,578.2771319026116
268600.0,4603790.429063739,447910.69453916,4603747.29467255,-432.52811985740294,1755.0198828754953,-432.7338623701247,-6.603974803090194,-0.6425188289622377,-6.6039129275407,17470.347063123747,0.0,0.1982440594157468,1.9482726234074998,2244157.3495041556,578.2771319026116
268700.0,4603747.143231735,448086.19331440964,4603703.988266604,-433.1885216745401,1754.9556176790331,-433.3942579981613,-6.604061568999786,-0.6427851051288516,-6.603999662537546,17470.347063123747,0.0,0.1982440594157468,1.9482726234074998,2244157.3495041556,578.2771319026116
268800.0,4603703.791359114,448261.6856618082,4603660.615820661,-433.84893217707247,1754.8913258535,-434.05466230850175,-6.604148510997219,-0.6430514103885518,-6.6040865736191865,17470.347063123747,0.0,0.1982440594157468,1.9482726234074998,2244157.3495041556,578.2771319026116
268900.0,4603660.373445009,448437.1715786926,4603617.177333852,-434.5093513826095,1754.8270073959845,-434.71507531875505,-6.604235629094483,-0.6433177447737055,-6.60417366079761,17470.347063123747,0.0,0.1982440594157468,1.9482726234074998,2244157.3495041556,578.2771319026116
269000.0,4603616.889488547,448612.65106239956,4603573.6728053065,-435.16977930876175,1754.762662303573,-435.37549704653156,-6.604322923303581,-0.6435841083167111,-6.6042609240848105,17470.347063123747,0.0,0.1982440594157468,1.9482726234074998,2244157.3495041556,578.2771319026116
269100.0,4603573.339488856,448788.1241102654,4603530.102234151,-435.830215973141,1754.698290573348,-436.03592750944273,-6.604410393636537,-0.6438505010500023,-6.604348363492816,17470.347063123747,0.0,0.1982440594157468,1.9482726234074998,2244157.3495041556,578.2771319026116
269200.0,4603529.723445061,448963.5907196262,4603486.465619513,-436.4906613933602,1754.6338922023888,-436.69636672510126,-6.60449804010539,-0.6441169230060455,-6.604435979033654,17470.347063123747,0.0,0.1982440594157468,1.9482726234074998,2244157.3495041556,578.2771319026116
269300.0,4603486.041356285,449139.05088781775,4603442.762960514,-437.15111558703364,1754.5694671877716,-437.356814711121,-6.604585862722191,-0.6443833742173413,-6.604523770719374,17470.347063123747,0.0,0.1982440594157468,1.9482726234074998,2244157.3495041556,578.2771319026116
269400.0,4603442.293221651,449314.5046121755,4603398.994256278,-437.81157857177664,1754.5050155265692,-438.017271485117,-6.60467386149901,-0.6446498547164253,-6.6046117385620455,17470.347063123747,0.0,0.1982440594157468,1.9482726234074998,2244157.3495041556,578.2771319026116
269500.0,4603398.479040277,449489.9518900347,4603355.159505923,-438.47205036520586,1754.440537215851,-438.6777370647057,-6.604762036447925,-0.6449163645358673,-6.6046998825737395,17470.347063123747,0.0,0.1982440594157468,1.9482726234074998,2244157.3495041556,578.2771319026116
269600.0,4603354.598811284,449665.39271873026,4603311.25870857,-439.1325309849391,1754.3760322526834,-439.3382114675045,-6.604850387581033,-0.6451829037082718,-6.60478820276655,17470.347063123747,0.0,0.1982440594157468,1.9482726234074998,2244157.3495041556,578.2771319026116
269700.0,4603310.652533785,449840.82709559676,4603267.291863335,-439.7930204485953,1754.3115006341297,-439.99869471113215,-6.604938914910444,-0.6454494722662789,-6.604876699152585,17470.347063123747,0.0,0.1982440594157468,1.9482726234074998,2244157.3495041556,578.2771319026116
269800.0,4603266.640206899,450016.2550179685,4603223.258969333,-440.45351877379477,1754.2469423572495,-440.6591868132085,-6.605027618448289,-0.6457160702425646,-6.604965371743968,17470.347063123747,0.0,0.1982440594157468,1.9482726234074998,2244157.3495041556,578.2771319026116
269900.0,4603222.561829735,450191.6764831795,4603179.160025677,-441.11402597815896,1754.1823574190994,-441.31968779135485,-6.605116498206699,-0.6459826976698404,-6.605054220552829,17470.347063123747,0.0,0.1982440594157468,1.9482726234074998,2244157.3495041556,578.2771319026116
270000.0,4603178.417401406,450367.0914885635,4603134.995031478,-441.77454207931055,1754.1177458167326,-441.98019766319345,-6.60520555419783,-0.6462493545808532,-6.605143245591321,17470.347063123747,0.0,0.1982440594157468,1.9482726234074998,2244157.3495041556,578.2771319026116
270100.0,4603134.206921021,450542.50003145396,4603090.763985847,-442.4350670948734,1754.0531075471993,-442.6407164463479,-6.605294786433843,-0.646516041008388,-6.6052324468716,17470.347063123747,0.0,0.1982440594157468,1.9482726234074998,2244157.3495041556,578.2771319026116
270200.0,4603089.930387689,450717.90210918395,4603046.466887891,-443.09560104247254,1753.988442607546,-443.3012441584429,-6.605384194926931,-0.6467827569852662,-6.605321824405854,17470.347063123747,0.0,0.1982440594157468,1.9482726234074998,2244157.3495041556,578.2771319026116
270300.0,4603045.587800514,450893.29771908635,4603002.103736717,-443.7561439397344,1753.9237509948161,-443.96178081710457,-6.6054737796892775,-0.6470495025443455,-6.605411378206262,17470.347063123747,0.0,0.1982440594157468,1.9482726234074998,2244157.3495041556,578.2771319026116
270400.0,4603001.179158602,451068.6868584937,4602957.674531429,-444.41669580428646,1753.85903270605,-444.6223264399601,-6.605563540733096,-0.6473162777185225,-6.605501108285038,17470.347063123747,0.0,0.1982440594157468,1.9482726234074998,2244157.3495041556,578.2771319026116
270500.0,4602956.704461054,451244.0695247383,4602913.17927113,-445.0772566537575,1753.794287738284,-445.2828810446379,-6.605653478070608,-0.6475830825407309,-6.605591014654395,17470.347063123747,0.0,0.1982440594157468,1.9482726234074998,2244157.3495041556,578.2771319026116
270600.0,4602912.163706971,451419.445715152,4602868.61795492,-445.7378265057775,1753.7295160885524,-445.94344464876775,-6.60574359171404,-0.647849917043942,-6.605681097326556,17470.347063123747,0.0,0.1982440594157468,1.9482726234074998,2244157.3495041556,578.2771319026116
270700.0,4602867.556895453,451594.8154270665,4602823.990581899,-446.3984053779776,1753.6647177538848,-446.60401726998043,-6.605833881675646,-0.6481167812611672,-6.605771356313774,17470.347063123747,0.0,0.1982440594157468,1.9482726234074998,2244157.3495041556,578.2771319026116
270800.0,4602822.884025594,451770.1786578132,4602779.297151164,-447.0589932879903,1753.5998927313085,-447.2645989259081,-6.605924347967684,-0.6483836752254556,-6.605861791628303,17470.347063123747,0.0,0.1982440594157468,1.9482726234074998,2244157.3495041556,578.2771319026116
270900.0,4602778.145096493,451945.5354047231,4602734.537661811,-447.7195902534492,1753.535041017847,-447.9251896341841,-6.606014990602427,-0.6486505989698961,-6.6059524032824095,17470.347063123747,0.0,0.1982440594157468,1.9482726234074998,2244157.3495041556,578.2771319026116
271000.0,4602733.340107242,452120.88566512696,4602689.712112934,-448.38019629198925,1753.470162610521,-448.585789412443,-6.606105809592161,-0.6489175525276167,-6.606043191288377,17470.347063123747,0.0,0.1982440594157468,1.9482726234074998,2244157.3495041556,578.2771319026116
271100.0,4602688.469056932,452296.2294363553,4602644.820503626,-449.04081142124653,1753.4052575063467,-449.24639827832056,-6.606196804949176,-0.649184535931786,-6.606134155658496,17470.347063123747,0.0,0.1982440594157468,1.9482726234074998,2244157.3495041556,578.2771319026116
271200.0,4602643.531944654,452471.5667157382,4602599.862832976,-449.7014356588584,1753.3403257023385,-449.9070162494539,-6.606287976685794,-0.6494515492156127,-6.606225296405075,17470.347063123747,0.0,0.1982440594157468,1.9482726234074998,2244157.3495041556,578.2771319026116
271300.0,4602598.528769496,452646.8975006056,4602554.839100072,-450.3620690224634,1753.2753671955065,-450.56764334348117,-6.606379324814328,-0.6497185924123461,-6.606316613540433,17470.347063123747,0.0,0.1982440594157468,1.9482726234074998,2244157.3495041556,578.2771319026116
271400.0,4602553.4595305445,452822.2217882871,4602509.749304002,-451.0227115297014,1753.2103819828578,-451.22827957804196,-6.606470849347121,-0.6499856655552773,-6.606408107076904,17470.347063123747,0.0,0.1982440594157468,1.9482726234074998,2244157.3495041556,578.2771319026116
271500.0,4602508.324226884,452997.5395761119,4602464.593443851,-451.6833631982134,1753.145370061396,-451.888924970777,-6.60656255029651,-0.6502527686777372,-6.606499777026821,17470.347063123747,0.0,0.1982440594157468,1.9482726234074998,2244157.3495041556,578.2771319026116
271600.0,4602463.122857599,453172.850861409,4602419.371518702,-452.3440240456417,1753.0803314281218,-452.5495795393282,-6.6066544276748616,-0.6505199018131004,-6.606591623402548,17470.347063123747,0.0,0.1982440594157468,1.9482726234074998,2244157.3495041556,578.2771319026116
271700.0,4602417.8554217685,453348.155641507,4602374.083527637,-453.00469408962977,1753.015266080032,-453.2102433013388,-6.606746481494535,-0.6507870649947823,-6.6066836462164416,17470.347063123747,0.0,0.1982440594157468,1.9482726234074998,2244157.3495041556,578.2771319026116
271800.0,4602372.521918474,453523.45391373435,4602328.729469735,-453.66537334782237,1752.9501740141202,-453.8709162744532,-6.6068387117679155,-0.651054258256242,-6.606775845480879,17470.347063123747,0.0,0.1982440594157468,1.9482726234074998,2244157.3495041556,578.2771319026116
271900.0,4602327.122346791,453698.7456754191,4602283.309344075,-454.32606183786555,1752.8850552273768,-454.5315984763171,-6.606931118507394,-0.6513214816309806,-6.606868221208252,17470.347063123747,0.0,0.1982440594157468,1.9482726234074998,2244157.3495041556,578.2771319026116
272000.0,4602281.656705798,453874.030923889,4602237.823149731,-454.9867595774065,1752.819909716789,-455.1922899245774,-6.607023701725378,-0.6515887351525442,-6.60696077341096,17470.347063123747,0.0,0.1982440594157468,1.9482726234074998,2244157.3495041556,578.2771319026116
272100.0,4602236.124994567,454049.30965647154,4602192.27088578,-455.64746658409365,1752.7547374793403,-455.8529906368822,-6.607116461434272,-0.6518560188545206,-6.607053502101407,17470.347063123747,0.0,0.1982440594157468,1.9482726234074998,2244157.3495041556,578.2771319026116
272200.0,4602190.527212171,454224.5818704939,4602146.652551294,-456.3081828755768,1752.689538512011,-456.51370063088103,-6.607209397646508,-0.6521233327705437,-6.607146407292022,17470.347063123747,0.0,0.1982440594157468,1.9482726234074998,2244157.3495041556,578.2771319026116
272300.0,4602144.863357681,454399.8475632829,4602100.968145344,-456.9689084695068,1752.624312811778,-457.1744199242244,-6.607302510374514,-0.6523906769342904,-6.607239488995225,17470.347063123747,0.0,0.1982440594157468,1.9482726234074998,2244157.3495041556,578.2771319026116
272400.0,4602099.133430166,454575.10673216503,4602055.217666999,-457.62964338353595,1752.5590603756148,-457.83514853456427,-6.607395799630739,-0.6526580513794839,-6.607332747223462,17470.347063123747,0.0,0.1982440594157468,1.9482726234074998,2244157.3495041556,578.2771319026116
272500.0,4602053.337428693,454750.3593744667,4602009.401115326,-458.29038763531764,1752.4937812004916,-458.4958864795537,-6.60748926542764,-0.652925456139893,-6.607426181989188,17470.347063123747,0.0,0.1982440594157468,1.9482726234074998,2244157.3495041556,578.2771319026116
272600.0,4602007.475352326,454925.60548751376,4601963.518489392,-458.9511412425066,1752.4284752833753,-459.1566337768471,-6.607582907777679,-0.653192891249331,-6.607519793304861,17470.347063123747,0.0,0.1982440594157468,1.9482726234074998,2244157.3495041556,578.2771319026116
272700.0,4601961.547200131,455100.84506863187,4601917.5697882585,-459.6119042227587,1752.3631426212291,-459.8173904441001,-6.60767672669333,-0.6534603567416585,-6.6076135811829495,17470.347063123747,0.0,0.1982440594157468,1.9482726234074998,2244157.3495041556,578.2771319026116
272800.0,4601915.552971168,455276.0781151464,4601871.555010989,-460.2726765937312,1752.2977832110132,-460.47815649896955,-6.607770722187076,-0.6537278526507827,-6.607707545635931,17470.347063123747,0.0,0.1982440594157468,1.9482726234074998,2244157.3495041556,578.2771319026116
272900.0,4601869.492664498,455451.30462438235,4601825.474156645,-460.9334583730825,1752.232397049684,-461.13893195911356,-6.607864894271415,-0.653995379010659,-6.607801686676307,17470.347063123747,0.0,0.1982440594157468,1.9482726234074998,2244157.3495041556,578.2771319026116
273000.0,4601823.366279179,455626.5245936645,4601779.3272242835,-461.5942495784723,1752.166984134195,-461.7997168421915,-6.607959242958852,-0.6542629358552885,-6.607896004316567,17470.347063123747,0.0,0.1982440594157468,1.9482726234074998,2244157.3495041556,578.2771319026116
273100.0,4601777.173814268,455801.7380203173,4601733.114212962,-462.25505022756147,1752.1015444614957,-462.460511165864,-6.60805376826189,-0.6545305232187214,-6.60799049856922,17470.347063123747,0.0,0.1982440594157468,1.9482726234074998,2244157.3495041556,578.2771319026116
273200.0,4601730.915268819,455976.9449016648,4601686.835121735,-462.91586033801224,1752.0360780285328,-463.1213149477928,-6.608148470193054,-0.6547981411350566,-6.608085169446783,17470.347063123747,0.0,0.1982440594157468,1.9482726234074998,2244157.3495041556,578.2771319026116
273300.0,4601684.590641885,456152.14523503085,4601640.489949657,-463.5766799274881,1751.9705848322492,-463.78212820564124,-6.608243348764875,-0.6550657896384418,-6.608180016961781,17470.347063123747,0.0,0.1982440594157468,1.9482726234074998,2244157.3495041556,578.2771319026116
273400.0,4601638.1999325175,456327.339017739,4601594.078695778,-464.23750901365366,1751.9050648695845,-464.44295095707355,-6.6083384039898885,-0.6553334687630745,-6.60827504112675,17470.347063123747,0.0,0.1982440594157468,1.9482726234074998,2244157.3495041556,578.2771319026116
273500.0,4601591.743139765,456502.52624711243,4601547.6013591485,-464.89834761417495,1751.839518137475,-465.10378321975537,-6.608433635880645,-0.6556011785432021,-6.608370241954237,17470.347063123747,0.0,0.1982440594157468,1.9482726234074998,2244157.3495041556,578.2771319026116
273600.0,4601545.2202626765,456677.70692047407,4601501.057938816,-465.55919574671907,1751.773944632853,-465.7646250113536,-6.608529044449694,-0.6558689190131218,-6.608465619456783,17470.347063123747,0.0,0.1982440594157468,1.9482726234074998,2244157.3495041556,578.2771319026116
273700.0,4601498.631300298,456852.8810351465,4601454.448433828,-466.22005342895454,1751.7083443526483,-466.4254763495363,-6.608624629709596,-0.656136690207182,-6.608561173646946,17470.347063123747,0.0,0.1982440594157468,1.9482726234074998,2244157.3495041556,578.2771319026116
273800.0,4601451.976251672,457028.048588452,4601407.772843228,-466.8809206785511,1751.6427172937863,-467.08633725197296,-6.608720391672924,-0.6564044921597831,-6.6086569045372965,17470.347063123747,0.0,0.1982440594157468,1.9482726234074998,2244157.3495041556,578.2771319026116
273900.0,4601405.255115842,457203.2095777125,4601361.031166058,-467.5417975131797,1751.5770634531898,-467.7472077363342,-6.608816330352253,-0.6566723249053767,-6.6087528121404056,17470.347063123747,0.0,0.1982440594157468,1.9482726234074998,2244157.3495041556,578.2771319026116
274000.0,4601358.46789185,457378.36400024977,4601314.22340136,-468.2026839505125,1751.5113828277777,-468.4080878202919,-6.60891244576017,-0.6569401884784672,-6.608848896468853,17470.347063123747,0.0,0.1982440594157468,1.9482726234074998,2244157.3495041556,578.2771319026116
274100.0,4601311.614578732,457553.51185338513,4601267.349548173,-468.8635800082231,1751.4456754144653,-469.06897752151923,-6.609008737909259,-0.6572080829136113,-6.6089451575352225,17470.347063123747,0.0,0.1982440594157468,1.9482726234074998,2244157.3495041556,578.2771319026116
274200.0,4601264.695175527,457728.65313443966,4601220.409605535,-469.52448570398616,1751.379941210165,-469.7298768576906,-6.60910520681213,-0.6574760082454205,-6.609041595352117,17470.347063123747,0.0,0.1982440594157468,1.9482726234074998,2244157.3495041556,578.2771319026116
274300.0,4601217.709681269,457903.78784073406,4601173.40357248,-470.1854010554777,1751.3141802117852,-470.3907858464817,-6.609201852481377,-0.6577439645085584,-6.60913820993213,17470.347063123747,0.0,0.1982440594157468,1.9482726234074998,2244157.3495041556,578.2771319026116
274400.0,4601170.658094993,458078.9159695888,4601126.331448044,-470.84632608037504,1751.2483924162311,-471.05170450556955,-6.609298674929609,-0.6580119517377437,-6.609235001287865,17470.347063123747,0.0,0.1982440594157468,1.9482726234074998,2244157.3495041556,578.2771319026116
274500.0,4601123.540415729,458254.037518324,4601079.193231257,-471.50726079635666,1751.1825778204043,-471.7126328526322,-6.609395674169446,-0.6582799699677511,-6.6093319694319375,17470.347063123747,0.0,0.1982440594157468,1.9482726234074998,2244157.3495041556,578.2771319026116
274600.0,4601076.35664251,458429.15248425945,4601031.98892115,-472.16820522110237,1751.116736421203,-472.37357090534925,-6.609492850213516,-0.6585480192334096,-6.60942911437697,17470.347063123747,0.0,0.1982440594157468,1.9482726234074998,2244157.3495041556,578.2771319026116
274700.0,4601029.106774361,458604.2608647147,4600984.718516751,-472.82915937229325,1751.050868215522,-473.0345186814014,-6.60959020307444,-0.6588160995696046,-6.609526436135582,17470.347063123747,0.0,0.1982440594157468,1.9482726234074998,2244157.3495041556,578.2771319026116
274800.0,4600981.79081031,458779.3626570089,4600937.382017088,-473.4901232676116,1750.9849732002524,-473.6954761984706,-6.609687732764854,-0.6590842110112781,-6.6096239347204016,17470.347063123747,0.0,0.1982440594157468,1.9482726234074998,2244157.3495041556,578.2771319026116
274900.0,4600934.408749382,458954.457858461,4600889.979421186,-474.15109692474095,1750.9190513722817,-474.3564434742401,-6.609785439297393,-0.6593523535934296,-6.609721610144066,17470.347063123747,0.0,0.1982440594157468,1.9482726234074998,2244157.3495041556,578.2771319026116
275000.0,4600886.960590599,459129.54646638955,4600842.510728068,-474.8120803613662,1750.8531027284944,-475.01742052639446,-6.609883322684707,-0.6596205273511158,-6.609819462419215,17470.347063123747,0.0,0.1982440594157468,1.9482726234074998,2244157.3495041556,578.2771319026116
275100.0,4600839.446332983,459304.62847811275,4600794.975936755,-475.47307359517345,1750.787127265771,-475.6784073726194,-6.609981382939433,-0.6598887323194512,-6.609917491558487,17470.347063123747,0.0,0.1982440594157468,1.9482726234074998,2244157.3495041556,578.2771319026116
275200.0,4600791.865975552,459479.7038909486,4600747.375046266,-476.13407664385005,1750.7211249809889,-476.33940403060205,-6.610079620074234,-0.6601569685336108,-6.610015697574538,17470.347063123747,0.0,0.1982440594157468,1.9482726234074998,2244157.3495041556,578.2771319026116
275300.0,4600744.219517326,459654.7727022148,4600699.708055621,-476.7950895250847,1750.6550958710216,-477.00041051803066,-6.61017803410176,-0.6604252360288273,-6.610114080480011,17470.347063123747,0.0,0.1982440594157468,1.9482726234074998,2244157.3495041556,578.2771319026116
275400.0,4600696.506957319,459829.83490922855,4600651.9749638345,-477.4561122565672,1750.5890399327393,-477.6614268525948,-6.610276625034675,-0.6606935348403945,-6.610212640287571,17470.347063123747,0.0,0.1982440594157468,1.9482726234074998,2244157.3495041556,578.2771319026116
275500.0,4600648.728294545,460004.8905093069,4600604.175769921,-478.1171448559889,1750.5229571630084,-478.3224530519853,-6.610375392885645,-0.6609618650036666,-6.610311377009876,17470.347063123747,0.0,0.1982440594157468,1.9482726234074998,2244157.3495041556,578.2771319026116
275600.0,4600600.883528017,460179.9394997666,4600556.310472894,-478.7781873410421,1750.4568475586923,-478.9834891338943,-6.610474337667328,-0.6612302265540582,-6.610410290659583,17470.347063123747,0.0,0.1982440594157468,1.9482726234074998,2244157.3495041556,578.2771319026116
275700.0,4600552.972656746,460354.98187792406,4600508.379071765,-479.4392397294205,1750.3907111166502,-479.64453511601516,-6.610573459392405,-0.6614986195270469,-6.610509381249368,17470.347063123747,0.0,0.1982440594157468,1.9482726234074998,2244157.3495041556,578.2771319026116
275800.0,4600504.995679741,460530.01764109527,4600460.381565541,-480.1003020388191,1750.3245478337383,-480.30559101604257,-6.610672758073537,-0.6617670439581712,-6.610608648791886,17470.347063123747,0.0,0.1982440594157468,1.9482726234074998,2244157.3495041556,578.2771319026116
275900.0,4600456.952596008,460705.046786596,4600412.317953231,-480.76137428693414,1750.2583577068087,-480.9666568516724,-6.610772233723409,-0.6620354998830345,-6.610708093299822,17470.347063123747,0.0,0.1982440594157468,1.9482726234074998,2244157.3495041556,578.2771319026116
276000.0,4600408.843404552,460880.06931174174,4600364.188233839,-481.42245649146315,1750.1921407327106,-481.6277326406018,-6.610871886354696,-0.6623039873373026,-6.6108077147858415,17470.347063123747,0.0,0.1982440594157468,1.9482726234074998,2244157.3495041556,578.2771319026116
276100.0,4600360.668104377,461055.0852138476,4600315.99240637,-482.0835486701049,1750.1258969082892,-482.28881840052924,-6.610971715980084,-0.6625725063567066,-6.61090751326263,17470.347063123747,0.0,0.1982440594157468,1.9482726234074998,2244157.3495041556,578.2771319026116
276200.0,4600312.426694484,461230.0944902283,4600267.730469826,-482.7446508405594,1750.059626230386,-482.94991414915444,-6.611071722612245,-0.6628410569770404,-6.611007488742854,17470.347063123747,0.0,0.1982440594157468,1.9482726234074998,2244157.3495041556,578.2771319026116
276300.0,4600264.119173875,461405.0971381984,4600219.402423207,-483.405763020528,1749.9933286958392,-483.61101990417836,-6.611171906263864,-0.6631096392341658,-6.611107641239194,17470.347063123747,0.0,0.1982440594157468,1.9482726234074998,2244157.3495041556,578.2771319026116
276400.0,4600215.7455415465,461580.09315507207,4600171.008265511,-484.06688522771327,1749.9270043014833,-484.27213568330325,-6.61127226694763,-0.6633782531640099,-6.611207970764337,17470.347063123747,0.0,0.1982440594157468,1.9482726234074998,2244157.3495041556,578.2771319026116
276500.0,4600167.305796495,461755.08253816323,4600122.547995736,-484.728017479819,1749.8606530441493,-484.93326150423263,-6.611372804676222,-0.6636468988025667,-6.611308477330955,17470.347063123747,0.0,0.1982440594157468,1.9482726234074998,2244157.3495041556,578.2771319026116
276600.0,4600118.799937715,461930.06528478535,4600074.021612875,-485.38915979455044,1749.7942749206645,-485.59439738467125,-6.611473519462331,-0.663915576185898,-6.611409160951738,17470.347063123747,0.0,0.1982440594157468,1.9482726234074998,2244157.3495041556,578.2771319026116
276700.0,4600070.2279642,462105.0413922517,4600025.429115923,-486.05031218961386,1749.7278699278527,-486.2555433423252,-6.611574411318636,-0.6641842853501332,-6.611510021639357,17470.347063123747,0.0,0.1982440594157468,1.9482726234074998,2244157.3495041556,578.2771319026116
276800.0,4600021.589874941,462280.01085787517,4599976.77050387,-486.7114746827169,1749.661438062534,-486.9166993949018,-6.611675480257832,-0.6644530263314721,-6.611611059406507,17470.347063123747,0.0,0.1982440594157468,1.9482726234074998,2244157.3495041556,578.2771319026116
276900.0,4599972.885668927,462454.9736789683,4599928.045775707,-487.3726472915686,1749.5949793215248,-487.5778655601096,-6.6117767262926,-0.6647217991661823,-6.61171227426586,17470.347063123747,0.0,0.1982440594157468,1.9482726234074998,2244157.3495041556,578.2771319026116
277000.0,4599924.115345146,462629.92985284346,4599879.254930421,-488.0338300338791,1749.528493701638,-488.2390418556585,-6.611878149435618,-0.6649906038906024,-6.611813666230093,17470.347063123747,0.0,0.1982440594157468,1.9482726234074998,2244157.3495041556,578.2771319026116
277100.0,4599875.278902582,462804.87937681255,4599830.397966998,-488.6950229273598,1749.4619811996824,-488.9002282992596,-6.6119797496995805,-0.6652594405411436,-6.611915235311897,17470.347063123747,0.0,0.1982440594157468,1.9482726234074998,2244157.3495041556,578.2771319026116
277200.0,4599826.376340221,462979.8222481872,4599781.4748844225,-489.35622598972344,1749.3954418124642,-489.56142490862527,-6.6120815270971605,-0.6655283091542862,-6.612016981523939,17470.347063123747,0.0,0.1982440594157468,1.9482726234074998,2244157.3495041556,578.2771319026116
277300.0,4599777.407657044,463154.75846427877,4599732.485681677,-490.01743923868406,1749.328875536785,-490.22263170146914,-6.612183481641044,-0.6657972097665851,-6.612118904878903,17470.347063123747,0.0,0.1982440594157468,1.9482726234074998,2244157.3495041556,578.2771319026116
277400.0,4599728.372852033,463329.6880223982,4599683.430357742,-490.67866269195696,1749.262282369443,-490.88384869550623,-6.612285613343911,-0.6660661424146673,-6.612221005389458,17470.347063123747,0.0,0.1982440594157468,1.9482726234074998,2244157.3495041556,578.2771319026116
277500.0,4599679.271924165,463504.6109198562,4599634.308911597,-491.3398963672586,1749.1956623072329,-491.54507590845265,-6.612387922218434,-0.6663351071352347,-6.612323283068282,17470.347063123747,0.0,0.1982440594157468,1.9482726234074998,2244157.3495041556,578.2771319026116
277600.0,4599630.104872418,463679.52715396305,4599585.121342219,-492.0011402823068,1749.1290153469456,-492.2063133580259,-6.612490408277289,-0.6666041039650629,-6.612425737928039,17470.347063123747,0.0,0.1982440594157468,1.9482726234074998,2244157.3495041556,578.2771319026116
277700.0,4599580.871695766,463854.4367220288,4599535.867648584,-492.6623944548206,1749.0623414853683,-492.86756106194474,-6.612593071533145,-0.6668731329410036,-6.612528369981399,17470.347063123747,0.0,0.1982440594157468,1.9482726234074998,2244157.3495041556,578.2771319026116
277800.0,4599531.572393184,464029.33962136327,4599486.547829664,-493.32365890252044,1748.9956407192847,-493.5288190379291,-6.612695911998671,-0.6671421940999845,-6.612631179241022,17470.347063123747,0.0,0.1982440594157468,1.9482726234074998,2244157.3495041556,578.2771319026116
277900.0,4599482.2069636425,464204.2358492757,4599437.161884433,-493.9849336431278,1748.9289130454745,-494.19008730370024,-6.612798929686526,-0.6674112874790105,-6.612734165719565,17470.347063123747,0.0,0.1982440594157468,1.9482726234074998,2244157.3495041556,578.2771319026116
278000.0,4599432.775406112,464379.1254030753,4599387.70981186,-494.6462186943656,1748.8621584607138,-494.8513658769807,-6.612902124609377,-0.6676804131151649,-6.6128373294296905,17470.347063123747,0.0,0.1982440594157468,1.9482726234074998,2244157.3495041556,578.2771319026116
278100.0,4599383.27771956,464554.00828007073,4599338.191610913,-495.3075140739579,1748.795376961775,-495.5126547754943,-6.613005496779876,-0.6679495710456089,-6.612940670384046,17470.347063123747,0.0,0.1982440594157468,1.9482726234074998,2244157.3495041556,578.2771319026116
278200.0,4599333.713902953,464728.8844775704,4599288.60728056,-495.96881979963024,1748.728568545427,-496.1739540169661,-6.61310904621067,-0.6682187613075827,-6.613044188595277,17470.347063123747,0.0,0.1982440594157468,1.9482726234074998,2244157.3495041556,578.2771319026116
278300.0,4599284.083955255,464903.75399288244,4599238.956819764,-496.63013588910917,1748.6617332084345,-496.8352636191224,-6.613212772914407,-0.668487983938408,-6.613147884076022,17470.347063123747,0.0,0.1982440594157468,1.9482726234074998,2244157.3495041556,578.2771319026116
278400.0,4599234.387875429,465078.61682331463,4599189.24022749,-497.29146236012264,1748.594870947559,-497.4965835996907,-6.6133166769037315,-0.6687572389754878,-6.613251756838926,17470.347063123747,0.0,0.1982440594157468,1.9482726234074998,2244157.3495041556,578.2771319026116
278500.0,4599184.625662437,465253.4729661744,4599139.457502698,-497.9527992303999,1748.5279817595579,-498.1579139764,-6.613420758191271,-0.6690265264563052,-6.61335580689661,17470.347063123747,0.0,0.1982440594157468,1.9482726234074998,2244157.3495041556,578.2771319026116
278600.0,4599134.797315236,465428.3224187689,4599089.608644348,-498.61414651767126,1748.4610656411849,-498.8192547669803,-6.613525016789653,-0.6692958464184273,-6.613460034261697,17470.347063123747,0.0,0.1982440594157468,1.9482726234074998,2244157.3495041556,578.2771319026116
278700.0,4599084.902832786,465603.1651784049,4599039.693651397,-499.2755042396686,1748.3941225891901,-499.480605989163,-6.613629452711506,-0.669565198899505,-6.613564438946811,17470.347063123747,0.0,0.1982440594157468,1.9482726234074998,2244157.3495041556,578.2771319026116
278800.0,4599034.94221404,465778.00124238885,4598989.712522801,-499.93687241412476,1748.3271526003198,-500.14196766068073,-6.613734065969437,-0.6698345839372732,-6.613669020964554,17470.347063123747,0.0,0.1982440594157468,1.9482726234074998,2244157.3495041556,578.2771319026116
278900.0,4598984.915457954,465952.83060802694,4598939.665257515,-500.59825105877405,1748.2601556713162,-500.8033397992674,-6.613838856576054,-0.6701040015695525,-6.613773780327533,17470.347063123747,0.0,0.1982440594157468,1.9482726234074998,2244157.3495041556,578.2771319026116
279000.0,4598934.822563479,466127.653272625,4598889.551854492,-501.259640191352,1748.193131798918,-501.46472242265816,-6.613943824543958,-0.6703734518342498,-6.613878717048342,17470.347063123747,0.0,0.1982440594157468,1.9482726234074998,2244157.3495041556,578.2771319026116
279100.0,4598884.663529566,466302.4692334885,4598839.372312681,-501.9210398295953,1748.1260809798603,-502.12611554858944,-6.614048969885737,-0.6706429347693588,-6.613983831139562,17470.347063123747,0.0,0.1982440594157468,1.9482726234074998,2244157.3495041556,578.2771319026116
279200.0,4598834.438355163,466477.2784879226,4598789.126631032,-502.582449991242,1748.059003210874,-502.78751919479885,-6.614154292613972,-0.6709124504129611,-6.614089122613774,17470.347063123747,0.0,0.1982440594157468,1.9482726234074998,2244157.3495041556,578.2771319026116
279300.0,4598784.147039216,466652.0810332322,4598738.814808491,-503.2438706940314,1747.9918984886863,-503.4489333790254,-6.614259792741244,-0.6711819988032293,-6.614194591483552,17470.347063123747,0.0,0.1982440594157468,1.9482726234074998,2244157.3495041556,578.2771319026116
279400.0,4598733.789580672,466826.8768667218,4598688.436844003,-503.905301955704,1747.9247668100206,-504.11035811900916,-6.614365470280107,-0.6714515799784229,-6.614300237761446,17470.347063123747,0.0,0.1982440594157468,1.9482726234074998,2244157.3495041556,578.2771319026116
279500.0,4598683.365978473,467001.66598569555,4598637.992736514,-504.5667437940015,1747.8576081715964,-504.7717934324917,-6.61447132524312,-0.6717211939768946,-6.614406061460013,17470.347063123747,0.0,0.1982440594157468,1.9482726234074998,2244157.3495041556,578.2771319026116
279600.0,4598632.8762315605,467176.44838745735,4598587.482484964,-505.22819622666714,1747.7904225701297,-505.4332393372156,-6.614577357642816,-0.671990840837087,-6.614512062591779,17470.347063123747,0.0,0.1982440594157468,1.9482726234074998,2244157.3495041556,578.2771319026116
279700.0,4598582.320338874,467351.2240693107,4598536.906088293,-505.88965927144505,1747.7232100023323,-506.0946958509249,-6.614683567491743,-0.6722605205975382,-6.614618241169286,17470.347063123747,0.0,0.1982440594157468,1.9482726234074998,2244157.3495041556,578.2771319026116
279800.0,4598531.698299352,467525.99302855885,4598486.26354544,-506.5511329460809,1747.6559704649121,-506.75616299136476,-6.614789954802409,-0.6725302332968773,-6.6147245972050435,17470.347063123747,0.0,0.1982440594157468,1.9482726234074998,2244157.3495041556,578.2771319026116
279900.0,4598481.01011193,467700.7552625046,4598435.55485534,-507.21261726832137,1747.5887039545735,-507.41764077628164,-6.614896519587332,-0.6727999789738303,-6.614831130711561,17470.347063123747,0.0,0.1982440594157468,1.9482726234074998,2244157.3495041556,578.2771319026116
280000.0,4598430.255775543,467875.51076845056,4598384.780016929,-507.87411225591455,1747.5214104680167,-508.0791292234232,-6.615003261859002,-0.6730697576672168,-6.614937841701321,17470.347063123747,0.0,0.1982440594157468,1.9482726234074998,2244157.3495041556,578.2771319026116
280100.0,4598379.435289123,468050.2595436989,4598333.9390291395,-508.5356179266098,1747.454090001938,-508.74062835053843,-6.61511018162991,-0.6733395694159552,-6.615044730186815,17470.347063123747,0.0,0.1982440594157468,1.9482726234074998,2244157.3495041556,578.2771319026116
280200.0,4598328.548651601,468225.00158555154,4598283.031890903,-509.1971342981576,1747.3867425530302,-509.4021381753775,-6.615217278912524,-0.6736094142590607,-6.615151796180503,17470.347063123747,0.0,0.1982440594157468,1.9482726234074998,2244157.3495041556,578.2771319026116
280300.0,4598277.595861906,468399.73689130996,4598232.0586011475,-509.85866138830977,1747.3193681179819,-510.0636587156919,-6.615324553719299,-0.6738792922356475,-6.615259039694839,17470.347063123747,0.0,0.1982440594157468,1.9482726234074998,2244157.3495041556,578.2771319026116
280400.0,4598226.576918965,468574.46545827546,4598181.019158802,-510.52019921481934,1747.2519666934775,-510.72518998923425,-6.615432006062688,-0.6741492033849305,-6.61536646074227,17470.347063123747,0.0,0.1982440594157468,1.9482726234074998,2244157.3495041556,578.2771319026116
280500.0,4598175.491821704,468749.1872837489,4598129.913562791,-511.18174779544063,1747.1845382761978,-511.38673201375855,-6.6155396359551135,-0.6744191477462236,-6.61547405933521,17470.347063123747,0.0,0.1982440594157468,1.9482726234074998,2244157.3495041556,578.2771319026116
280600.0,4598124.340569047,468923.90236503084,4598078.74181204,-511.8433071479291,1747.1170828628199,-512.0482848070199,-6.6156474434089905,-0.6746891253589443,-6.615581835486075,17470.347063123747,0.0,0.1982440594157468,1.9482726234074998,2244157.3495041556,578.2771319026116
280700.0,4598073.123159915,469098.6106994215,4598027.5039054705,-512.5048772900416,1747.0496004500164,-512.7098483867748,-6.61575542843672,-0.6749591362626133,-6.615689789207258,17470.347063123747,0.0,0.1982440594157468,1.9482726234074998,2244157.3495041556,578.2771319026116
280800.0,4598021.839593229,469273.31228422077,4597976.199842003,-513.166458239536,1746.9820910344563,-513.3714227707808,-6.615863591050679,-0.675229180496854,-6.6157979205111355,17470.347063123747,0.0,0.1982440594157468,1.9482726234074998,2244157.3495041556,578.2771319026116
280900.0,4597970.489867906,469448.0071167282,4597924.829620556,-513.8280500141717,1746.9145546128045,-514.0330079767969,-6.615971931263243,-0.6754992581013971,-6.615906229410073,17470.347063123747,0.0,0.1982440594157468,1.9482726234074998,2244157.3495041556,578.2771319026116
281000.0,4597919.073982865,469622.695194243,4597873.393240047,-514.4896526317091,1746.8469911817222,-514.694604022583,-6.6160804490867555,-0.6757693691160787,-6.616014715916412,17470.347063123747,0.0,0.1982440594157468,1.9482726234074998,2244157.3495041556,578.2771319026116
281100.0,4597867.591937019,469797.3765140641,4597821.890699389,-515.1512661099099,1746.7794007378661,-515.3562109259008,-6.616189144533552,-0.676039513580842,-6.616123380042481,17470.347063123747,0.0,0.1982440594157468,1.9482726234074998,2244157.3495041556,578.2771319026116
281200.0,4597816.04372928,469972.05107349,4597770.321997498,-515.812890466537,1746.7117832778895,-516.0178287045126,-6.616298017615939,-0.67630969153574,-6.616232221800588,17470.347063123747,0.0,0.1982440594157468,1.9482726234074998,2244157.3495041556,578.2771319026116
281300.0,4597764.4293585615,470146.718869819,4597718.687133285,-516.4745257193547,1746.6441387984412,-516.6794573761823,-6.616407068346224,-0.6765799030209355,-6.61634124120303,17470.347063123747,0.0,0.1982440594157468,1.9482726234074998,2244157.3495041556,578.2771319026116
281400.0,4597712.748823772,470321.37990034895,4597666.986105659,-517.1361718861283,1746.5764672961661,-517.341096958675,-6.61651629673667,-0.6768501480767011,-6.616450438262069,17470.347063123747,0.0,0.1982440594157468,1.9482726234074998,2244157.3495041556,578.2771319026116
281500.0,4597661.00212382,470496.03416237736,4597615.218913529,-517.7978289846244,1746.5087687677053,-518.0027474697571,-6.616625702799536,-0.6771204267434228,-6.616559812989956,17470.347063123747,0.0,0.1982440594157468,1.9482726234074998,2244157.3495041556,578.2771319026116
281600.0,4597609.18925761,470670.68165320146,4597563.3855558,-518.459497032611,1746.4410432096956,-518.6644089271958,-6.6167352865470646,-0.6773907390616004,-6.616669365398929,17470.347063123747,0.0,0.1982440594157468,1.9482726234074998,2244157.3495041556,578.2771319026116
281700.0,4597557.310224047,470845.32237011817,4597511.486031378,-519.121176047857,1746.37329061877,-519.32608134876,-6.616845047991464,-0.6776610850718481,-6.616779095501196,17470.347063123747,0.0,0.1982440594157468,1.9482726234074998,2244157.3495041556,578.2771319026116
281800.0,4597505.365022033,471019.956310424,4597459.520339164,-519.7828660481329,1746.305510991557,-519.9877647522196,-6.616954987144934,-0.6779314648148957,-6.616889003308947,17470.347063123747,0.0,0.1982440594157468,1.9482726234074998,2244157.3495041556,578.2771319026116
281900.0,4597453.35365047,471194.58347141516,4597407.48847806,-520.44456705121,1746.2377043246813,-520.6494591553458,-6.617065104019637,-0.6782018783315898,-6.616999088834342,17470.347063123747,0.0,0.1982440594157468,1.9482726234074998,2244157.3495041556,578.2771319026116
282000.0,4597401.276108256,471369.2038503875,4597355.390446966,-521.1062790748613,1746.1698706147636,-521.3111645759109,-6.6171753986277295,-0.678472325662897,-6.617109352089535,17470.347063123747,0.0,0.1982440594157468,1.9482726234074998,2244157.3495041556,578.2771319026116
282100.0,4597349.132394287,471543.81744463654,4597303.226244777,-521.7680021368604,1746.1020098584202,-521.9728810316884,-6.617285870981333,-0.6787428068499021,-6.617219793086638,17470.347063123747,0.0,0.1982440594157468,1.9482726234074998,2244157.3495041556,578.2771319026116
282200.0,4597296.922507459,471718.4242514575,4597250.995870391,-522.4297362549828,1746.0341220522637,-522.6346085404533,-6.6173965210925525,-0.6790133219338125,-6.617330411837754,17470.347063123747,0.0,0.1982440594157468,1.9482726234074998,2244157.3495041556,578.2771319026116
282300.0,4597244.646446667,471893.0242681452,4597198.6993227005,-523.0914814470046,1745.9662071929022,-523.2963471199815,-6.617507348973465,-0.6792838709559562,-6.617441208354951,17470.347063123747,0.0,0.1982440594157468,1.9482726234074998,2244157.3495041556,578.2771319026116
282400.0,4597192.304210801,472067.61749199417,4597146.336600598,-523.7532377307035,1745.8982652769398,-523.9580967880503,-6.617618354636123,-0.6795544539577869,-6.617552182650286,17470.347063123747,0.0,0.1982440594157468,1.9482726234074998,2244157.3495041556,578.2771319026116
282500.0,4597139.89579875,472242.2039202986,4597093.907702973,-524.4150051238582,1745.8302963009767,-524.6198575624379,-6.617729538092549,-0.6798250709808815,-6.617663334735767,17470.347063123747,0.0,0.1982440594157468,1.9482726234074998,2244157.3495041556,578.2771319026116
282600.0,4597087.421209404,472416.78355035227,4597041.412628715,-525.0767836442488,1745.7623002616083,-525.2816294609241,-6.617840899354747,-0.6800957220669449,-6.617774664623401,17470.347063123747,0.0,0.1982440594157468,1.9482726234074998,2244157.3495041556,578.2771319026116
282700.0,4597034.88044165,472591.35637944867,4596988.8513767095,-525.7385733096564,1745.6942771554263,-525.9434125012897,-6.617952438434693,-0.680366407257809,-6.617886172325149,17470.347063123747,0.0,0.1982440594157468,1.9482726234074998,2244157.3495041556,578.2771319026116
282800.0,4596982.27349437,472765.922404881,4596936.223945842,-526.4003741378634,1745.6262269790184,-526.6052067013167,-6.618064155344333,-0.6806371265954351,-6.617997857852961,17470.347063123747,0.0,0.1982440594157468,1.9482726234074998,2244157.3495041556,578.2771319026116
282900.0,4596929.600366449,472940.48162394203,4596883.530334996,-527.0621861466534,1745.5581497289677,-527.2670120787882,-6.618176050095581,-0.680907880121915,-6.618109721218745,17470.347063123747,0.0,0.1982440594157468,1.9482726234074998,2244157.3495041556,578.2771319026116
283000.0,4596876.861056767,473115.0340339242,4596830.770543053,-527.7240093538111,1745.490045401853,-527.9288286514887,-6.618288122700326,-0.6811786678794725,-6.618221762434381,17470.347063123747,0.0,0.1982440594157468,1.9482726234074998,2244157.3495041556,578.2771319026116
283100.0,4596824.055564204,473289.57963211974,4596777.944568892,-528.3858437771223,1745.4219139942493,-528.5906564372038,-6.618400373170428,-0.6814494899104654,-6.618333981511728,17470.347063123747,0.0,0.1982440594157468,1.9482726234074998,2244157.3495041556,578.2771319026116
283200.0,4596771.183887637,473464.1184158203,4596725.052411391,-529.0476894343743,1745.353755502727,-529.2524954537203,-6.618512801517714,-0.6817203462573858,-6.6184463784626075,17470.347063123747,0.0,0.1982440594157468,1.9482726234074998,2244157.3495041556,578.2771319026116
283300.0,4596718.246025942,473638.65038231737,4596672.094069427,-529.7095463433554,1745.2855699238523,-529.9143457188259,-6.618625407753986,-0.6819912369628635,-6.618558953298815,17470.347063123747,0.0,0.1982440594157468,1.9482726234074998,2244157.3495041556,578.2771319026116
283400.0,4596665.241977993,473813.17552890204,4596619.0695418725,-530.3714145218552,1745.2173572541876,-530.57620725031,-6.6187381918910075,-0.6822621620696644,-6.618671706032108,17470.347063123747,0.0,0.1982440594157468,1.9482726234074998,2244157.3495041556,578.2771319026116
283500.0,4596612.171742662,473987.6938528651,4596565.9788276,-531.0332939876641,1745.1491174902903,-531.2380800659627,-6.618851153940516,-0.6825331216206961,-6.618784636674223,17470.347063123747,0.0,0.1982440594157468,1.9482726234074998,2244157.3495041556,578.2771319026116
283600.0,4596559.035318819,474162.2053514969,4596512.821925482,-531.6951847585741,1745.080850628714,-531.8999641835755,-6.618964293914206,-0.6828041156590052,-6.618897745236846,17470.347063123747,0.0,0.1982440594157468,1.9482726234074998,2244157.3495041556,578.2771319026116
283700.0,4596505.832705333,474336.71002208744,4596459.598834386,-532.3570868523782,1745.0125566660076,-532.5618596209412,-6.619077611823749,-0.6830751442277823,-6.619011031731644,17470.347063123747,0.0,0.1982440594157468,1.9482726234074998,2244157.3495041556,578.2771319026116
283800.0,4596452.5639010705,474511.2078619266,4596406.30955318,-533.0190002868704,1744.944235598716,-533.2237663958533,-6.619191107680772,-0.6833462073703613,-6.619124496170242,17470.347063123747,0.0,0.1982440594157468,1.9482726234074998,2244157.3495041556,578.2771319026116
283900.0,4596399.228904897,474685.6988683036,4596352.954080729,-533.6809250798462,1744.8758874233797,-533.8856845261071,-6.619304781496877,-0.6836173051302226,-6.619238138564231,17470.347063123747,0.0,0.1982440594157468,1.9482726234074998,2244157.3495041556,578.2771319026116
284000.0,4596345.827715675,474860.18303850753,4596299.532415896,-534.3428612491022,1744.8075121365346,-534.5476140294984,-6.6194186332836225,-0.6838884375509939,-6.619351958925172,17470.347063123747,0.0,0.1982440594157468,1.9482726234074998,2244157.3495041556,578.2771319026116
284100.0,4596292.360332267,475034.66036982706,4596246.0445575435,-535.0048088124357,1744.7391097347127,-535.2095549238247,-6.619532663052533,-0.6841596046764513,-6.6194659572645795,17470.347063123747,0.0,0.1982440594157468,1.9482726234074998,2244157.3495041556,578.2771319026116
284200.0,4596238.8267535325,475209.1308595505,4596192.490504531,-535.6667677876458,1744.670680214441,-535.8715072268843,-6.619646870815093,-0.6844308065505226,-6.619580133593935,17470.347063123747,0.0,0.1982440594157468,1.9482726234074998,2244157.3495041556,578.2771319026116
284300.0,4596185.226978329,475383.5945049659,4596138.870255717,-536.3287381925322,1744.6022235722428,-536.5334709564769,-6.619761256582754,-0.6847020432172868,-6.61969448792468,17470.347063123747,0.0,0.1982440594157468,1.9482726234074998,2244157.3495041556,578.2771319026116
284400.0,4596131.561005512,475558.0513033608,4596085.183809958,-536.9907200448962,1744.5337398046363,-537.1954461304031,-6.619875820366919,-0.6849733147209782,-6.619809020268221,17470.347063123747,0.0,0.1982440594157468,1.9482726234074998,2244157.3495041556,578.2771319026116
284500.0,4596077.828833938,475732.5012520225,4596031.431166109,-537.6527133625399,1744.4652289081357,-537.8574327664647,-6.619990562178962,-0.6852446211059858,-6.619923730635915,17470.347063123747,0.0,0.1982440594157468,1.9482726234074998,2244157.3495041556,578.2771319026116
284600.0,4596024.030462457,475906.944348238,4595977.612323022,-538.3147181632667,1744.3966908792509,-538.5194308824648,-6.620105482030201,-0.6855159624168566,-6.620038619039089,17470.347063123747,0.0,0.1982440594157468,1.9482726234074998,2244157.3495041556,578.2771319026116
284700.0,4595970.165889922,476081.38058929384,4595923.727279549,-538.976734464881,1744.3281257144868,-539.1814404962074,-6.620220579931933,-0.6857873386982979,-6.620153685489025,17470.347063123747,0.0,0.1982440594157468,1.9482726234074998,2244157.3495041556,578.2771319026116
284800.0,4595916.23511518,476255.8099724763,4595869.77603454,-539.6387622851885,1744.2595334103441,-539.8434616254979,-6.620335855895392,-0.686058749995176,-6.620268929996955,17470.347063123747,0.0,0.1982440594157468,1.9482726234074998,2244157.3495041556,578.2771319026116
284900.0,4595862.238137079,476430.23249507113,4595815.75858684,-540.3008016419958,1744.1909139633192,-540.5054942881425,-6.620451309931785,-0.6863301963525219,-6.620384352574077,17470.347063123747,0.0,0.1982440594157468,1.9482726234074998,2244157.3495041556,578.2771319026116
285000.0,4595808.174954466,476604.648154364,4595761.674935296,-540.9628525531109,1744.1222673699035,-541.1675385019487,-6.620566942052259,-0.6866016778155303,-6.6204999532315405,17470.347063123747,0.0,0.1982440594157468,1.9482726234074998,2244157.3495041556,578.2771319026116
285100.0,4595754.045566183,476779.0569476401,4595707.525078753,-541.6249150363427,1744.0535936265844,-541.8295942847251,-6.620682752267932,-0.6868731944295635,-6.620615731980449,17470.347063123747,0.0,0.1982440594157468,1.9482726234074998,2244157.3495041556,578.2771319026116
285200.0,4595699.849971072,476953.4588721842,4595653.309016053,-542.2869891095013,1743.9848927298444,-542.4916616542814,-6.620798740589863,-0.687144746240151,-6.620731688831863,17470.347063123747,0.0,0.1982440594157468,1.9482726234074998,2244157.3495041556,578.2771319026116
285300.0,4595645.588167974,477127.85392528086,4595599.026746036,-542.9490747903978,1743.9161646761615,-543.1537406284285,-6.620914907029069,-0.687416333292993,-6.620847823796791,17470.347063123747,0.0,0.1982440594157468,1.9482726234074998,2244157.3495041556,578.2771319026116
285400.0,4595591.260155726,477302.2421042141,4595544.6782675395,-543.6111720968447,1743.8474094620094,-543.8158312249783,-6.621031251596521,-0.6876879556339632,-6.620964136886202,17470.347063123747,0.0,0.1982440594157468,1.9482726234074998,2244157.3495041556,578.2771319026116
285500.0,4595536.865933166,477476.6234062678,4595490.263579402,-544.2732810466551,1743.778627083857,-544.4779334617436,-6.621147774303138,-0.6879596133091078,-6.621080628111004,17470.347063123747,0.0,0.1982440594157468,1.9482726234074998,2244157.3495041556,578.2771319026116
285600.0,4595482.405499128,477650.9978287253,4595435.782680458,-544.9354016576436,1743.7098175381682,-545.1400473565387,-6.621264475159791,-0.6882313063646505,-6.621197297482069,17470.347063123747,0.0,0.1982440594157468,1.9482726234074998,2244157.3495041556,578.2771319026116
285700.0,4595427.878852445,477825.36536886974,4595381.235569541,-545.5975339476257,1743.640980821403,-545.8021729271786,-6.621381354177298,-0.6885030348469922,-6.621314145010205,17470.347063123747,0.0,0.1982440594157468,1.9482726234074998,2244157.3495041556,578.2771319026116
285800.0,4595373.285991948,477999.7260239838,4595326.622245483,-546.259677934418,1743.5721169300164,-546.4643101914796,-6.621498411366424,-0.6887747988027141,-6.621431170706176,17470.347063123747,0.0,0.1982440594157468,1.9482726234074998,2244157.3495041556,578.2771319026116
285900.0,4595318.626916467,478174.0797913498,4595271.942707113,-546.9218336358384,1743.5032258604585,-547.1264591672591,-6.621615646737895,-0.689046598278581,-6.621548374580694,17470.347063123747,0.0,0.1982440594157468,1.9482726234074998,2244157.3495041556,578.2771319026116
286000.0,4595263.9016248295,478348.4266682498,4595217.1969532585,-547.5840010697054,1743.4343076091752,-547.7886198723354,-6.621733060302361,-0.6893184333215401,-6.621665756644414,17470.347063123747,0.0,0.1982440594157468,1.9482726234074998,2244157.3495041556,578.2771319026116
286100.0,4595209.1101158615,478522.7666519655,4595162.384982747,-548.246180253839,1743.365362172607,-548.4507923245279,-6.621850652070434,-0.6895903039787261,-6.621783316907935,17470.347063123747,0.0,0.1982440594157468,1.9482726234074998,2244157.3495041556,578.2771319026116
286200.0,4595154.252388387,478697.0997397781,4595107.506794401,-548.90837120606,1743.2963895471908,-549.1129765416573,-6.6219684220526664,-0.6898622102974624,-6.621901055381808,17470.347063123747,0.0,0.1982440594157468,1.9482726234074998,2244157.3495041556,578.2771319026116
286300.0,4595099.328441228,478871.4259289685,4595052.5623870455,-549.5705739441904,1743.2273897293574,-549.775172541545,-6.6220863702595505,-0.6901341523252628,-6.622018972076518,17470.347063123747,0.0,0.1982440594157468,1.9482726234074998,2244157.3495041556,578.2771319026116
286400.0,4595044.338273205,479045.7452168174,4594997.5517595,-550.2327884860531,1743.1583627155337,-550.4373803420136,-6.622204496701522,-0.6904061301098331,-6.622137067002497,17470.347063123747,0.0,0.1982440594157468,1.9482726234074998,2244157.3495041556,578.2771319026116
286500.0,4594989.281883136,479220.057600605,4594942.474910583,-550.8950148494722,1743.0893085021419,-551.0995999608868,-6.622322801388963,-0.6906781436990758,-6.622255340170118,17470.347063123747,0.0,0.1982440594157468,1.9482726234074998,2244157.3495041556,578.2771319026116
286600.0,4594934.15926984,479394.3630776111,4594887.3318391135,-551.5572530522727,1743.020227085599,-551.7618314159894,-6.622441284332188,-0.6909501931410891,-6.622373791589692,17470.347063123747,0.0,0.1982440594157468,1.9482726234074998,2244157.3495041556,578.2771319026116
286700.0,4594878.970432132,479568.66164511524,4594832.122543905,-552.2195031122808,1742.951118462317,-552.4240747251469,-6.622559945541455,-0.6912222784841721,-6.62249242127147,17470.347063123747,0.0,0.1982440594157468,1.9482726234074998,2244157.3495041556,578.2771319026116
286800.0,4594823.715368822,479742.95330039656,4594776.847023772,-552.8817650473235,1742.8819826287038,-553.086329906186,-6.62267878502696,-0.6914943997768249,-6.622611229225649,17470.347063123747,0.0,0.1982440594157468,1.9482726234074998,2244157.3495041556,578.2771319026116
286900.0,4594768.394078725,479917.23804073385,4594721.5052775275,-553.544038875229,1742.8128195811616,-553.7485969769348,-6.622797802798833,-0.6917665570677518,-6.622730215462345,17470.347063123747,0.0,0.1982440594157468,1.9482726234074998,2244157.3495041556,578.2771319026116
287000.0,4594713.00656065,480091.51586340554,4594666.09730398,-554.2063246138265,1742.7436293160886,-554.4108759552216,-6.622916998867144,-0.6920387504058637,-6.622849379991624,17470.347063123747,0.0,0.1982440594157468,1.9482726234074998,2244157.3495041556,578.2771319026116
287100.0,4594657.552813404,480265.78676568967,4594610.6231019385,-554.868622280946,1742.6744118298773,-555.0731668588764,-6.623036373241895,-0.692310979840281,-6.622968722823485,17470.347063123747,0.0,0.1982440594157468,1.9482726234074998,2244157.3495041556,578.2771319026116
287200.0,4594602.032835796,480440.050744864,4594555.08267021,-555.5309318944188,1742.6051671189157,-555.73546970573,-6.623155925933019,-0.6925832454203339,-6.623088243967854,17470.347063123747,0.0,0.1982440594157468,1.9482726234074998,2244157.3495041556,578.2771319026116
287300.0,4594546.446626627,480614.3077982058,4594499.476007598,-556.1932534720769,1742.5358951795868,-556.397784513614,-6.623275656950383,-0.6928555471955675,-6.623207943434592,17470.347063123747,0.0,0.1982440594157468,1.9482726234074998,2244157.3495041556,578.2771319026116
287400.0,4594490.7941847015,480788.55792299216,4594443.803112907,-556.8555870317534,1742.4665960082684,-557.0601113003613,-6.623395566303789,-0.6931278852157428,-6.623327821233496,17470.347063123747,0.0,0.1982440594157468,1.9482726234074998,2244157.3495041556,578.2771319026116
287500.0,4594435.075508821,480962.80111649964,4594388.063984938,-557.5179325912825,1742.3972696013338,-557.7224500838055,-6.6235156540029685,-0.6934002595308395,-6.623447877374288,17470.347063123747,0.0,0.1982440594157468,1.9482726234074998,2244157.3495041556,578.2771319026116
287600.0,4594379.290597783,481137.0373760045,4594332.25862249,-558.1802901684991,1742.3279159551507,-558.3848008817812,-6.623635920057565,-0.6936726701910573,-6.623568111866612,17470.347063123747,0.0,0.1982440594157468,1.9482726234074998,2244157.3495041556,578.2771319026116
287700.0,4594323.439450386,481311.2666987826,4594276.387024361,-558.8426597812395,1742.2585350660822,-559.0471637121242,-6.623756364477178,-0.6939451172468222,-6.623688524720058,17470.347063123747,0.0,0.1982440594157468,1.9482726234074998,2244157.3495041556,578.2771319026116
287800.0,4594267.522065425,481485.48908210953,4594220.449189346,-559.5050414473404,1742.1891269304863,-559.7095385926709,-6.623876987271312,-0.6942176007487838,-6.623809115944123,17470.347063123747,0.0,0.1982440594157468,1.9482726234074998,2244157.3495041556,578.2771319026116
287900.0,4594211.538441694,481659.7045232604,4594164.4451162405,-560.1674351846399,1742.1196915447158,-560.371925541259,-6.623997788449398,-0.6944901207478221,-6.623929885548238,17470.347063123747,0.0,0.1982440594157468,1.9482726234074998,2244157.3495041556,578.2771319026116
288000.0,4594155.488577985,481833.91301951004,4594108.3748038355,-560.8298410109768,1742.0502289051185,-561.0343245757268,-6.624118768020809,-0.6947626772950491,-6.624050833541763,17470.347063123747,0.0,0.1982440594157468,1.9482726234074998,2244157.3495041556,578.2771319026116
288100.0,4594099.372473088,482008.11456813285,4594052.238250922,-561.4922589441909,1741.9807390080368,-561.6967357139139,-6.624239925994812,-0.6950352704418097,-6.624171959933963,17470.347063123747,0.0,0.1982440594157468,1.9482726234074998,2244157.3495041556,578.2771319026116
288200.0,4594043.190125792,482182.3091664029,4593996.03545629,-562.1546890021228,1741.9112218498085,-562.3591589736606,-6.624361262380614,-0.6953079002396866,-6.624293264734038,17470.347063123747,0.0,0.1982440594157468,1.9482726234074998,2244157.3495041556,578.2771319026116
288300.0,4593986.941534883,482356.49681159394,4593939.766418723,-562.8171312026144,1741.8416774267655,-563.021594372808,-6.6244827771873345,-0.695580566740502,-6.624414747951103,17470.347063123747,0.0,0.1982440594157468,1.9482726234074998,2244157.3495041556,578.2771319026116
288400.0,4593930.626699147,482530.6775009793,4593883.4311370095,-563.4795855635081,1741.772105735235,-563.6840419291983,-6.6246044704240195,-0.6958532699963215,-6.624536409594194,17470.347063123747,0.0,0.1982440594157468,1.9482726234074998,2244157.3495041556,578.2771319026116
288500.0,4593874.245617365,482704.8512318319,4593827.029609932,-564.1420521026472,1741.7025067715392,-564.3465016606747,-6.624726342099616,-0.6961260100594542,-6.624658249672255,17470.347063123747,0.0,0.1982440594157468,1.9482726234074998,2244157.3495041556,578.2771319026116
288600.0,4593817.79828832,482879.0180014244,4593770.561836271,-564.8045308378762,1741.6328805319945,-565.008973585081,-6.624848392223009,-0.6963987869824603,-6.624780268194162,17470.347063123747,0.0,0.1982440594157468,1.9482726234074998,2244157.3495041556,578.2771319026116
288700.0,4593761.284710791,483053.177807029,4593714.027814807,-565.4670217870404,1741.5632270129122,-565.671457720262,-6.624970620802971,-0.6966716008181484,-6.62490246516869,17470.347063123747,0.0,0.1982440594157468,1.9482726234074998,2244157.3495041556,578.2771319026116
288800.0,4593704.704883555,483227.33064591757,4593657.427544319,-566.1295249679857,1741.4935462105987,-566.3339540840634,-6.625093027848213,-0.6969444516195828,-6.625024840604533,17470.347063123747,0.0,0.1982440594157468,1.9482726234074998,2244157.3495041556,578.2771319026116
288900.0,4593648.058805388,483401.4765153616,4593600.761023582,-566.7920403985592,1741.4238381213545,-566.9964626943319,-6.625215613367341,-0.6972173394400843,-6.625147394510296,17470.347063123747,0.0,0.1982440594157468,1.9482726234074998,2244157.3495041556,578.2771319026116
289000.0,4593591.346475066,483575.6154126322,4593544.028251371,-567.4545680966086,1741.354102741475,-567.6589835689148,-6.625338377368868,-0.6974902643332331,-6.625270126894485,17470.347063123747,0.0,0.1982440594157468,1.9482726234074998,2244157.3495041556,578.2771319026116
289100.0,4593534.567891359,483749.7473350001,4593487.229226459,-568.1171080799826,1741.2843400672502,-568.3215167256603,-6.625461319861231,-0.6977632263528742,-6.625393037765532,17470.347063123747,0.0,0.1982440594157468,1.9482726234074998,2244157.3495041556,578.2771319026116
289200.0,4593477.72305304,483923.8722797357,4593430.363947616,-568.7796603665307,1741.214550094965,-568.9840621824177,-6.625584440852759,-0.6980362255531173,-6.625516127131755,17470.347063123747,0.0,0.1982440594157468,1.9482726234074998,2244157.3495041556,578.2771319026116
289300.0,4593420.8119588755,484097.990244109,4593373.432413612,-569.4422249741034,1741.1447328208985,-569.6466199570368,-6.6257077403516895,-0.6983092619883415,-6.625639395001391,17470.347063123747,0.0,0.1982440594157468,1.9482726234074998,2244157.3495041556,578.2771319026116
289400.0,4593363.834607634,484272.1012253897,4593316.4346232135,-570.1048019205516,1741.0748882413245,-570.3091900673684,-6.625831218366173,-0.6985823357131999,-6.625762841382582,17470.347063123747,0.0,0.1982440594157468,1.9482726234074998,2244157.3495041556,578.2771319026116
289500.0,4593306.79099808,484446.205220847,4593259.370575187,-570.7673912237274,1741.0050163525111,-570.9717725312639,-6.625954874904246,-0.6988554467826193,-6.625886466283359,17470.347063123747,0.0,0.1982440594157468,1.9482726234074998,2244157.3495041556,578.2771319026116
289600.0,4593249.681128977,484620.3022277498,4593202.240268295,-571.4299929014835,1740.9351171507212,-571.6343673665759,-6.626078709973868,-0.6991285952518077,-6.626010269711672,17470.347063123747,0.0,0.1982440594157468,1.9482726234074998,2244157.3495041556,578.2771319026116
289700.0,4593192.504999086,484794.3922433666,4593145.0437013,-572.0926069716735,1740.8651906322123,-572.2969745911574,-6.626202723582868,-0.6994017811762523,-6.626134251675348,17470.347063123747,0.0,0.1982440594157468,1.9482726234074998,2244157.3495041556,578.2771319026116
289800.0,4593135.262607168,484968.47526496556,4593087.780872963,-572.7552334521516,1740.7952367932357,-572.9595942228624,-6.626326915738996,-0.6996750046117288,-6.626258412182126,17470.347063123747,0.0,0.1982440594157468,1.9482726234074998,2244157.3495041556,578.2771319026116
289900.0,4593077.953951982,485142.55128981447,4593030.451782042,-573.4178723607731,1740.7252556300377,-573.6222262795455,-6.6264512864498855,-0.6999482656143002,-6.6263827512396345,17470.347063123747,0.0,0.1982440594157468,1.9482726234074998,2244157.3495041556,578.2771319026116
290000.0,4593020.579032281,485316.6203151807,4592973.056427293,-574.0805237153937,1740.6552471388588,-574.2848707790623,-6.62657583572307,-0.7002215642403226,-6.626507268855402,17470.347063123747,0.0,0.1982440594157468,1.9482726234074998,2244157.3495041556,578.2771319026116
290100.0,4592963.137846823,485490.6823383312,4592915.594807471,-574.74318753387,1740.5852113159337,-574.9475277392688,-6.62670056356597,-0.700494900546447,-6.626631965036842,17470.347063123747,0.0,0.1982440594157468,1.9482726234074998,2244157.3495041556,578.2771319026116
290200.0,4592905.630394358,485664.73735653266,4592858.066921329,-575.4058638340595,1740.5151481574917,-575.6101971780221,-6.626825469985909,-0.7007682745896259,-6.626756839791267,17470.347063123747,0.0,0.1982440594157468,1.9482726234074998,2244157.3495041556,578.2771319026116
290300.0,4592848.056673639,485838.7853670514,4592800.4727676185,-576.06855263382,1740.445057659756,-576.2728791131798,-6.62695055499007,-0.701041686427111,-6.62688189312586,17470.347063123747,0.0,0.1982440594157468,1.9482726234074998,2244157.3495041556,578.2771319026116
290400.0,4592790.416683415,486012.8263671532,4592742.812345089,-576.7312539510104,1740.3749398189445,-576.9355735626002,-6.627075818585555,-0.7013151361164638,-6.627007125047713,17470.347063123747,0.0,0.1982440594157468,1.9482726234074998,2244157.3495041556,578.2771319026116
290500.0,4592732.710422432,486186.8603541036,4592685.085652488,-577.3939678034903,1740.304794631269,-577.5982805441424,-6.627201260779339,-0.7015886237155546,-6.627132535563793,17470.347063123747,0.0,0.1982440594157468,1.9482726234074998,2244157.3495041556,578.2771319026116
290600.0,4592674.937889436,486360.8873251678,4592627.292688562,-578.0566942091198,1740.2346220929358,-578.2610000756663,-6.627326881578277,-0.7018621492825683,-6.627258124680949,17470.347063123747,0.0,0.1982440594157468,1.9482726234074998,2244157.3495041556,578.2771319026116
290700.0,4592617.099083171,486534.9072776104,4592569.433452054,-578.7194331857597,1740.164422200145,-578.9237321750322,-6.627452680989106,-0.7021357128760055,-6.627383892405915,17470.347063123747,0.0,0.1982440594157468,1.9482726234074998,2244157.3495041556,578.2771319026116
290800.0,4592559.19400238,486708.92020869587,4592511.507941707,-579.3821847512716,1740.0941949490912,-579.5864768601014,-6.62757865901844,-0.7024093145546898,-6.627509838745295,17470.347063123747,0.0,0.1982440594157468,1.9482726234074998,2244157.3495041556,578.2771319026116
290900.0,4592501.2226458015,486882.92611568817,4592453.516156262,-580.0449489235175,1740.0239403359626,-580.2492341487354,-6.627704815672784,-0.7026829543777695,-6.627635963705586,17470.347063123747,0.0,0.1982440594157468,1.9482726234074998,2244157.3495041556,578.2771319026116
291000.0,4592443.185012175,487056.9249958509,4592395.458094456,-580.7077257203605,1739.953658356942,-580.9120040587967,-6.6278311509585075,-0.7029566324047221,-6.62776226729315,17470.347063123747,0.0,0.1982440594157468,1.9482726234074998,2244157.3495041556,578.2771319026116
291100.0,4592385.081100237,487230.9168464472,4592337.333755028,-581.3705151596638,1739.883349008206,-581.5747866081484,-6.627957664881851,-0.703230348695357,-6.627888749514223,17470.347063123747,0.0,0.1982440594157468,1.9482726234074998,2244157.3495041556,578.2771319026116
291200.0,4592326.910908721,487404.90166474006,4592279.143136713,-582.0333172592916,1739.8130122859254,-582.2375818146542,-6.628084357448933,-0.703504103309822,-6.628015410374917,17470.347063123747,0.0,0.1982440594157468,1.9482726234074998,2244157.3495041556,578.2771319026116
291300.0,4592268.674436362,487578.87944799184,4592220.8862382425,-582.6961320371086,1739.7426481862647,-582.9003896961782,-6.628211228665741,-0.7037778963086053,-6.628142249881212,17470.347063123747,0.0,0.1982440594157468,1.9482726234074998,2244157.3495041556,578.2771319026116
291400.0,4592210.371681891,487752.8501934646,4592162.56305835,-583.35895951098,1739.6722567053823,-583.5632102705854,-6.628338278538135,-0.7040517277525404,-6.628269268038958,17470.347063123747,0.0,0.1982440594157468,1.9482726234074998,2244157.3495041556,578.2771319026116
291500.0,4592152.002644037,487926.8138984201,4592104.173595765,-584.0217996987716,1739.6018378394308,-584.2260435557412,-6.628465507071827,-0.7043255977028089,-6.628396464853864,17470.347063123747,0.0,0.1982440594157468,1.9482726234074998,2244157.3495041556,578.2771319026116
291600.0,4592093.567321527,488100.77056011953,4592045.717849215,-584.6846526183499,1739.5313915845563,-584.8888895695115,-6.628592914272406,-0.7045995062209475,-6.6285238403315105,17470.347063123747,0.0,0.1982440594157468,1.9482726234074998,2244157.3495041556,578.2771319026116
291700.0,4592035.065713088,488274.7201758239,4591987.195817426,-585.3475182875818,1739.460917936899,-585.5517483297631,-6.628720500145317,-0.704873453368849,-6.628651394477332,17470.347063123747,0.0,0.1982440594157468,1.9482726234074998,2244157.3495041556,578.2771319026116
291800.0,4591976.497817444,488448.6627427937,4591928.607499123,-586.0103967243349,1739.3904168925928,-586.2146198543628,-6.628848264695864,-0.7051474392087694,-6.62877912729663,17470.347063123747,0.0,0.1982440594157468,1.9482726234074998,2244157.3495041556,578.2771319026116
291900.0,4591917.863633317,488622.59825828904,4591869.952893028,-586.6732879464771,1739.3198884477654,-586.8775041611783,-6.628976207929208,-0.7054214638033298,-6.628907038794553,17470.347063123747,0.0,0.1982440594157468,1.9482726234074998,2244157.3495041556,578.2771319026116
292000.0,4591859.163159428,488796.52671956975,4591811.231997863,-587.336191971877,1739.249332598538,-587.5404012680777,-6.629104329850368,-0.7056955272155235,-6.6290351289761205,17470.347063123747,0.0,0.1982440594157468,1.9482726234074998,2244157.3495041556,578.2771319026116
292100.0,4591800.396394496,488970.44812389516,4591752.444812347,-587.9991088184037,1739.178749341026,-588.2033111929297,-6.629232630464211,-0.7059696295087169,-6.629163397846184,17470.347063123747,0.0,0.1982440594157468,1.9482726234074998,2244157.3495041556,578.2771319026116
292200.0,4591741.563337237,489144.36246852425,4591693.591335197,-588.6620385039265,1739.108138671338,-588.8662339536033,-6.629361109775456,-0.7062437707466582,-6.629291845409459,17470.347063123747,0.0,0.1982440594157468,1.9482726234074998,2244157.3495041556,578.2771319026116
292300.0,4591682.663986366,489318.2697507156,4591634.6715651285,-589.3249810463155,1739.0375005855765,-589.5291695679682,-6.629489767788677,-0.7065179509934786,-6.629420471670513,17470.347063123747,0.0,0.1982440594157468,1.9482726234074998,2244157.3495041556,578.2771319026116
292400.0,4591623.6983405985,489492.1699677274,4591575.685500855,-589.9879364634412,1738.966835079837,-590.1921180538942,-6.629618604508284,-0.7067921703136989,-6.629549276633745,17470.347063123747,0.0,0.1982440594157468,1.9482726234074998,2244157.3495041556,578.2771319026116
292500.0,4591564.666398644,489666.06311681744,4591516.633141088,-590.6509047731743,1738.896142150209,-590.8550794292519,-6.629747619938535,-0.7070664287722331,-6.62967826030341,17470.347063123747,0.0,0.1982440594157468,1.9482726234074998,2244157.3495041556,578.2771319026116
292600.0,4591505.568159214,489839.9491952432,4591457.514484539,-591.3138859933861,1738.8254217927756,-591.518053711912,-6.629876814083534,-0.7073407264343944,-6.629807422683598,17470.347063123747,0.0,0.1982440594157468,1.9482726234074998,2244157.3495041556,578.2771319026116
292700.0,4591446.403621015,490013.82820026163,4591398.329529915,-591.9768801419483,1738.7546740036132,-592.1810409197458,-6.6300061869472104,-0.7076150633658977,-6.629936763778237,17470.347063123747,0.0,0.1982440594157468,1.9482726234074998,2244157.3495041556,578.2771319026116
292800.0,4591387.1727827545,490187.7001291294,4591339.078275924,-592.639887236733,1738.6838987787914,-592.8440410706249,-6.630135738533343,-0.7078894396328674,-6.630066283591094,17470.347063123747,0.0,0.1982440594157468,1.9482726234074998,2244157.3495041556,578.2771319026116
292900.0,4591327.875643136,490361.56497910275,4591279.760721269,-593.3029072956125,1738.6130961143733,-593.5070541824214,-6.630265468845543,-0.7081638553018412,-6.630195982125775,17470.347063123747,0.0,0.1982440594157468,1.9482726234074998,2244157.3495041556,578.2771319026116
293000.0,4591268.512200862,490535.4227474375,4591220.376864655,-593.9659403364598,1738.5422660064155,-594.1700802730076,-6.6303953778872415,-0.7084383104397733,-6.630325859385702,17470.347063123747,0.0,0.1982440594157468,1.9482726234074998,2244157.3495041556,578.2771319026116
293100.0,4591209.082454635,490709.2734313891,4591160.926704782,-594.6289863771477,1738.4714084509676,-594.8331193602561,-6.630525465661706,-0.7087128051140424,-6.630455915374139,17470.347063123747,0.0,0.1982440594157468,1.9482726234074998,2244157.3495041556,578.2771319026116
293200.0,4591149.586403153,490883.11702821264,4591101.410240349,-595.2920454355499,1738.4005234440726,-595.49617146204,-6.630655732172038,-0.7089873393924555,-6.630586150094169,17470.347063123747,0.0,0.1982440594157468,1.9482726234074998,2244157.3495041556,578.2771319026116
293300.0,4591090.0240451135,491056.9535351627,4591041.827470055,-595.9551175295401,1738.3296109817668,-596.1592365962327,-6.630786177421148,-0.7092619133432526,-6.630716563548704,17470.347063123747,0.0,0.1982440594157468,1.9482726234074998,2244157.3495041556,578.2771319026116
293400.0,4591030.395379212,491230.7829494937,4590982.178392595,-596.6182026769922,1738.2586710600792,-596.8223147807078,-6.630916801411775,-0.7095365270351129,-6.630847155740473,17470.347063123747,0.0,0.1982440594157468,1.9482726234074998,2244157.3495041556,578.2771319026116
293500.0,4590970.700404142,491404.6052684593,4590922.463006663,-597.2813008957805,1738.1877036750327,-597.4854060333389,-6.631047604146481,-0.7098111805371601,-6.630977926672027,17470.347063123747,0.0,0.1982440594157468,1.9482726234074998,2244157.3495041556,578.2771319026116
293600.0,4590910.939118596,491578.4204893131,4590862.681310952,-597.9444122037796,1738.1167088226425,-598.1485103720003,-6.631178585627627,-0.7100858739189666,-6.631108876345722,17470.347063123747,0.0,0.1982440594157468,1.9482726234074998,2244157.3495041556,578.2771319026116
293700.0,4590851.111521264,491752.2286093081,4590802.833304152,-598.6075366188643,1738.0456864989173,-598.8116278145662,-6.631309745857404,-0.710360607250561,-6.6312400047637405,17470.347063123747,0.0,0.1982440594157468,1.9482726234074998,2244157.3495041556,578.2771319026116
293800.0,4590791.217610834,491926.029625697,4590742.918984951,-599.2706741589094,1737.9746366998586,-599.4747583789112,-6.631441084837802,-0.7106353806024317,-6.631371311928062,17470.347063123747,0.0,0.1982440594157468,1.9482726234074998,2244157.3495041556,578.2771319026116
293900.0,4590731.257385993,492099.82353573205,4590682.938352038,-599.9338248417902,1737.9035594214606,-600.13790208291,-6.631572602570627,-0.7109101940455343,-6.631502797840487,17470.347063123747,0.0,0.1982440594157468,1.9482726234074998,2244157.3495041556,578.2771319026116
294000.0,4590671.230845427,492273.6103366652,4590622.891404097,-600.5969886853819,1737.8324546597107,-600.8010589444376,-6.631704299057477,-0.7111850476512958,-6.6316344625026025,17470.347063123747,0.0,0.1982440594157468,1.9482726234074998,2244157.3495041556,578.2771319026116
294100.0,4590611.137987818,492447.39002574777,4590562.778139811,-601.2601657075602,1737.7613224105892,-601.4642289813689,-6.631836174299765,-0.7114599414916217,-6.631766305915814,17470.347063123747,0.0,0.1982440594157468,1.9482726234074998,2244157.3495041556,578.2771319026116
294200.0,4590550.978811846,492621.1626002309,4590502.5985578615,-601.9233559262004,1737.6901626700687,-602.1274122115792,-6.631968228298686,-0.7117348756389001,-6.63189832808131,17470.347063123747,0.0,0.1982440594157468,1.9482726234074998,2244157.3495041556,578.2771319026116
294300.0,4590490.753316192,492794.92805736524,4590442.352656929,-602.5865593591785,1737.6189754341153,-602.7906086529437,-6.63210046105525,-0.7120098501660106,-6.632030529000091,17470.347063123747,0.0,0.1982440594157468,1.9482726234074998,2244157.3495041556,578.2771319026116
294400.0,4590430.461499533,492968.68639440107,4590382.04043569,-603.2497760243701,1737.5477606986872,-603.4538183233377,-6.632232872570237,-0.7122848651463263,-6.632162908672927,17470.347063123747,0.0,0.1982440594157468,1.9482726234074998,2244157.3495041556,578.2771319026116
294500.0,4590370.103360545,493142.4376085882,4590321.661892823,-603.9130059396512,1737.4765184597352,-604.1170412406368,-6.632365462844239,-0.712559920653724,-6.632295467100402,17470.347063123747,0.0,0.1982440594157468,1.9482726234074998,2244157.3495041556,578.2771319026116
294600.0,4590309.678897902,493316.18169717607,4590261.217027,-604.5762491228976,1737.405248713203,-604.7802774227164,-6.632498231877612,-0.712835016762587,-6.632428204282864,17470.347063123747,0.0,0.1982440594157468,1.9482726234074998,2244157.3495041556,578.2771319026116
294700.0,4590249.188110277,493489.91865741374,4590200.705836896,-605.2395055919853,1737.3339514550269,-605.4435268874519,-6.632631179670506,-0.7131101535478138,-6.632561120220455,17470.347063123747,0.0,0.1982440594157468,1.9482726234074998,2244157.3495041556,578.2771319026116
294800.0,4590188.63099634,493663.64848654985,4590140.12832118,-605.9027753647904,1737.262626681135,-606.1067896527189,-6.632764306222856,-0.7133853310848235,-6.6326942149131,17470.347063123747,0.0,0.1982440594157468,1.9482726234074998,2244157.3495041556,578.2771319026116
294900.0,4590128.00755476,493837.3711818326,4590079.484478522,-606.5660584591886,1737.1912743874489,-606.770065736393,-6.632897611534359,-0.7136605494495613,-6.632827488360486,17470.347063123747,0.0,0.1982440594157468,1.9482726234074998,2244157.3495041556,578.2771319026116
295000.0,4590067.317784204,494011.0867405099,4590018.774307589,-607.229354893056,1737.1198945698816,-607.4333551563495,-6.633031095604496,-0.713935808718507,-6.632960940562086,17470.347063123747,0.0,0.1982440594157468,1.9482726234074998,2244157.3495041556,578.2771319026116
295100.0,4590006.561683336,494184.795159829,4589957.997807046,-607.8926646842682,1737.048487224339,-608.0966579304638,-6.633164758432512,-0.7142111089686799,-6.6330945715171366,17470.347063123747,0.0,0.1982440594157468,1.9482726234074998,2244157.3495041556,578.2771319026116
295200.0,4589945.739250821,494358.496437037,4589897.154975558,-608.5559878507011,1736.9770523467191,-608.7599740766113,-6.633298600017422,-0.7144864502776467,-6.6332283812246455,17470.347063123747,0.0,0.1982440594157468,1.9482726234074998,2244157.3495041556,578.2771319026116
295300.0,4589884.850485319,494532.1905693805,4589836.245811785,-609.2193244102302,1736.905589932912,-609.4233036126672,-6.6334326203580005,-0.7147618327235267,-6.633362369683372,17470.347063123747,0.0,0.1982440594157468,1.9482726234074998,2244157.3495041556,578.2771319026116
295400.0,4589823.895385492,494705.8775541056,4589775.270314388,-609.8826743807311,1736.8340999788004,-610.0866465565064,-6.633566819452783,-0.7150372563850006,-6.633496536891848,17470.347063123747,0.0,0.1982440594157468,1.9482726234074998,2244157.3495041556,578.2771319026116
295500.0,4589762.873949995,494879.5573884581,4589714.228482026,-610.5460377800792,1736.7625824802585,-610.7500029260038,-6.633701197300055,-0.7153127213413158,-6.633630882848348,17470.347063123747,0.0,0.1982440594157468,1.9482726234074998,2244157.3495041556,578.2771319026116
295600.0,4589701.786177487,495053.23006968334,4589653.120313355,-611.2094146261495,1736.691037433153,-611.4133727390342,-6.633835753897858,-0.7155882276722946,-6.633765407550906,17470.347063123747,0.0,0.1982440594157468,1.9482726234074998,2244157.3495041556,578.2771319026116
295700.0,4589640.632066621,495226.89559502626,4589591.9458070295,-611.872804936817,1736.6194648333424,-612.0767560134722,-6.633970489243992,-0.7158637754583415,-6.633900110997309,17470.347063123747,0.0,0.1982440594157468,1.9482726234074998,2244157.3495041556,578.2771319026116
295800.0,4589579.411616051,495400.55396173144,4589530.704961703,-612.5362087299565,1736.547864676677,-612.7401527671918,-6.634105403335978,-0.7161393647804477,-6.63403499318507,17470.347063123747,0.0,0.1982440594157468,1.9482726234074998,2244157.3495041556,578.2771319026116
295900.0,4589518.124824425,495574.2051670429,4589469.397776026,-613.1996260234423,1736.476236958999,-613.4035630180672,-6.634240496171105,-0.7164149957202041,-6.634170054111474,17470.347063123747,0.0,0.1982440594157468,1.9482726234074998,2244157.3495041556,578.2771319026116
296000.0,4589456.771690395,495747.84920820437,4589408.024248648,-613.8630568351487,1736.4045816761427,-614.066986783972,-6.6343757677463815,-0.716690668359802,-6.634305293773509,17470.347063123747,0.0,0.1982440594157468,1.9482726234074998,2244157.3495041556,578.2771319026116
296100.0,4589395.352212607,495921.48608245916,4589346.584378218,-614.5265011829495,1736.332898823934,-614.7304240827796,-6.63451121805855,-0.7169663827820449,-6.634440712167916,17470.347063123747,0.0,0.1982440594157468,1.9482726234074998,2244157.3495041556,578.2771319026116
296200.0,4589333.866389707,496095.11578705005,4589285.078163381,-615.1899590847181,1736.2611883981908,-615.3938749323631,-6.634646847104091,-0.7172421390703558,-6.6345763092911625,17470.347063123747,0.0,0.1982440594157468,1.9482726234074998,2244157.3495041556,578.2771319026116
296300.0,4589272.314220338,496268.7383192195,4589223.50560278,-615.8534305583279,1736.189450394722,-616.0573393505953,-6.6347826548792,-0.717517937308783,-6.6347120851394354,17470.347063123747,0.0,0.1982440594157468,1.9482726234074998,2244157.3495041556,578.2771319026116
296400.0,4589210.695703142,496442.3536762096,4589161.866695058,-616.5169156216515,1736.117684809328,-616.7208173553483,-6.634918641379803,-0.7177937775820101,-6.634848039708652,17470.347063123747,0.0,0.1982440594157468,1.9482726234074998,2244157.3495041556,578.2771319026116
296500.0,4589149.0108367605,496615.9618552618,4589100.161438855,-617.1804142925612,1736.0458916378016,-617.3843089644943,-6.635054806601538,-0.7180696599753624,-6.634984172994436,17470.347063123747,0.0,0.1982440594157468,1.9482726234074998,2244157.3495041556,578.2771319026116
296600.0,4589087.25961983,496789.5628536174,4589038.3898328105,-617.843926588929,1735.9740708759261,-618.0478141959044,-6.6351911505397565,-0.718345584574816,-6.635120484992133,17470.347063123747,0.0,0.1982440594157468,1.9482726234074998,2244157.3495041556,578.2771319026116
296700.0,4589025.442050988,496963.15666851716,4588976.5518755615,-618.5074525286262,1735.902222519477,-618.7113330674496,-6.635327673189519,-0.7186215514670048,-6.6352569756967945,17470.347063123747,0.0,0.1982440594157468,1.9482726234074998,2244157.3495041556,578.2771319026116
296800.0,4588963.558128869,497136.74329720135,4588914.647565742,-619.1709921295238,1735.8303465642202,-619.3748655970004,-6.635464374545594,-0.71889756073923,-6.635393645103174,17470.347063123747,0.0,0.1982440594157468,1.9482726234074998,2244157.3495041556,578.2771319026116
296900.0,4588901.607852106,497310.3227369099,4588852.676901986,-619.8345454094921,1735.7584430059135,-620.0384118024267,-6.63560125460245,-0.7191736124794681,-6.635530493205732,17470.347063123747,0.0,0.1982440594157468,1.9482726234074998,2244157.3495041556,578.2771319026116
297000.0,4588839.59121933,497483.89498488227,4588790.639882925,-620.4981123864009,1735.6865118403057,-620.7019717015978,-6.635738313354245,-0.7194497067763783,-6.635667519998617,17470.347063123747,0.0,0.1982440594157468,1.9482726234074998,2244157.3495041556,578.2771319026116
297100.0,4588777.508229171,497657.46003835753,4588728.536507188,-621.1616930781192,1735.6145530631366,-621.3655453123826,-6.635875550794833,-0.7197258437193128,-6.6358047254756745,17470.347063123747,0.0,0.1982440594157468,1.9482726234074998,2244157.3495041556,578.2771319026116
297200.0,4588715.358880256,497831.0178945743,4588666.366773404,-621.8252875025158,1735.5425666701371,-622.0291326526489,-6.636012966917753,-0.7200020233983239,-6.6359421096304265,17470.347063123747,0.0,0.1982440594157468,1.9482726234074998,2244157.3495041556,578.2771319026116
297300.0,4588653.143171212,498004.56855077087,4588604.130680199,-622.4888956774586,1735.4705526570292,-622.6927337402643,-6.636150561716233,-0.7202782459041742,-6.636079672456095,17470.347063123747,0.0,0.1982440594157468,1.9482726234074998,2244157.3495041556,578.2771319026116
297400.0,4588590.861100662,498178.1120041849,4588541.828226197,-623.1525176208147,1735.3985110195256,-623.3563485930956,-6.636288335183172,-0.7205545113283451,-6.636217413945567,17470.347063123747,0.0,0.1982440594157468,1.9482726234074998,2244157.3495041556,578.2771319026116
297500.0,4588528.512667228,498351.6482520538,4588479.45941002,-623.8161533504506,1735.3264417533298,-624.0199772290086,-6.636426287311141,-0.7208308197630449,-6.636355334091403,17470.347063123747,0.0,0.1982440594157468,1.9482726234074998,2244157.3495041556,578.2771319026116
297600.0,4588466.097869531,498525.17729161447,4588417.02423029,-624.479802884232,1735.2543448541362,-624.6836196658688,-6.636564418092386,-0.7211071713012195,-6.63649343288584,17470.347063123747,0.0,0.1982440594157468,1.9482726234074998,2244157.3495041556,578.2771319026116
297700.0,4588403.616706191,498698.6991201034,4588354.5226856265,-625.1434662400238,1735.1822203176298,-625.3472759215405,-6.63670272751881,-0.7213835660365608,-6.636631710320769,17470.347063123747,0.0,0.1982440594157468,1.9482726234074998,2244157.3495041556,578.2771319026116
297800.0,4588341.069175823,498872.21373475663,4588291.954774645,-625.8071434356903,1735.110068139486,-626.0109460138873,-6.636841215581984,-0.7216600040635168,-6.636770166387743,17470.347063123747,0.0,0.1982440594157468,1.9482726234074998,2244157.3495041556,578.2771319026116
297900.0,4588278.4552770415,499045.72113280976,4588229.320495962,-626.4708344890945,1735.037888315371,-626.6746299607721,-6.636979882273119,-0.7219364854772999,-6.636908801077976,17470.347063123747,0.0,0.1982440594157468,1.9482726234074998,2244157.3495041556,578.2771319026116
298000.0,4588215.775008461,499219.221311498,4588166.619848191,-627.1345394180988,1734.965680840941,-627.3383277800567,-6.637118727583086,-0.7222130103738983,-6.637047614382319,17470.347063123747,0.0,0.1982440594157468,1.9482726234074998,2244157.3495041556,578.2771319026116
298100.0,4588153.028368695,499392.71426805615,4588103.852829943,-627.7982582405647,1734.8934457118435,-628.0020394896021,-6.637257751502397,-0.7224895788500836,-6.63718660629127,17470.347063123747,0.0,0.1982440594157468,1.9482726234074998,2244157.3495041556,578.2771319026116
298200.0,4588090.21535635,499566.19999971846,4588041.0194398295,-628.4619909743526,1734.8211829237152,-628.6657651072682,-6.6373969540212014,-0.7227661910034239,-6.637325776794974,17470.347063123747,0.0,0.1982440594157468,1.9482726234074998,2244157.3495041556,578.2771319026116
298300.0,4588027.335970036,499739.6785037188,4587978.119676458,-629.1257376373219,1734.7488924721836,-629.3295046509139,-6.637536335129276,-0.7230428469322899,-6.637465125883191,17470.347063123747,0.0,0.1982440594157468,1.9482726234074998,2244157.3495041556,578.2771319026116
298400.0,4587964.390208358,499913.14977729064,4587915.153538435,-629.789498247331,1734.6765743528663,-629.9932581383973,-6.637675894816045,-0.72331954673587,-6.637604653545335,17470.347063123747,0.0,0.1982440594157468,1.9482726234074998,2244157.3495041556,578.2771319026116
298500.0,4587901.37806992,500086.61381766695,4587852.121024365,-630.4532728222373,1734.6042285613707,-630.6570255875752,-6.637815633070528,-0.7235962905141753,-6.637744359770416,17470.347063123747,0.0,0.1982440594157468,1.9482726234074998,2244157.3495041556,578.2771319026116
298600.0,4587838.299553327,500260.07062208035,4587789.022132851,-631.117061379897,1734.5318550932943,-631.3208070163032,-6.63795554988138,-0.7238730783680537,-6.637884244547074,17470.347063123747,0.0,0.1982440594157468,1.9482726234074998,2244157.3495041556,578.2771319026116
298700.0,4587775.154657179,500433.5201877629,4587725.856862495,-631.7808639381651,1734.4594539442246,-631.984602442436,-6.6380956452368585,-0.7241499103991996,-6.6380243078635575,17470.347063123747,0.0,0.1982440594157468,1.9482726234074998,2244157.3495041556,578.2771319026116
298800.0,4587711.943380073,500606.96251194633,4587662.625211895,-632.4446805148955,1734.3870251097385,-632.6484118838268,-6.638235919124838,-0.724426786710166,-6.638164549707727,17470.347063123747,0.0,0.1982440594157468,1.9482726234074998,2244157.3495041556,578.2771319026116
298900.0,4587648.665720607,500780.39759186184,4587599.327179651,-633.1085111279408,1734.314568585403,-633.312235358328,-6.638376371532777,-0.7247037074043714,-6.638304970067031,17470.347063123747,0.0,0.1982440594157468,1.9482726234074998,2244157.3495041556,578.2771319026116
299000.0,4587585.321677378,500953.82542474027,4587535.962764356,-633.7723557951523,1734.2420843667746,-633.9760728837904,-6.638517002447749,-0.7249806725861165,-6.638445568928529,17470.347063123747,0.0,0.1982440594157468,1.9482726234074998,2244157.3495041556,578.2771319026116
299100.0,4587521.911248979,501127.2460078119,4587472.531964606,-634.4362145343802,1734.1695724493993,-634.6399244780634,-6.638657811856394,-0.7252576823605899,-6.638586346278849,17470.347063123747,0.0,0.1982440594157468,1.9482726234074998,2244157.3495041556,578.2771319026116
299200.0,4587458.434434001,501300.6593383067,4587409.034778992,-635.100087363473,1734.0970328288124,-635.3037901589954,-6.63879879974495,-0.7255347368338839,-6.638727302104218,17470.347063123747,0.0,0.1982440594157468,1.9482726234074998,2244157.3495041556,578.2771319026116
299300.0,4587394.891231036,501474.0654134541,4587345.471206104,-635.763974300278,1734.024465500539,-635.967669944433,-6.638939966099223,-0.725811836113003,-6.638868436390428,17470.347063123747,0.0,0.1982440594157468,1.9482726234074998,2244157.3495041556,578.2771319026116
299400.0,4587331.281638671,501647.46423048305,4587281.841244533,-636.4278753626412,1733.9518704600928,-636.6315638522217,-6.6390813109046,-0.7260889803058782,-6.639009749122852,17470.347063123747,0.0,0.1982440594157468,1.9482726234074998,2244157.3495041556,578.2771319026116
299500.0,4587267.605655492,501820.8557866222,4587218.144892863,-637.0917905684069,1733.879247702977,-637.2954719002053,-6.639222834146012,-0.7263661695213754,-6.639151240286411,17470.347063123747,0.0,0.1982440594157468,1.9482726234074998,2244157.3495041556,578.2771319026116
299600.0,4587203.863280085,501994.2400790996,4587154.3821496805,-637.7557199354178,1733.806597224684,-637.9593941062261,-6.639364535807979,-0.7266434038693127,-6.639292909865611,17470.347063123747,0.0,0.1982440594157468,1.9482726234074998,2244157.3495041556,578.2771319026116
299700.0,4587140.054511032,502167.6171051429,4587090.553013569,-638.4196634815153,1733.733919020695,-638.623330488125,-6.639506415874541,-0.7269206834604657,-6.6394347578444775,17470.347063123747,0.0,0.1982440594157468,1.9482726234074998,2244157.3495041556,578.2771319026116
299800.0,4587076.179346915,502340.98686197936,4587026.657483109,-639.083621224539,1733.66121308648,-639.2872810637411,-6.639648474329298,-0.7271980084065855,-6.639576784206599,17470.347063123747,0.0,0.1982440594157468,1.9482726234074998,2244157.3495041556,578.2771319026116
299900.0,4587012.2377863135,502514.3493468357,4586962.695556882,-639.7475931823269,1733.588479417498,-639.951245850912,-6.6397907111553955,-0.7274753788204097,-6.639718988935108,17470.347063123747,0.0,0.1982440594157468,1.9482726234074998,2244157.3495041556,578.2771319026116
300000.0,4586948.2298278045,502687.7045569382,4586898.667233464,-640.4115793727152,1733.5157180091967,-640.6152248674732,-6.639933126335492,-0.727752794815673,-6.639861372012651,17470.347063123747,0.0,0.1982440594157468,1.9482726234074998,2244157.3495041556,578.2771319026116
300100.0,4586884.155469964,502861.0524895127,4586834.572511434,-641.0755798135385,1733.4429288570118,-641.2792181312589,-6.640075719851784,-0.7280302565071218,-6.640003933421407,17470.347063123747,0.0,0.1982440594157468,1.9482726234074998,2244157.3495041556,578.2771319026116
300200.0,4586820.014711366,503034.39314178465,4586770.411389363,-641.7395945226295,1733.3701119563682,-641.9432256601012,-6.640218491685983,-0.7283077640105285,-6.640146673143078,17470.347063123747,0.0,0.1982440594157468,1.9482726234074998,2244157.3495041556,578.2771319026116
300300.0,4586755.807550583,503207.7265109789,4586706.183865826,-642.403623517819,1733.2972673026788,-642.6072474718306,-6.640361441819321,-0.7285853174427029,-6.640289591158884,17470.347063123747,0.0,0.1982440594157468,1.9482726234074998,2244157.3495041556,578.2771319026116
300400.0,4586691.533986186,503381.0525943199,4586641.889939392,-643.067666816936,1733.224394891345,-643.2712835842756,-6.640504570232516,-0.7288629169215042,-6.640432687449522,17470.347063123747,0.0,0.1982440594157468,1.9482726234074998,2244157.3495041556,578.2771319026116
300500.0,4586627.1940167425,503554.37138903176,4586577.5296086315,-643.7317244378075,1733.1514947177557,-643.9353340152625,-6.640647876905792,-0.7291405625658575,-6.640575961995205,17470.347063123747,0.0,0.1982440594157468,1.9482726234074998,2244157.3495041556,578.2771319026116
300600.0,4586562.78764082,503727.6828923379,4586513.102872111,-644.3957963982585,1733.0785667772889,-644.5993987826158,-6.6407913618188745,-0.7294182544957679,-6.640719414775648,17470.347063123747,0.0,0.1982440594157468,1.9482726234074998,2244157.3495041556,578.2771319026116
300700.0,4586498.314856985,503900.9871014615,4586448.609728396,-645.0598827161119,1733.0056110653097,-645.2634779041581,-6.64093502495095,-0.7296959928323299,-6.64086304577002,17470.347063123747,0.0,0.1982440594157468,1.9482726234074998,2244157.3495041556,578.2771319026116
300800.0,4586433.775663799,504074.2840136251,4586384.0501760505,-645.7239834091886,1732.9326275771714,-645.9275713977096,-6.641078866280692,-0.7299737776977462,-6.641006854956981,17470.347063123747,0.0,0.1982440594157468,1.9482726234074998,2244157.3495041556,578.2771319026116
300900.0,4586369.170059823,504247.5736260509,4586319.424213637,-646.3880984953072,1732.859616308215,-646.5916792810885,-6.6412228857862425,-0.7302516092153406,-6.641150842314657,17470.347063123747,0.0,0.1982440594157468,1.9482726234074998,2244157.3495041556,578.2771319026116
301000.0,4586304.498043619,504420.85593596054,4586254.731839715,-647.0522279922842,1732.786577253769,-647.2558015721108,-6.6413670834452025,-0.7305294875095716,-6.64129500782064,17470.347063123747,0.0,0.1982440594157468,1.9482726234074998,2244157.3495041556,578.2771319026116
301100.0,4586239.759613744,504594.13094057527,4586189.973052842,-647.7163719179339,1732.7135104091496,-647.9199382885902,-6.641511459234617,-0.7308074127060474,-6.641439351451954,17470.347063123747,0.0,0.1982440594157468,1.9482726234074998,2244157.3495041556,578.2771319026116
301200.0,4586174.954768754,504767.39863711584,4586125.147851575,-648.380530290068,1732.6404157696602,-648.584089448338,-6.641656013130987,-0.7310853849315425,-6.6415838731850885,17470.347063123747,0.0,0.1982440594157468,1.9482726234074998,2244157.3495041556,578.2771319026116
301300.0,4586110.0835072035,504940.65902280255,4586060.25623447,-649.0447031264962,1732.5672933305914,-649.2482550691632,-6.641800745110241,-0.7313634043140106,-6.641728572995955,17470.347063123747,0.0,0.1982440594157468,1.9482726234074998,2244157.3495041556,578.2771319026116
301400.0,4586045.145827645,505113.91209485516,4585995.298200078,-649.7088904450254,1732.4941430872211,-649.9124351688723,-6.641945655147741,-0.7316414709826011,-6.641873450859901,17470.347063123747,0.0,0.1982440594157468,1.9482726234074998,2244157.3495041556,578.2771319026116
301500.0,4585980.141728631,505287.15785049304,4585930.273746952,-650.3730922634602,1732.4209650348143,-650.5766297652694,-6.642090743218261,-0.7319195850676737,-6.642018506751686,17470.347063123747,0.0,0.1982440594157468,1.9482726234074998,2244157.3495041556,578.2771319026116
301600.0,4585915.071208709,505460.396286935,4585865.182873641,-651.0373085996026,1732.3477591686228,-651.2408388761561,-6.642236009295995,-0.732197746700816,-6.642163740645487,17470.347063123747,0.0,0.1982440594157468,1.9482726234074998,2244157.3495041556,578.2771319026116
301700.0,4585849.934266427,505633.6274013995,4585800.025578693,-651.7015394712521,1732.2745254838849,-651.9050625193311,-6.642381453354535,-0.7324759560148579,-6.642309152514885,17470.347063123747,0.0,0.1982440594157468,1.9482726234074998,2244157.3495041556,578.2771319026116
301800.0,4585784.73090033,505806.85119110433,4585734.801860652,-652.3657848962054,1732.201263975826,-652.5693007125907,-6.64252707536687,-0.7327542131438881,-6.6424547423328475,17470.347063123747,0.0,0.1982440594157468,1.9482726234074998,2244157.3495041556,578.2771319026116
301900.0,4585719.461108962,505980.067653267,4585669.511718065,-653.0300448922563,1732.1279746396576,-653.2335534737283,-6.64267287530537,-0.7330325182232702,-6.642600510071732,17470.347063123747,0.0,0.1982440594157468,1.9482726234074998,2244157.3495041556,578.2771319026116
302000.0,4585654.124890865,506153.2767851045,4585604.155149471,-653.6943194771964,1732.0546574705784,-653.8978208205348,-6.642818853141791,-0.7333108713896612,-6.642746455703277,17470.347063123747,0.0,0.1982440594157468,1.9482726234074998,2244157.3495041556,578.2771319026116
302100.0,4585588.722244579,506326.4785838332,4585538.732153413,-654.3586086688136,1731.9813124637724,-654.5621027707978,-6.642965008847241,-0.7335892727810246,-6.642892579198574,17470.347063123747,0.0,0.1982440594157468,1.9482726234074998,2244157.3495041556,578.2771319026116
302200.0,4585523.253168643,506499.67304666917,4585473.242728429,-655.0229124848937,1731.9079396144102,-655.2263993423022,-6.643111342392204,-0.7338677225366523,-6.643038880528091,17470.347063123747,0.0,0.1982440594157468,1.9482726234074998,2244157.3495041556,578.2771319026116
302300.0,4585457.717661594,506672.86017082783,4585407.686873056,-655.687230943219,1731.8345389176484,-655.8907105528301,-6.643257853746498,-0.7341462207971778,-6.643185359661633,17470.347063123747,0.0,0.1982440594157468,1.9482726234074998,2244157.3495041556,578.2771319026116
302400.0,4585392.115721966,506846.03995352425,4585342.064585829,-656.351564061569,1731.7611103686293,-656.5550364201603,-6.643404542879299,-0.7344247677045967,-6.643332016568354,17470.347063123747,0.0,0.1982440594157468,1.9482726234074998,2244157.3495041556,578.2771319026116
302500.0,4585326.447348293,507019.21239197295,4585276.3758652825,-657.0159118577199,1731.6876539624811,-657.2193769620685,-6.643551409759091,-0.7347033634022817,-6.643478851216725,17470.347063123747,0.0,0.1982440594157468,1.9482726234074998,2244157.3495041556,578.2771319026116
302600.0,4585260.712539105,507192.377483388,4585210.620709947,-657.6802743494446,1731.6141696943178,-657.8837321963273,-6.643698454353696,-0.734982008035004,-6.64362586357455,17470.347063123747,0.0,0.1982440594157468,1.9482726234074998,2244157.3495041556,578.2771319026116
302700.0,4585194.911292932,507365.53522498294,4585144.799118353,-658.3446515545132,1731.540657559238,-658.548102140706,-6.643845676630246,-0.7352607017489493,-6.6437730536089425,17470.347063123747,0.0,0.1982440594157468,1.9482726234074998,2244157.3495041556,578.2771319026116
302800.0,4585129.043608302,507538.6856139708,4585078.911089028,-659.0090434906922,1731.467117552327,-659.2124868129705,-6.643993076555165,-0.735539444691736,-6.643920421286312,17470.347063123747,0.0,0.1982440594157468,1.9482726234074998,2244157.3495041556,578.2771319026116
302900.0,4585063.109483742,507711.82864756417,4585012.956620499,-659.6734501757447,1731.3935496686538,-659.8768862308835,-6.644140654094172,-0.7358182370124354,-6.644067966572356,17470.347063123747,0.0,0.1982440594157468,1.9482726234074998,2244157.3495041556,578.2771319026116
303000.0,4584997.108917776,507884.96432297514,4584946.93571129,-660.3378716274303,1731.3199539032735,-660.5413004122041,-6.644288409212264,-0.736097078861591,-6.644215689432055,17470.347063123747,0.0,0.1982440594157468,1.9482726234074998,2244157.3495041556,578.2771319026116
303100.0,4584931.0419089245,508058.0926374153,4584880.848359924,-661.0023078635053,1731.2463302512256,-661.2057293746878,-6.644436341873727,-0.7363759703912383,-6.644363589829684,17470.347063123747,0.0,0.1982440594157468,1.9482726234074998,2244157.3495041556,578.2771319026116
303200.0,4584864.90845571,508231.2135880957,4584814.694564922,-661.666758901722,1731.1726787075343,-661.8701731360867,-6.6445844520420785,-0.7366549117549196,-6.6445116677287315,17470.347063123747,0.0,0.1982440594157468,1.9482726234074998,2244157.3495041556,578.2771319026116
303300.0,4584798.70855665,508404.3271722269,4584748.474324803,-662.3312247598294,1731.0989992672085,-662.534631714149,-6.6447327396801,-0.7369339031077108,-6.644659923091967,17470.347063123747,0.0,0.1982440594157468,1.9482726234074998,2244157.3495041556,578.2771319026116
303400.0,4584732.442210264,508577.4333870191,4584682.187638084,-662.9957054555724,1731.0252919252414,-663.1991051266193,-6.644881204749817,-0.7372129446062382,-6.6448083558813975,17470.347063123747,0.0,0.1982440594157468,1.9482726234074998,2244157.3495041556,578.2771319026116
303500.0,4584666.109415065,508750.53222968173,4584615.834503283,-663.6602010066924,1730.9515566766106,-663.8635933912383,-6.645029847212473,-0.7374920364086978,-6.644956966058248,17470.347063123747,0.0,0.1982440594157468,1.9482726234074998,2244157.3495041556,578.2771319026116
303600.0,4584599.710169567,508923.623697424,4584549.414918911,-664.3247114309268,1730.8777935162777,-664.5280965257426,-6.645178667028531,-0.7377711786748782,-6.645105753582961,17470.347063123747,0.0,0.1982440594157468,1.9482726234074998,2244157.3495041556,578.2771319026116
303700.0,4584533.244472282,509096.7077874545,4584482.928883481,-664.9892367460086,1730.8040024391883,-665.1926145478651,-6.645327664157659,-0.7380503715661813,-6.645254718415188,17470.347063123747,0.0,0.1982440594157468,1.9482726234074998,2244157.3495041556,578.2771319026116
303800.0,4584466.71232172,509269.7844969811,4584416.376395504,-665.6537769696673,1730.7301834402715,-665.8571474753345,-6.645476838558713,-0.7383296152456409,-6.645403860513763,17470.347063123747,0.0,0.1982440594157468,1.9482726234074998,2244157.3495041556,578.2771319026116
303900.0,4584400.11371639,509442.8538232116,4584349.757453488,-666.318332119628,1730.6563365144407,-666.5216953258754,-6.645626190189746,-0.7386089098779501,-6.645553179836723,17470.347063123747,0.0,0.1982440594157468,1.9482726234074998,2244157.3495041556,578.2771319026116
304000.0,4584333.448654798,509615.91576335294,4584283.0720559405,-666.9829022136115,1730.582461656592,-667.1862581172079,-6.6457757190079665,-0.7388882556294765,-6.645702676341253,17470.347063123747,0.0,0.1982440594157468,1.9482726234074998,2244157.3495041556,578.2771319026116
304100.0,4584266.717135448,509788.9703146117,4584216.320201366,-667.6474872693344,1730.5085588616053,-667.8508358670482,-6.645925424969746,-0.7391676526682892,-6.645852349983707,17470.347063123747,0.0,0.1982440594157468,1.9482726234074998,2244157.3495041556,578.2771319026116
304200.0,4584199.919156844,509962.0174741938,4584149.501888268,-668.3120873045089,1730.4346281243431,-668.5154285931078,-6.646075308030598,-0.739447101164179,-6.64600220071958,17470.347063123747,0.0,0.1982440594157468,1.9482726234074998,2244157.3495041556,578.2771319026116
304300.0,4584133.054717487,510135.05723930494,4584082.617115147,-668.9767023368424,1730.3606694396515,-669.1800363130938,-6.646225368145183,-0.7397266012886828,-6.646152228503512,17470.347063123747,0.0,0.1982440594157468,1.9482726234074998,2244157.3495041556,578.2771319026116
304400.0,4584066.1238158755,510308.08960715,4584015.665880505,-669.6413323840382,1730.2866828023587,-669.8446590447086,-6.6463756052672665,-0.7400061532151048,-6.646302433289246,17470.347063123747,0.0,0.1982440594157468,1.9482726234074998,2244157.3495041556,578.2771319026116
304500.0,4583999.126450509,510481.1145749335,4583948.648182838,-670.3059774637945,1730.2126682072758,-670.5092968056501,-6.64652601934973,-0.7402857571185418,-6.646452815029645,17470.347063123747,0.0,0.1982440594157468,1.9482726234074998,2244157.3495041556,578.2771319026116
304600.0,4583932.062619882,510654.1321398594,4583881.564020643,-670.9706375938052,1730.1386256491965,-671.1739496136114,-6.646676610344559,-0.7405654131759072,-6.646603373676671,17470.347063123747,0.0,0.1982440594157468,1.9482726234074998,2244157.3495041556,578.2771319026116
304700.0,4583864.932322488,510827.1422991311,4583814.413392413,-671.6353127917589,1730.0645551228963,-671.8386174862807,-6.6468273782028024,-0.7408451215659523,-6.646754109181353,17470.347063123747,0.0,0.1982440594157468,1.9482726234074998,2244157.3495041556,578.2771319026116
304800.0,4583797.73555682,511000.1450499515,4583747.196296643,-672.3000030753395,1729.990456623133,-672.5033004413413,-6.646978322874596,-0.7411248824692945,-6.646905021493809,17470.347063123747,0.0,0.1982440594157468,1.9482726234074998,2244157.3495041556,578.2771319026116
304900.0,4583730.47232137,511173.14038952306,4583679.912731822,-672.9647084622259,1729.916330144646,-673.1679984964713,-6.6471294443091224,-0.7414046960684394,-6.647056110563193,17470.347063123747,0.0,0.1982440594157468,1.9482726234074998,2244157.3495041556,578.2771319026116
305000.0,4583663.142614624,511346.12831504765,4583612.562696439,-673.6294289700917,1729.8421756821567,-673.832711669344,-6.647280742454605,-0.7416845625478071,-6.6472073763377155,17470.347063123747,0.0,0.1982440594157468,1.9482726234074998,2244157.3495041556,578.2771319026116
305100.0,4583595.746435071,511519.10882372654,4583545.146188983,-674.2941646166054,1729.7679932303677,-674.4974399776272,-6.647432217258305,-0.7419644820937583,-6.647358818764609,17470.347063123747,0.0,0.1982440594157468,1.9482726234074998,2244157.3495041556,578.2771319026116
305200.0,4583528.283781196,511692.08191276056,4583477.663207938,-674.9589154194301,1729.693782783963,-675.1621834389836,-6.647583868666488,-0.7422444548946191,-6.64751043779012,17470.347063123747,0.0,0.1982440594157468,1.9482726234074998,2244157.3495041556,578.2771319026116
305300.0,4583460.754651481,511865.04757935,4583410.113751789,-675.6236813962237,1729.6195443376073,-675.8269420710701,-6.647735696624423,-0.7425244811407073,-6.6476622333594975,17470.347063123747,0.0,0.1982440594157468,1.9482726234074998,2244157.3495041556,578.2771319026116
305400.0,4583393.15904441,512038.0058206946,4583342.497819017,-676.2884625646382,1729.545277885947,-676.4917158915384,-6.647887701076369,-0.7428045610243599,-6.647814205416972,17470.347063123747,0.0,0.1982440594157468,1.9482726234074998,2244157.3495041556,578.2771319026116
305500.0,4583325.496958462,512210.95663399354,4583274.815408103,-676.9532589423202,1729.470983423608,-677.1565049180346,-6.64803988196555,-0.7430846947399595,-6.64796635390575,17470.347063123747,0.0,0.1982440594157468,1.9482726234074998,2244157.3495041556,578.2771319026116
305600.0,4583257.768392114,512383.9000164455,4583207.066517525,-677.6180705469106,1729.396660945198,-677.8213091681987,-6.648192239234151,-0.7433648824839618,-6.648118678767992,17470.347063123747,0.0,0.1982440594157468,1.9482726234074998,2244157.3495041556,578.2771319026116
305700.0,4583189.973343844,512556.8359652485,4583139.251145761,-678.2828973960444,1729.3223104453036,-678.4861286596653,-6.648344772823292,-0.743645124454923,-6.6482711799447936,17470.347063123747,0.0,0.1982440594157468,1.9482726234074998,2244157.3495041556,578.2771319026116
305800.0,4583122.111812126,512729.7644776003,4583071.369291285,-678.9477395073507,1729.2479319184927,-679.1509634100628,-6.648497482673025,-0.7439254208535289,-6.648423857376182,17470.347063123747,0.0,0.1982440594157468,1.9482726234074998,2244157.3495041556,578.2771319026116
305900.0,4583054.183795433,512902.6855506978,4583003.42095257,-679.6125968984524,1729.173525359312,-679.8158134370136,-6.648650368722309,-0.7442057718826228,-6.648576711001097,17470.347063123747,0.0,0.1982440594157468,1.9482726234074998,2244157.3495041556,578.2771319026116
306000.0,4582986.189292236,513075.5991817375,4582935.406128087,-680.2774695869664,1729.0990907622884,-680.480678758134,-6.648803430908997,-0.7444861777472338,-6.64872974075736,17470.347063123747,0.0,0.1982440594157468,1.9482726234074998,2244157.3495041556,578.2771319026116
306100.0,4582918.128301005,513248.50536791544,4582867.324816307,-680.9423575905033,1729.024628121928,-681.145559391034,-6.648956669169818,-0.7447666386546072,-6.648882946581686,17470.347063123747,0.0,0.1982440594157468,1.9482726234074998,2244157.3495041556,578.2771319026116
306200.0,4582850.0008202065,513421.4041064269,4582799.177015698,-681.6072609266673,1728.9501374327158,-681.8104553533171,-6.649110083440371,-0.745047154814235,-6.649036328409641,17470.347063123747,0.0,0.1982440594157468,1.9482726234074998,2244157.3495041556,578.2771319026116
306300.0,4582781.806848307,513594.29539446684,4582730.962724725,-682.2721796130562,1728.8756186891162,-682.4753666625805,-6.64926367365509,-0.7453277264378835,-6.649189886175639,17470.347063123747,0.0,0.1982440594157468,1.9482726234074998,2244157.3495041556,578.2771319026116
306400.0,4582713.546383771,513767.17922922946,4582662.681941853,-682.937113667261,1728.8010718855721,-683.1402933364146,-6.649417439747252,-0.7456083537396268,-6.649343619812927,17470.347063123747,0.0,0.1982440594157468,1.9482726234074998,2244157.3495041556,578.2771319026116
306500.0,4582645.219425061,513940.05560790846,4582594.334665544,-683.602063106866,1728.726497016505,-683.8052353924032,-6.649571381648929,-0.7458890369358755,-6.649497529253556,17470.347063123747,0.0,0.1982440594157468,1.9482726234074998,2244157.3495041556,578.2771319026116
306600.0,4582576.825970637,514112.92452769703,4582525.9208942605,-684.2670279494488,1728.6518940763144,-684.4701928481231,-6.649725499290998,-0.7461697762454099,-6.649651614428374,17470.347063123747,0.0,0.1982440594157468,1.9482726234074998,2244157.3495041556,578.2771319026116
306700.0,4582508.366018957,514285.7859857878,4582457.440626461,-684.9320082125798,1728.577263059378,-685.1351657211443,-6.64987979260311,-0.746450571889411,-6.64980587526701,17470.347063123747,0.0,0.1982440594157468,1.9482726234074998,2244157.3495041556,578.2771319026116
306800.0,4582439.83956848,514458.63997937285,4582388.893860602,-685.5970039138226,1728.5026039600514,-685.8001540290296,-6.650034261513677,-0.7467314240914938,-6.649960311697848,17470.347063123747,0.0,0.1982440594157468,1.9482726234074998,2244157.3495041556,578.2771319026116
306900.0,4582371.24661766,514631.4865056436,4582320.28059514,-686.2620150707334,1728.427916772667,-686.4651577893345,-6.650188905949856,-0.7470123330777392,-6.650114923648015,17470.347063123747,0.0,0.1982440594157468,1.9482726234074998,2244157.3495041556,578.2771319026116
307000.0,4582302.587164951,514804.3255617909,4582251.600828528,-686.927041700861,1728.3532014915354,-687.1301770196073,-6.650343725837516,-0.7472932990767275,-6.65026971104336,17470.347063123747,0.0,0.1982440594157468,1.9482726234074998,2244157.3495041556,578.2771319026116
307100.0,4582233.861208804,514977.1571450052,4582182.854559219,-687.5920838217468,1728.2784581109436,-687.7952117373889,-6.6504987211012425,-0.7475743223195727,-6.650424673808433,17470.347063123747,0.0,0.1982440594157468,1.9482726234074998,2244157.3495041556,578.2771319026116
307200.0,4582165.068747669,515149.9812524762,4582114.041785664,-688.2571414509246,1728.2036866251556,-688.4602619602122,-6.650653891664297,-0.7478554030399562,-6.650579811866477,17470.347063123747,0.0,0.1982440594157468,1.9482726234074998,2244157.3495041556,578.2771319026116
307300.0,4582096.209779996,515322.79788139317,4582045.16250631,-688.9222146059203,1728.1288870284118,-689.1253277056027,-6.650809237448613,-0.748136541474162,-6.650735125139391,17470.347063123747,0.0,0.1982440594157468,1.9482726234074998,2244157.3495041556,578.2771319026116
307400.0,4582027.2843042305,515495.60702894465,4581976.216719605,-689.5873033042523,1728.054059314929,-689.7904089910779,-6.650964758374775,-0.7484177378611125,-6.650890613547735,17470.347063123747,0.0,0.1982440594157468,1.9482726234074998,2244157.3495041556,578.2771319026116
307500.0,4581958.292318817,515668.4086923187,4581907.204423994,-690.2524075634306,1727.9792034788998,-690.4555058341474,-6.651120454361985,-0.7486989924424027,-6.651046277010682,17470.347063123747,0.0,0.1982440594157468,1.9482726234074998,2244157.3495041556,578.2771319026116
307600.0,4581889.233822199,515841.2028687028,4581838.1256179195,-690.9175274009573,1727.9043195144925,-691.1206182523125,-6.651276325328063,-0.7489803054623376,-6.651202115446022,17470.347063123747,0.0,0.1982440594157468,1.9482726234074998,2244157.3495041556,578.2771319026116
307700.0,4581820.108812816,516013.9895552838,4581768.980299824,-691.582662834326,1727.8294074158512,-691.7857462630662,-6.651432371189409,-0.7492616771679691,-6.651358128770127,17470.347063123747,0.0,0.1982440594157468,1.9482726234074998,2244157.3495041556,578.2771319026116
307800.0,4581750.917289111,516186.76874924795,4581699.768468147,-692.2478138810221,1727.7544671770945,-692.4508898838933,-6.651588591860988,-0.7495431078091317,-6.6515143168979325,17470.347063123747,0.0,0.1982440594157468,1.9482726234074998,2244157.3495041556,578.2771319026116
307900.0,4581681.659249519,516359.540447781,4581630.490121326,-692.9129805585223,1727.6794987923165,-693.1160491322697,-6.65174498725632,-0.7498245976384834,-6.651670679742927,17470.347063123747,0.0,0.1982440594157468,1.9482726234074998,2244157.3495041556,578.2771319026116
308000.0,4581612.334692477,516532.304648068,4581561.145257799,-693.5781628842946,1727.6045022555854,-693.7812240256628,-6.651901557287444,-0.750106146911542,-6.651827217217124,17470.347063123747,0.0,0.1982440594157468,1.9482726234074998,2244157.3495041556,578.2771319026116
308100.0,4581542.94361642,516705.0613472935,4581491.733875999,-694.243360875798,1727.529477560944,-694.4464145815311,-6.652058301864907,-0.7503877558867232,-6.6519839292310365,17470.347063123747,0.0,0.1982440594157468,1.9482726234074998,2244157.3495041556,578.2771319026116
308200.0,4581473.48601978,516877.8105426414,4581422.25597436,-694.9085745504827,1727.4544247024094,-695.111620817324,-6.652215220897728,-0.7506694248253821,-6.6521408156936515,17470.347063123747,0.0,0.1982440594157468,1.9482726234074998,2244157.3495041556,578.2771319026116
308300.0,4581403.961900987,517050.552231295,4581352.711551312,-695.5738039257897,1727.3793436739716,-695.7768427504817,-6.6523723142933875,-0.7509511539918521,-6.652297876512423,17470.347063123747,0.0,0.1982440594157468,1.9482726234074998,2244157.3495041556,578.2771319026116
308400.0,4581334.37125847,517223.28641043697,4581283.100605286,-696.2390490191503,1727.3042344695946,-696.4420803984352,-6.652529581957815,-0.7512329436534864,-6.652455111593246,17470.347063123747,0.0,0.1982440594157468,1.9482726234074998,2244157.3495041556,578.2771319026116
308500.0,4581264.714090658,517396.01307724946,4581213.423134708,-696.904309847987,1727.2290970832155,-697.107333778606,-6.652687023795341,-0.7515147940806982,-6.652612520840422,17470.347063123747,0.0,0.1982440594157468,1.9482726234074998,2244157.3495041556,578.2771319026116
308600.0,4581194.990395976,517568.732228914,4581143.679138005,-697.5695864297119,1727.1539315087439,-697.7726029084056,-6.652844639708692,-0.7517967055470026,-6.652770104156639,17470.347063123747,0.0,0.1982440594157468,1.9482726234074998,2244157.3495041556,578.2771319026116
308700.0,4581125.200172847,517741.4438626114,4581073.868613601,-698.2348787817278,1727.0787377400623,-698.4378878052362,-6.653002429598956,-0.7520786783290598,-6.6529278614429606,17470.347063123747,0.0,0.1982440594157468,1.9482726234074998,2244157.3495041556,578.2771319026116
308800.0,4581055.343419693,517914.14797552204,4581003.991559918,-698.9001869214276,1727.003515771025,-699.1031884864898,-6.653160393365576,-0.7523607127067182,-6.653085792598794,17470.347063123747,0.0,0.1982440594157468,1.9482726234074998,2244157.3495041556,578.2771319026116
308900.0,4580985.4201349355,518086.8445648254,4580934.047975377,-699.5655108661934,1726.9282655954582,-699.7685049695482,-6.653318530906303,-0.7526428089630567,-6.653243897521855,17470.347063123747,0.0,0.1982440594157468,1.9482726234074998,2244157.3495041556,578.2771319026116
309000.0,4580915.430316992,518259.5336277007,4580864.037858397,-700.2308506333978,1726.8529872071601,-700.433837271783,-6.6534768421171915,-0.7529249673844298,-6.653402176108165,17470.347063123747,0.0,0.1982440594157468,1.9482726234074998,2244157.3495041556,578.2771319026116
309100.0,4580845.373964281,518432.2151613262,4580793.9612073945,-700.8962062404024,1726.7776805998997,-701.0991854105552,-6.653635326892562,-0.7532071882605134,-6.65356062825201,17470.347063123747,0.0,0.1982440594157468,1.9482726234074998,2244157.3495041556,578.2771319026116
309200.0,4580775.251075216,518604.88916287984,4580723.818020786,-701.5615777045583,1726.7023457674165,-701.764549403215,-6.653793985124975,-0.7534894718843477,-6.653719253845919,17470.347063123747,0.0,0.1982440594157468,1.9482726234074998,2244157.3495041556,578.2771319026116
309300.0,4580705.0616482105,518777.55562953866,4580653.608296985,-702.2269650432057,1726.6269827034214,-702.4299292671024,-6.65395281670522,-0.7537718185523874,-6.6538780527806445,17470.347063123747,0.0,0.1982440594157468,1.9482726234074998,2244157.3495041556,578.2771319026116
309400.0,4580634.805681678,518950.21455847926,4580583.3320344025,-702.8923682736739,1726.5515914015946,-703.0953250195455,-6.654111821522269,-0.7540542285645436,-6.654037024945121,17470.347063123747,0.0,0.1982440594157468,1.9482726234074998,2244157.3495041556,578.2771319026116
309500.0,4580564.483174026,519122.8659468775,4580512.9892314505,-703.557787413281,1726.4761718555867,-703.7607366778619,-6.654270999463269,-0.7543367022242365,-6.654196170226467,17470.347063123747,0.0,0.1982440594157468,1.9482726234074998,2244157.3495041556,578.2771319026116
309600.0,4580494.094123664,519295.50979190867,4580442.579886536,-704.2232224793336,1726.4007240590179,-704.4261642593575,-6.654430350413494,-0.7546192398384387,-6.654355488509913,17470.347063123747,0.0,0.1982440594157468,1.9482726234074998,2244157.3495041556,578.2771319026116
309700.0,4580423.638528999,519468.1460907474,4580372.103998067,-704.8886734891267,1726.3252480054769,-705.0916077813267,-6.6545898742563505,-0.7549018417177291,-6.654514979678833,17470.347063123747,0.0,0.1982440594157468,1.9482726234074998,2244157.3495041556,578.2771319026116
309800.0,4580353.116388435,519640.7748405676,4580301.561564447,-705.5541404599439,1726.2497436885217,-705.7570672610522,-6.654749570873314,-0.7551845081763383,-6.654674643614664,17470.347063123747,0.0,0.1982440594157468,1.9482726234074998,2244157.3495041556,578.2771319026116
309900.0,4580282.527700374,519813.39603854273,4580230.952584081,-706.2196234090566,1726.1742111016783,-706.4225427158045,-6.654909440143913,-0.7554672395322003,-6.654834480196899,17470.347063123747,0.0,0.1982440594157468,1.9482726234074998,2244157.3495041556,578.2771319026116
310000.0,4580211.872463219,519986.00968184543,4580160.277055371,-706.8851223537238,1726.0986502384412,-707.0880341628423,-6.6550694819457235,-0.7557500361070052,-6.654994489303073,17470.347063123747,0.0,0.1982440594157468,1.9482726234074998,2244157.3495041556,578.2771319026116
310100.0,4580141.150675369,520158.6157676477,4580089.534976715,-707.5506373111925,1726.0230610922722,-707.7535416194117,-6.655229696154298,-0.7560328982262481,-6.655154670808704,17470.347063123747,0.0,0.1982440594157468,1.9482726234074998,2244157.3495041556,578.2771319026116
310200.0,4580070.362335223,520331.2142931209,4580018.726346512,-708.2161682986973,1725.9474436566002,-708.4190651027465,-6.65539008264317,-0.7563158262192842,-6.655315024587284,17470.347063123747,0.0,0.1982440594157468,1.9482726234074998,2244157.3495041556,578.2771319026116
310300.0,4579999.507441175,520503.8052554358,4579947.851163159,-708.8817153334596,1725.8717979248213,-709.0846046300674,-6.655550641283818,-0.7565988204193814,-6.655475550510252,17470.347063123747,0.0,0.1982440594157468,1.9482726234074998,2244157.3495041556,578.2771319026116
310400.0,4579928.585991621,520676.38865176245,4579876.909425051,-709.5472784326881,1725.796123890298,-709.7501602185823,-6.655711371945616,-0.7568818811637728,-6.655636248446946,17470.347063123747,0.0,0.1982440594157468,1.9482726234074998,2244157.3495041556,578.2771319026116
310500.0,4579857.597984953,520848.9644792702,4579805.901130579,-710.2128576135783,1725.720421546359,-710.4157318854861,-6.655872274495829,-0.7571650087937141,-6.655797118264587,17470.347063123747,0.0,0.1982440594157468,1.9482726234074998,2244157.3495041556,578.2771319026116
310600.0,4579786.543419561,521021.53273512784,4579734.826278137,-710.8784528933123,1725.6446908862981,-711.0813196479602,-6.656033348799569,-0.7574482036545379,-6.655958159828248,17470.347063123747,0.0,0.1982440594157468,1.9482726234074998,2244157.3495041556,578.2771319026116
310700.0,4579715.422293836,521194.0934165034,4579663.684866113,-711.5440642890587,1725.5689319033752,-711.7469235231721,-6.656194594719755,-0.7577314660957096,-6.656119373000809,17470.347063123747,0.0,0.1982440594157468,1.9482726234074998,2244157.3495041556,578.2771319026116
310800.0,4579644.234606165,521366.6465205642,4579592.476892894,-712.2096918179722,1725.4931445908144,-712.4125435282759,-6.656356012117095,-0.7580147964708851,-6.65628075764293,17470.347063123747,0.0,0.1982440594157468,1.9482726234074998,2244157.3495041556,578.2771319026116
310900.0,4579572.980354934,521539.19204447704,4579521.202356868,-712.8753354971933,1725.4173289418045,-713.0781796804116,-6.656517600850048,-0.7582981951379706,-6.656442313613038,17470.347063123747,0.0,0.1982440594157468,1.9482726234074998,2244157.3495041556,578.2771319026116
311000.0,4579501.659538527,521711.72998540784,4579449.86125642,-713.5409953438485,1725.3414849494982,-713.7438319967047,-6.656679360774794,-0.7585816624591787,-6.65660404076726,17470.347063123747,0.0,0.1982440594157468,1.9482726234074998,2244157.3495041556,578.2771319026116
311100.0,4579430.272155326,521884.2603405219,4579378.45358993,-714.2066713750497,1725.265612607012,-714.4095004942664,-6.656841291745196,-0.7588651988010913,-6.656765938959424,17470.347063123747,0.0,0.1982440594157468,1.9482726234074998,2244157.3495041556,578.2771319026116
311200.0,4579358.818203712,522056.783106984,4579306.979355781,-714.8723636078942,1725.189711907425,-715.0751851901929,-6.657003393612761,-0.7591488045347167,-6.656928008040988,17470.347063123747,0.0,0.1982440594157468,1.9482726234074998,2244157.3495041556,578.2771319026116
311300.0,4579287.297682064,522229.2982819579,4579235.438552352,-715.5380720594638,1725.1137828437793,-715.7408861015658,-6.657165666226623,-0.7594324800355552,-6.657090247861045,17470.347063123747,0.0,0.1982440594157468,1.9482726234074998,2244157.3495041556,578.2771319026116
311400.0,4579215.710588759,522401.805862607,4579163.83117802,-716.2037967468259,1725.0378254090795,-716.4066032454513,-6.657328109433487,-0.7597162256836576,-6.657252658266252,17470.347063123747,0.0,0.1982440594157468,1.9482726234074998,2244157.3495041556,578.2771319026116
311500.0,4579144.056922172,522574.3058460938,4579092.157231161,-716.8695376870318,1724.9618395962914,-717.0723366389001,-6.657490723077605,-0.7600000418636921,-6.657415239100823,17470.347063123747,0.0,0.1982440594157468,1.9482726234074998,2244157.3495041556,578.2771319026116
311600.0,4579072.336680679,522746.7982295801,4579020.41671015,-717.5352948971174,1724.8858253983426,-717.7380862989472,-6.6576535070007505,-0.7602839289650067,-6.657577990206476,17470.347063123747,0.0,0.1982440594157468,1.9482726234074998,2244157.3495041556,578.2771319026116
311700.0,4579000.54986265,522919.2830102271,4578948.609613359,-718.2010683941025,1724.8097828081213,-718.4038522426117,-6.6578164610421435,-0.7605678873816937,-6.65774091142239,17470.347063123747,0.0,0.1982440594157468,1.9482726234074998,2244157.3495041556,578.2771319026116
311800.0,4578928.696466457,523091.7601851951,4578876.735939158,-718.866858194991,1724.733711818476,-719.0696344868966,-6.657979585038461,-0.7608519175126585,-6.6579040025851945,17470.347063123747,0.0,0.1982440594157468,1.9482726234074998,2244157.3495041556,578.2771319026116
311900.0,4578856.776490468,523264.22975164384,4578804.795685917,-719.5326643167699,1724.657612422215,-719.7354330487881,-6.658142878823767,-0.7611360197616842,-6.658067263528905,17470.347063123747,0.0,0.1982440594157468,1.9482726234074998,2244157.3495041556,578.2771319026116
312000.0,4578784.789933049,523436.6917067324,4578732.788852003,-720.1984867764098,1724.5814846121061,-720.401247945256,-6.6583063422294755,-0.7614201945375005,-6.658230694084891,17470.347063123747,0.0,0.1982440594157468,1.9482726234074998,2244157.3495041556,578.2771319026116
312100.0,4578712.736792567,523609.1460476189,4578660.715435782,-720.8643255908642,1724.505328380876,-721.0670791932531,-6.6584699750843415,-0.7617044422538549,-6.658394294081854,17470.347063123747,0.0,0.1982440594157468,1.9482726234074998,2244157.3495041556,578.2771319026116
312200.0,4578640.617067385,523781.59277146094,4578588.575435619,-721.5301807770692,1724.42914372121,-721.7329268097146,-6.6586337772143835,-0.7619887633295794,-6.658558063345766,17470.347063123747,0.0,0.1982440594157468,1.9482726234074998,2244157.3495041556,578.2771319026116
312300.0,4578568.430755866,523954.0318754153,4578516.3688498745,-722.1960523519436,1724.3529306257508,-722.3987908115586,-6.658797748442854,-0.762273158188664,-6.658722001699832,17470.347063123747,0.0,0.1982440594157468,1.9482726234074998,2244157.3495041556,578.2771319026116
312400.0,4578496.177856368,524126.463356638,4578444.09567691,-722.8619403323884,1724.2766890870985,-723.0646712156849,-6.658961888590215,-0.7625576272603276,-6.6588861089644595,17470.347063123747,0.0,0.1982440594157468,1.9482726234074998,2244157.3495041556,578.2771319026116
312500.0,4578423.858367251,524298.8872122844,4578371.755915084,-723.5278447352862,1724.2004190978105,-723.7305680389758,-6.659126197474085,-0.7628421709790937,-6.659050384957216,17470.347063123747,0.0,0.1982440594157468,1.9482726234074998,2244157.3495041556,578.2771319026116
312600.0,4578351.472286873,524471.303439509,4578299.349562754,-724.1937655775015,1724.1241206503998,-724.3964812982945,-6.659290674909189,-0.7631267897848615,-6.659214829492777,17470.347063123747,0.0,0.1982440594157468,1.9482726234074998,2244157.3495041556,578.2771319026116
312700.0,4578279.019613587,524643.7120354656,4578226.876618275,-724.8597028758801,1724.0477937373357,-725.0624110104861,-6.659455320707332,-0.7634114841229833,-6.659379442382893,17470.347063123747,0.0,0.1982440594157468,1.9482726234074998,2244157.3495041556,578.2771319026116
312800.0,4578206.500345749,524816.1129973073,4578154.337080003,-725.5256566472486,1723.9714383510425,-725.7283571923765,-6.659620134677337,-0.7636962544443406,-6.6595442234363365,17470.347063123747,0.0,0.1982440594157468,1.9482726234074998,2244157.3495041556,578.2771319026116
312900.0,4578133.914481709,524988.5063221864,4578081.7309462875,-726.1916269084147,1723.895054483899,-726.3943198607724,-6.659785116625021,-0.7639811012054224,-6.659709172458865,17470.347063123747,0.0,0.1982440594157468,1.9482726234074998,2244157.3495041556,578.2771319026116
313000.0,4578061.262019817,525160.8920072545,4578009.05821548,-726.8576136761662,1723.818642128238,-727.0602990324608,-6.659950266353137,-0.7642660248684039,-6.659874289253189,17470.347063123747,0.0,0.1982440594157468,1.9482726234074998,2244157.3495041556,578.2771319026116
313100.0,4577988.542958423,525333.2700496622,4577936.31888593,-727.5236169672713,1723.7422012763463,-727.7262947242087,-6.660115583661328,-0.7645510259012236,-6.660039573618883,17470.347063123747,0.0,0.1982440594157468,1.9482726234074998,2244157.3495041556,578.2771319026116
313200.0,4577915.757295872,525505.6404465596,4577863.512955984,-728.1896367984777,1723.665731920463,-728.3923069527634,-6.660281068346093,-0.7648361047776703,-6.660205025352398,17470.347063123747,0.0,0.1982440594157468,1.9482726234074998,2244157.3495041556,578.2771319026116
313300.0,4577842.905030511,525678.0031950959,4577790.640423988,-728.8556731865128,1723.58923405278,-729.0583357348512,-6.660446720200714,-0.7651212619774588,-6.660370644246959,17470.347063123747,0.0,0.1982440594157468,1.9482726234074998,2244157.3495041556,578.2771319026116
313400.0,4577769.9861606825,525850.3582924196,4577717.701288285,-729.5217261480832,1723.5127076654408,-729.7243810871778,-6.660612539015253,-0.7654064979863202,-6.66053643009257,17470.347063123747,0.0,0.1982440594157468,1.9482726234074998,2244157.3495041556,578.2771319026116
313500.0,4577697.000684729,526022.7057356781,4577644.6955472175,-730.1877956998741,1723.4361527505396,-730.3904430264276,-6.660778524576449,-0.76569181329608,-6.660702382675909,17470.347063123747,0.0,0.1982440594157468,1.9482726234074998,2244157.3495041556,578.2771319026116
313600.0,4577623.94860099,526195.0455220185,4577571.623199126,-730.8538818585495,1723.3595693001216,-731.0565215692637,-6.660944676667721,-0.7659772084047503,-6.6608685017803415,17470.347063123747,0.0,0.1982440594157468,1.9482726234074998,2244157.3495041556,578.2771319026116
313700.0,4577550.829907804,526367.3776485866,4577498.484242349,-731.5199846407513,1723.282957306182,-731.7226167323271,-6.6611109950690714,-0.7662626838166116,-6.661034787185809,17470.347063123747,0.0,0.1982440594157468,1.9482726234074998,2244157.3495041556,578.2771319026116
313800.0,4577477.644603508,526539.7021125279,4577425.278675225,-732.1861040630995,1723.2063167606645,-732.3887285322368,-6.661277479557075,-0.766548240042306,-6.6612012386688235,17470.347063123747,0.0,0.1982440594157468,1.9482726234074998,2244157.3495041556,578.2771319026116
313900.0,4577404.392686436,526712.0189109867,4577352.006496088,-732.8522401421914,1723.1296476554623,-733.0548569855891,-6.6614441299048,-0.7668338775989246,-6.661367856002398,17470.347063123747,0.0,0.1982440594157468,1.9482726234074998,2244157.3495041556,578.2771319026116
314000.0,4577331.074154923,526884.3280411067,4577278.667703272,-733.5183928946014,1723.0529499824163,-733.7210021089579,-6.661610945881778,-0.7671195970100997,-6.661534638955997,17470.347063123747,0.0,0.1982440594157468,1.9482726234074998,2244157.3495041556,578.2771319026116
314100.0,4577257.6890073,527056.6295000307,4577205.262295109,-734.184562336881,1722.9762237333143,-734.3871639188933,-6.6617779272539215,-0.767405398806096,-6.661701587295473,17470.347063123747,0.0,0.1982440594157468,1.9482726234074998,2244157.3495041556,578.2771319026116
314200.0,4577184.237241898,527228.9232849006,4577131.790269931,-734.8507484855576,1722.8994688998912,-735.053342431922,-6.661945073783505,-0.7676912835239071,-6.661868700783037,17470.347063123747,0.0,0.1982440594157468,1.9482726234074998,2244157.3495041556,578.2771319026116
314300.0,4577110.718857045,527401.2093928576,4577058.251626065,-735.5169513571349,1722.8226854738275,-735.7195376645468,-6.662112385229082,-0.7679772517073481,-6.662035979177179,17470.347063123747,0.0,0.1982440594157468,1.9482726234074998,2244157.3495041556,578.2771319026116
314400.0,4577037.133851069,527573.4878210421,4576984.64636184,-736.1831709680923,1722.7458734467493,-736.3857496332462,-6.662279861345449,-0.7682633039071549,-6.66220342223263,17470.347063123747,0.0,0.1982440594157468,1.9482726234074998,2244157.3495041556,578.2771319026116
314500.0,4576963.4822222935,527745.7585665934,4576910.97447558,-736.8494073348846,1722.669032810227,-737.0519783544738,-6.662447501883576,-0.7685494406810803,-6.662371029700294,17470.347063123747,0.0,0.1982440594157468,1.9482726234074998,2244157.3495041556,578.2771319026116
314600.0,4576889.763969043,527918.0216266502,4576837.2359656105,-737.5156604739414,1722.5921635557752,-737.7182238446583,-6.662615306590547,-0.7688356625939945,-6.662538801327193,17470.347063123747,0.0,0.1982440594157468,1.9482726234074998,2244157.3495041556,578.2771319026116
314700.0,4576815.979089639,528090.2769983504,4576763.430830252,-738.1819304016665,1722.5152656748512,-738.3844861202027,-6.662783275209528,-0.7691219702179873,-6.662706736856418,17470.347063123747,0.0,0.1982440594157468,1.9482726234074998,2244157.3495041556,578.2771319026116
314800.0,4576742.127582403,528262.5246788308,4576689.559067827,-738.8482171344383,1722.4383391588551,-739.0507651974843,-6.662951407479674,-0.7694083641324692,-6.66287483602706,17470.347063123747,0.0,0.1982440594157468,1.9482726234074998,2244157.3495041556,578.2771319026116
314900.0,4576668.209445652,528434.7646652274,4576615.6206766525,-739.5145206886086,1722.3613839991287,-739.717061092854,-6.663119703136092,-0.7696948449242769,-6.6630430985741596,17470.347063123747,0.0,0.1982440594157468,1.9482726234074998,2244157.3495041556,578.2771319026116
315000.0,4576594.224677703,528606.9969546755,4576541.615655047,-740.1808410805028,1722.2844001869546,-740.383373822636,-6.663288161909769,-0.769981413187777,-6.663211524228629,17470.347063123747,0.0,0.1982440594157468,1.9482726234074998,2244157.3495041556,578.2771319026116
315100.0,4576520.173276873,528779.2215443094,4576467.544001326,-740.8471783264188,1722.2073877135554,-741.0497034031275,-6.663456783527514,-0.7702680695249758,-6.663380112717209,17470.347063123747,0.0,0.1982440594157468,1.9482726234074998,2244157.3495041556,578.2771319026116
315200.0,4576446.055241476,528951.4384312625,4576393.405713804,-741.5135324426271,1722.1303465700935,-741.716049850598,-6.663625567711894,-0.7705548145456262,-6.663548863762393,17470.347063123747,0.0,0.1982440594157468,1.9482726234074998,2244157.3495041556,578.2771319026116
315300.0,4576371.870569822,529123.6476126674,4576319.200790794,-742.1799034453707,1722.0532767476695,-742.3824131812892,-6.663794514181174,-0.7708416488673395,-6.663717777082376,17470.347063123747,0.0,0.1982440594157468,1.9482726234074998,2244157.3495041556,578.2771319026116
315400.0,4576297.619260224,529295.8490856558,4576244.929230605,-742.8462913508633,1721.9761782373223,-743.0487934114142,-6.663963622649249,-0.7711285731156976,-6.663886852390979,17470.347063123747,0.0,0.1982440594157468,1.9482726234074998,2244157.3495041556,578.2771319026116
315500.0,4576223.301310988,529468.0428473583,4576170.591031548,-743.5126961752908,1721.8990510300275,-743.7151905571574,-6.664132892825584,-0.7714155879243663,-6.664056089397589,17470.347063123747,0.0,0.1982440594157468,1.9482726234074998,2244157.3495041556,578.2771319026116
315600.0,4576148.916720424,529640.2288949048,4576096.1861919295,-744.1791179348089,1721.8218951166973,-744.3816046346739,-6.664302324415131,-0.7717026939352097,-6.664225487807088,17470.347063123747,0.0,0.1982440594157468,1.9482726234074998,2244157.3495041556,578.2771319026116
315700.0,4576074.465486837,529812.4072254244,4576021.714710056,-744.8455566455442,1721.7447104881787,-745.0480356600889,-6.664471917118288,-0.7719898917984106,-6.66439504731979,17470.347063123747,0.0,0.1982440594157468,1.9482726234074998,2244157.3495041556,578.2771319026116
315800.0,4575999.94760853,529984.577836045,4575947.176584232,-745.5120123235929,1721.6674971352538,-745.7144836494978,-6.664641670630798,-0.772277182172586,-6.664564767631369,17470.347063123747,0.0,0.1982440594157468,1.9482726234074998,2244157.3495041556,578.2771319026116
315900.0,4575925.363083806,530156.7407238936,4575872.57181276,-746.1784849850204,1721.5902550486383,-746.3809486189649,-6.664811584643706,-0.7725645657249105,-6.664734648432787,17470.347063123747,0.0,0.1982440594157468,1.9482726234074998,2244157.3495041556,578.2771319026116
316000.0,4575850.711910966,530328.8958860965,4575797.900393941,-746.8449746458612,1721.5129842189804,-747.0474305845236,-6.664981658843281,-0.7728520431312379,-6.664904689410233,17470.347063123747,0.0,0.1982440594157468,1.9482726234074998,2244157.3495041556,578.2771319026116
316100.0,4575775.994088309,530501.043319779,4575723.162326076,-747.511481322118,1721.4356846368607,-747.7139295621755,-6.665151892910936,-0.7731396150762255,-6.66507489024504,17470.347063123747,0.0,0.1982440594157468,1.9482726234074998,2244157.3495041556,578.2771319026116
316200.0,4575701.209614133,530673.1830220652,4575648.3576074615,-748.1780050297615,1721.3583562927909,-748.3804455678903,-6.665322286523164,-0.773427282253461,-6.66524525061362,17470.347063123747,0.0,0.1982440594157468,1.9482726234074998,2244157.3495041556,578.2771319026116
316300.0,4575626.358486735,530845.3149900786,4575573.486236394,-748.8445457847298,1721.2809991772124,-749.0469786176051,-6.665492839351451,-0.773715045365589,-6.665415770187376,17470.347063123747,0.0,0.1982440594157468,1.9482726234074998,2244157.3495041556,578.2771319026116
316400.0,4575551.440704408,531017.4392209413,4575498.548211169,-749.5111036029278,1721.2036132804963,-749.7135287272235,-6.665663551062222,-0.7740029051244445,-6.665586448632649,17470.347063123747,0.0,0.1982440594157468,1.9482726234074998,2244157.3495041556,578.2771319026116
316500.0,4575476.456265446,531189.555711775,4575423.54353008,-750.177678500227,1721.1261985929418,-750.3800959126161,-6.665834421316737,-0.7742908622511814,-6.665757285610614,17470.347063123747,0.0,0.1982440594157468,1.9482726234074998,2244157.3495041556,578.2771319026116
316600.0,4575401.405168138,531361.6644596999,4575348.472191417,-750.8442704924645,1721.048755104776,-751.0466801896187,-6.666005449771046,-0.7745789174764094,-6.665928280777237,17470.347063123747,0.0,0.1982440594157468,1.9482726234074998,2244157.3495041556,578.2771319026116
316700.0,4575326.287410777,531533.7654618355,4575273.334193471,-751.5108795954429,1720.971282806152,-751.7132815740329,-6.666176636075875,-0.774867071540327,-6.666099433783154,17470.347063123747,0.0,0.1982440594157468,1.9482726234074998,2244157.3495041556,578.2771319026116
316800.0,4575251.102991649,531705.8587153004,4575198.12953453,-752.1775058249295,1720.8937816871485,-752.3799000816248,-6.666347979876579,-0.7751553251928636,-6.666270744273634,17470.347063123747,0.0,0.1982440594157468,1.9482726234074998,2244157.3495041556,578.2771319026116
316900.0,4575175.8519090405,531877.944217212,4575122.858212883,-752.8441491966561,1720.8162517377687,-753.046535728125,-6.666519480813022,-0.775443679193815,-6.666442211888452,17470.347063123747,0.0,0.1982440594157468,1.9482726234074998,2244157.3495041556,578.2771319026116
317000.0,4575100.534161237,532050.0219646867,4575047.520226813,-753.5108097263178,1720.7386929479392,-753.7131885292278,-6.666691138519535,-0.7757321343129898,-6.6666138362618454,17470.347063123747,0.0,0.1982440594157468,1.9482726234074998,2244157.3495041556,578.2771319026116
317100.0,4575025.149746522,532222.0919548399,4574972.115574605,-754.1774874295733,1720.6611053075094,-754.3798585005903,-6.666862952624814,-0.7760206913303531,-6.666785617022421,17470.347063123747,0.0,0.1982440594157468,1.9482726234074998,2244157.3495041556,578.2771319026116
317200.0,4574949.698663178,532394.1541847861,4574896.64425454,-754.8441823220435,1720.5834888062502,-755.0465456578326,-6.667034922751814,-0.7763093510361695,-6.666957553793039,17470.347063123747,0.0,0.1982440594157468,1.9482726234074998,2244157.3495041556,578.2771319026116
317300.0,4574874.180909485,532566.2086516388,4574821.1062648995,-755.5108944193116,1720.5058434338525,-755.7132500165364,-6.667207048517705,-0.7765981142311573,-6.667129646190777,17470.347063123747,0.0,0.1982440594157468,1.9482726234074998,2244157.3495041556,578.2771319026116
317400.0,4574798.5964837205,532738.2553525103,4574745.501603963,-756.1776237369221,1720.4281691799272,-756.3799715922453,-6.66737932953375,-0.776886981726636,-6.667301893826802,17470.347063123747,0.0,0.1982440594157468,1.9482726234074998,2244157.3495041556,578.2771319026116
317500.0,4574722.9453841625,532910.2942845117,4574669.830270007,-756.8443702903802,1720.3504660340031,-757.0467104004632,-6.667551765405223,-0.7771759543446798,-6.667474296306291,17470.347063123747,0.0,0.1982440594157468,1.9482726234074998,2244157.3495041556,578.2771319026116
317600.0,4574647.227609087,533082.3254447536,4574594.092261308,-757.5111340951516,1720.2727339855264,-757.7134664566546,-6.6677243557313375,-0.7774650329182768,-6.667646853228358,17470.347063123747,0.0,0.1982440594157468,1.9482726234074998,2244157.3495041556,578.2771319026116
317700.0,4574571.443156768,533254.3488303451,4574518.28757614,-758.1779151666615,1720.1949730238596,-758.3802397762433,-6.667897100105118,-0.7777542182914811,-6.667819564185929,17470.347063123747,0.0,0.1982440594157468,1.9482726234074998,2244157.3495041556,578.2771319026116
317800.0,4574495.592025477,533426.3644383943,4574442.416212777,-758.8447135202939,1720.1171831382796,-759.0470303746125,-6.668069998113333,-0.7780435113195773,-6.6679924287656736,17470.347063123747,0.0,0.1982440594157468,1.9482726234074998,2244157.3495041556,578.2771319026116
317900.0,4574419.674213487,533598.3722660083,4574366.478169489,-759.5115291713913,1720.0393643179782,-759.7138382671033,-6.668243049336404,-0.7783329128692441,-6.66816544654791,17470.347063123747,0.0,0.1982440594157468,1.9482726234074998,2244157.3495041556,578.2771319026116
318000.0,4574343.689719066,533770.372310293,4574290.473444547,-760.1783621352541,1719.9615165520593,-760.3806634690146,-6.668416253348281,-0.778622423818716,-6.668338617106486,17470.347063123747,0.0,0.1982440594157468,1.9482726234074998,2244157.3495041556,578.2771319026116
318100.0,4574267.638540482,533942.3645683534,4574214.402036218,-760.8452124271396,1719.8836398295382,-761.0475059956027,-6.668589609716383,-0.7789120450579554,-6.668511940008713,17470.347063123747,0.0,0.1982440594157468,1.9482726234074998,2244157.3495041556,578.2771319026116
318200.0,4574191.520676002,534114.3490372932,4574138.26394277,-761.5120800622614,1719.8057341393412,-761.7143658620798,-6.668763118001457,-0.7792017774888186,-6.668685414815234,17470.347063123747,0.0,0.1982440594157468,1.9482726234074998,2244157.3495041556,578.2771319026116
318300.0,4574115.336123891,534286.3257142153,4574062.059162467,-762.1789650557889,1719.7277994703036,-762.3812430836143,-6.6689367777575,-0.7794916220252305,-6.668859041079936,17470.347063123747,0.0,0.1982440594157468,1.9482726234074998,2244157.3495041556,578.2771319026116
318400.0,4574039.084882412,534458.294596221,4573985.787693574,-762.8458674228468,1719.6498358111685,-763.0481376753294,-6.669110588531658,-0.7797815795933624,-6.669032818349861,17470.347063123747,0.0,0.1982440594157468,1.9482726234074998,2244157.3495041556,578.2771319026116
318500.0,4573962.766949827,534630.2556804108,4573909.449534353,-763.5127871785139,1719.571843150586,-763.7150496523025,-6.669284549864114,-0.7800716511318065,-6.669206746165076,17470.347063123747,0.0,0.1982440594157468,1.9482726234074998,2244157.3495041556,578.2771319026116
318600.0,4573886.382324396,534802.2089638839,4573833.044683063,-764.1797243378227,1719.4938214771114,-764.381979029565,-6.6694586612879805,-0.7803618375917599,-6.669380824058586,17470.347063123747,0.0,0.1982440594157468,1.9482726234074998,2244157.3495041556,578.2771319026116
318700.0,4573809.931004378,534974.1544437386,4573756.573137966,-764.8466789157587,1719.4157707792046,-765.048925822101,-6.669632922329199,-0.7806521399372058,-6.669555051556215,17470.347063123747,0.0,0.1982440594157468,1.9482726234074998,2244157.3495041556,578.2771319026116
318800.0,4573733.412988031,535146.0921170719,4573680.034897318,-765.5136509272597,1719.3376910452284,-765.7158900448469,-6.669807332506413,-0.780942559145101,-6.669729428176498,17470.347063123747,0.0,0.1982440594157468,1.9482726234074998,2244157.3495041556,578.2771319026116
318900.0,4573656.828273611,535318.0219809794,4573603.429959375,-766.1806403872149,1719.259582263447,-766.3828717126906,-6.669981891330889,-0.781233096205566,-6.669903953430573,17470.347063123747,0.0,0.1982440594157468,1.9482726234074998,2244157.3495041556,578.2771319026116
319000.0,4573580.176859372,535489.9440325558,4573526.7583223935,-766.8476473104643,1719.1814444220254,-767.0498708404709,-6.670156598306374,-0.781523752122077,-6.670078626822081,17470.347063123747,0.0,0.1982440594157468,1.9482726234074998,2244157.3495041556,578.2771319026116
319100.0,4573503.458743567,535661.8582688946,4573450.019984625,-767.5146717117977,1719.1032775090268,-767.7168874429763,-6.670331452928976,-0.7818145279116582,-6.6702534478470055,17470.347063123747,0.0,0.1982440594157468,1.9482726234074998,2244157.3495041556,578.2771319026116
319200.0,4573426.673924447,535833.7646870881,4573373.214944323,-768.1817136059545,1719.025081512413,-768.3839215349444,-6.670506454687096,-0.7821054246050851,-6.670428415993623,17470.347063123747,0.0,0.1982440594157468,1.9482726234074998,2244157.3495041556,578.2771319026116
319300.0,4573349.822400263,536005.6632842273,4573296.3431997355,-768.8487730076223,1718.946856420041,-769.0509731310617,-6.670681603061241,-0.7823964432470804,-6.670603530742325,17470.347063123747,0.0,0.1982440594157468,1.9482726234074998,2244157.3495041556,578.2771319026116
319400.0,4573272.904169261,536177.5540574018,4573219.404749113,-769.5158499314364,1718.8686022196634,-769.718042245962,-6.670856897523953,-0.7826875848965209,-6.670778791565522,17470.347063123747,0.0,0.1982440594157468,1.9482726234074998,2244157.3495041556,578.2771319026116
319500.0,4573195.919229692,536349.4370037005,4573142.399590703,-770.1829443919788,1718.7903188989258,-770.3851288942261,-6.671032337539679,-0.7829788506266456,-6.670954197927538,17470.347063123747,0.0,0.1982440594157468,1.9482726234074998,2244157.3495041556,578.2771319026116
319600.0,4573118.867579798,536521.3121202106,4573065.32772275,-770.8500564037779,1718.712006445366,-771.0522330903807,-6.6712079225646175,-0.7832702415252621,-6.671129749284443,17470.347063123747,0.0,0.1982440594157468,1.9482726234074998,2244157.3495041556,578.2771319026116
319700.0,4573041.749217825,536693.1794040181,4572988.189143499,-771.517185981307,1718.6336648464119,-771.7193548488978,-6.671383652046633,-0.7835617586949655,-6.671305445083971,17470.347063123747,0.0,0.1982440594157468,1.9482726234074998,2244157.3495041556,578.2771319026116
319800.0,4572964.564142016,536865.038852208,4572910.983851194,-772.1843331389838,1718.5552940893808,-772.3864941841936,-6.671559525425101,-0.7838534032533518,-6.671481284765365,17470.347063123747,0.0,0.1982440594157468,1.9482726234074998,2244157.3495041556,578.2771319026116
319900.0,4572887.312350611,537036.8904618636,4572833.711844076,-772.8514978911696,1718.4768941614773,-773.0536511106279,-6.67173554213078,-0.7841451763332385,-6.6716572677592545,17470.347063123747,0.0,0.1982440594157468,1.9482726234074998,2244157.3495041556,578.2771319026116
320000.0,4572809.993841851,537208.7342300675,4572756.373120385,-773.5186802521683,1718.3984650497919,-773.7208256425032,-6.671911701585699,-0.7844370790828903,-6.671833393487524,17470.347063123747,0.0,0.1982440594157468,1.9482726234074998,2244157.3495041556,578.2771319026116
320100.0,4572732.6086139735,537380.5701539004,4572678.967678361,-774.1858802362256,1718.3200067412995,-774.3880177940637,-6.672088003202986,-0.784729112666243,-6.672009661363174,17470.347063123747,0.0,0.1982440594157468,1.9482726234074998,2244157.3495041556,578.2771319026116
320200.0,4572655.156665216,537552.3982304421,4572601.495516239,-774.8530978575278,1718.2415192228582,-775.0552275794943,-6.672264446386774,-0.7850212782631371,-6.672186070790197,17470.347063123747,0.0,0.1982440594157468,1.9482726234074998,2244157.3495041556,578.2771319026116
320300.0,4572577.637993814,537724.2184567709,4572523.9566322565,-775.5203331302016,1718.1630024812066,-775.7224550129199,-6.672441030532038,-0.7853135770695502,-6.672362621163423,17470.347063123747,0.0,0.1982440594157468,1.9482726234074998,2244157.3495041556,578.2771319026116
320400.0,4572500.052598001,537896.0308299637,4572446.351024647,-776.1875860683125,1718.0844565029636,-776.3897001084047,-6.672617755024444,-0.7856060102978338,-6.672539311868377,17470.347063123747,0.0,0.1982440594157468,1.9482726234074998,2244157.3495041556,578.2771319026116
320500.0,4572422.400476011,538067.8353470964,4572368.678691645,-776.854856685864,1718.0058812746254,-777.0569628799506,-6.672794619240236,-0.7858985791769569,-6.67271614228116,17470.347063123747,0.0,0.1982440594157468,1.9482726234074998,2244157.3495041556,578.2771319026116
320600.0,4572344.681626075,538239.6320052432,4572290.939631482,-777.5221449967969,1717.9272767825648,-777.7242433414967,-6.672971622546065,-0.7861912849527496,-6.672893111768276,17470.347063123747,0.0,0.1982440594157468,1.9482726234074998,2244157.3495041556,578.2771319026116
320700.0,4572266.896046422,538411.420801477,4572213.133842387,-778.1894510149881,1717.8486430130295,-778.3915415069185,-6.673148764298851,-0.7864841288881507,-6.673070219686493,17470.347063123747,0.0,0.1982440594157468,1.9482726234074998,2244157.3495041556,578.2771319026116
320800.0,4572189.043735282,538583.2017328695,4572135.2613225905,-778.8567747542497,1717.7699799521392,-779.0588573900266,-6.6733260438456306,-0.786777112263463,-6.673247465382703,17470.347063123747,0.0,0.1982440594157468,1.9482726234074998,2244157.3495041556,578.2771319026116
320900.0,4572111.12469088,538754.9747964906,4572057.322070318,-779.5241162283282,1717.6912875858854,-779.7261910045655,-6.67350346052342,-0.787070236376609,-6.673424848193762,17470.347063123747,0.0,0.1982440594157468,1.9482726234074998,2244157.3495041556,578.2771319026116
321000.0,4572033.138911444,538926.7399894093,4571979.316083798,-780.191475450903,1717.6125659001289,-780.3935423642133,-6.673681013659021,-0.787363502543388,-6.673602367446324,17470.347063123747,0.0,0.1982440594157468,1.9482726234074998,2244157.3495041556,578.2771319026116
321100.0,4571955.086395198,539098.4973086929,4571901.243361254,-780.8588524355858,1717.5338148805972,-781.0609114825801,-6.6738587025689045,-0.787656912097746,-6.6737800224566985,17470.347063123747,0.0,0.1982440594157468,1.9482726234074998,2244157.3495041556,578.2771319026116
321200.0,4571876.967140364,539270.2467514072,4571823.103900909,-781.5262471959195,1717.4550345128846,-781.7282983732068,-6.674036526559031,-0.787950466392039,-6.673957812530685,17470.347063123747,0.0,0.1982440594157468,1.9482726234074998,2244157.3495041556,578.2771319026116
321300.0,4571798.781145166,539441.9883146167,4571744.897700987,-782.1936597453769,1717.3762247824484,-782.3957030495649,-6.674214484924686,-0.7882441667973101,-6.674135736963412,17470.347063123747,0.0,0.1982440594157468,1.9482726234074998,2244157.3495041556,578.2771319026116
321400.0,4571720.528407822,539613.7219953844,4571666.624759707,-782.8610900973598,1717.2973856746084,-783.0631255250544,-6.6743925769503285,-0.7885380147035628,-6.674313795039172,17470.347063123747,0.0,0.1982440594157468,1.9482726234074998,2244157.3495041556,578.2771319026116
321500.0,4571642.208926553,539785.4477907718,4571588.285075288,-783.5285382651981,1717.218517174544,-783.7305658130033,-6.674570801909406,-0.7888320115200445,-6.674491986031248,17470.347063123747,0.0,0.1982440594157468,1.9482726234074998,2244157.3495041556,578.2771319026116
321600.0,4571563.822699575,539957.1656978391,4571509.87864595,-784.1960042621482,1717.1396192672933,-784.3980239266666,-6.674749159064199,-0.7891261586755306,-6.674670309201752,17470.347063123747,0.0,0.1982440594157468,1.9482726234074998,2244157.3495041556,578.2771319026116
321700.0,4571485.369725105,540128.8757136447,4571431.405469908,-784.8634881013925,1717.0606919377494,-785.0654998792247,-6.67492764766563,-0.7894204576186142,-6.674848763801436,17470.347063123747,0.0,0.1982440594157468,1.9482726234074998,2244157.3495041556,578.2771319026116
321800.0,4571406.850001359,540300.5778352454,4571352.865545379,-785.5309897960376,1716.9817351706608,-785.7329936837825,-6.675106266953113,-0.7897149098180025,-6.67502734906954,17470.347063123747,0.0,0.1982440594157468,1.9482726234074998,2244157.3495041556,578.2771319026116
321900.0,4571328.2635265505,540472.272059697,4571274.2588705765,-786.1985093591136,1716.9027489506277,-786.4005053533684,-6.675285016154347,-0.7900095167628125,-6.675206064233589,17470.347063123747,0.0,0.1982440594157468,1.9482726234074998,2244157.3495041556,578.2771319026116
322000.0,4571249.610298892,540643.9583840532,4571195.585443713,-786.8660468035728,1716.8237332621,-787.068034900933,-6.675463894485157,-0.7903042799628777,-6.675384908509229,17470.347063123747,0.0,0.1982440594157468,1.9482726234074998,2244157.3495041556,578.2771319026116
322100.0,4571170.890316593,540815.6368053665,4571116.845263,-787.5336021422884,1716.7446880893756,-787.7355823393475,-6.67564290114929,-0.790599200949054,-6.675563881100026,17470.347063123747,0.0,0.1982440594157468,1.9482726234074998,2244157.3495041556,578.2771319026116
322200.0,4571092.103577866,540987.3073206877,4571038.038326648,-788.2011753880535,1716.6656134165987,-788.4031476814032,-6.6758220353382525,-0.790894281273535,-6.675742981197306,17470.347063123747,0.0,0.1982440594157468,1.9482726234074998,2244157.3495041556,578.2771319026116
322300.0,4571013.250080919,541158.9699270659,4570959.164632866,-788.8687665535795,1716.586509227757,-789.0707309398098,-6.676001296231077,-0.7911895225101653,-6.675922207979913,17470.347063123747,0.0,0.1982440594157468,1.9482726234074998,2244157.3495041556,578.2771319026116
322400.0,4570934.329823958,541330.6246215488,4570880.224179862,-789.5363756514953,1716.5073755066796,-789.7383321271942,-6.676180682994182,-0.7914849262547703,-6.676101560614081,17470.347063123747,0.0,0.1982440594157468,1.9482726234074998,2244157.3495041556,578.2771319026116
322500.0,4570855.34280519,541502.2714011823,4570801.216965842,-790.2040026943457,1716.428212237035,-790.4059512560995,-6.676360194781135,-0.7917804941254774,-6.676281038253184,17470.347063123747,0.0,0.1982440594157468,1.9482726234074998,2244157.3495041556,578.2771319026116
322600.0,4570776.28902282,541673.9102630106,4570722.142989012,-790.8716476945904,1716.3490194023288,-791.0735883389831,-6.676539830732467,-0.792076227763053,-6.676460640037564,17470.347063123747,0.0,0.1982440594157468,1.9482726234074998,2244157.3495041556,578.2771319026116
322700.0,4570697.168475052,541845.5412040766,4570643.002247576,-791.539310664602,1716.2697969859014,-791.741243388216,-6.676719589975471,-0.792372128831238,-6.676640365094312,17470.347063123747,0.0,0.1982440594157468,1.9482726234074998,2244157.3495041556,578.2771319026116
322800.0,4570617.981160088,542017.1642214212,4570563.794739735,-792.2069916166656,1716.1905449709254,-792.4089164160814,-6.6768994716239884,-0.7926681990170937,-6.676820212537078,17470.347063123747,0.0,0.1982440594157468,1.9482726234074998,2244157.3495041556,578.2771319026116
322900.0,4570538.727076129,542188.7793120836,4570484.520463693,-792.874690562977,1716.1112633404039,-793.076607434773,-6.677079474778209,-0.7929644400313479,-6.677000181465842,17470.347063123747,0.0,0.1982440594157468,1.9482726234074998,2244157.3495041556,578.2771319026116
323000.0,4570459.406221375,542360.3864731014,4570405.179417648,-793.542407515641,1716.0319520771673,-793.7443164563937,-6.677259598524448,-0.7932608536087513,-6.677180270966722,17470.347063123747,0.0,0.1982440594157468,1.9482726234074998,2244157.3495041556,578.2771319026116
323100.0,4570380.018594025,542531.9857015107,4570325.771599801,-794.2101424866706,1715.9526111638716,-794.4120434929545,-6.677439841934928,-0.7935574415084339,-6.67736048011173,17470.347063123747,0.0,0.1982440594157468,1.9482726234074998,2244157.3495041556,578.2771319026116
323200.0,4570300.564192276,542703.5769943453,4570246.297008349,-794.8778954879854,1715.8732405829955,-795.0797885563728,-6.677620204067575,-0.7938542055142742,-6.6775408079585805,17470.347063123747,0.0,0.1982440594157468,1.9482726234074998,2244157.3495041556,578.2771319026116
323300.0,4570221.043014326,542875.1603486377,4570166.755641488,-795.5456665314097,1715.7938403168382,-795.7475516584711,-6.677800683965777,-0.7941511474352677,-6.677721253550452,17470.347063123747,0.0,0.1982440594157468,1.9482726234074998,2244157.3495041556,578.2771319026116
323400.0,4570141.455058369,543046.7357614186,4570087.147497416,-796.2134556286717,1715.7144103475168,-796.4153328109754,-6.67798128065816,-0.7944482691059029,-6.677901815915752,17470.347063123747,0.0,0.1982440594157468,1.9482726234074998,2244157.3495041556,578.2771319026116
323500.0,4570061.800322599,543218.3032297166,4570007.472574324,-796.8812627914016,1715.6349506569634,-797.0831320255139,-6.678161993158367,-0.7947455723865466,-6.678082494067904,17470.347063123747,0.0,0.1982440594157468,1.9482726234074998,2244157.3495041556,578.2771319026116
323600.0,4569982.078805208,543389.8627505586,4569927.730870408,-797.5490880311303,1715.555461226923,-797.7509493136153,-6.6783428204648105,-0.7950430591638294,-6.6782632870051,17470.347063123747,0.0,0.1982440594157468,1.9482726234074998,2244157.3495041556,578.2771319026116
323700.0,4569902.290504389,543561.41432097,4569847.922383859,-798.2169313592876,1715.4759420389503,-798.4187846867072,-6.67852376156044,-0.7953407313510422,-6.678444193710064,17470.347063123747,0.0,0.1982440594157468,1.9482726234074998,2244157.3495041556,578.2771319026116
323800.0,4569822.435418333,543732.9579379738,4569768.047112867,-798.884792787201,1715.3963930744078,-799.0866381561151,-6.678704815412508,-0.7956385908885376,-6.67862521314982,17470.347063123747,0.0,0.1982440594157468,1.9482726234074998,2244157.3495041556,578.2771319026116
323900.0,4569742.513545228,543904.4935985917,4569688.105055624,-799.5526723260938,1715.3168143144621,-799.7545097330601,-6.678885980972296,-0.795936639744133,-6.678806344275414,17470.347063123747,0.0,0.1982440594157468,1.9482726234074998,2244157.3495041556,578.2771319026116
324000.0,4569662.524883264,544076.0212998429,4569608.096210317,-800.2205699870836,1715.237205740082,-800.4223994286576,-6.6790672571749,-0.7962348799135297,-6.678987586021711,17470.347063123747,0.0,0.1982440594157468,1.9482726234074998,2244157.3495041556,578.2771319026116
324100.0,4569582.469430626,544247.5410387452,4569528.020575134,-800.8884857811809,1715.157567332035,-801.0903072539157,-6.6792486429389415,-0.7965333134207275,-6.6791689373070975,17470.347063123747,0.0,0.1982440594157468,1.9482726234074998,2244157.3495041556,578.2771319026116
324200.0,4569502.347185503,544419.0528123142,4569447.878148261,-801.5564197192869,1715.0778990708848,-801.7582332197337,-6.67943013716635,-0.7968319423184567,-6.679350397033252,17470.347063123747,0.0,0.1982440594157468,1.9482726234074998,2244157.3495041556,578.2771319026116
324300.0,4569422.158146078,544590.5566175637,4569367.668927885,-802.2243718121924,1714.9982009369887,-802.4261773369,-6.6796117387420555,-0.7971307686886049,-6.6795319640848625,17470.347063123747,0.0,0.1982440594157468,1.9482726234074998,2244157.3495041556,578.2771319026116
324400.0,4569341.902310535,544762.0524515053,4569287.392912189,-802.8923420705759,1714.9184729104943,-803.0941396160905,-6.679793446533742,-0.7974297946426615,-6.679713637329368,17470.347063123747,0.0,0.1982440594157468,1.9482726234074998,2244157.3495041556,578.2771319026116
324500.0,4569261.579677058,544933.5403111487,4569207.050099356,-803.5603305050014,1714.838714971336,-803.7621200678673,-6.679975259391586,-0.7977290223221636,-6.6798954156166905,17470.347063123747,0.0,0.1982440594157468,1.9482726234074998,2244157.3495041556,578.2771319026116
324600.0,4569181.190243828,545105.0201935018,4569126.640487569,-804.2283371259175,1714.7589270992332,-804.4301187026764,-6.680157176147962,-0.798028453899149,-6.680077297778949,17470.347063123747,0.0,0.1982440594157468,1.9482726234074998,2244157.3495041556,578.2771319026116
324700.0,4569100.734009027,545276.4920955702,4569046.1640750095,-804.8963619436548,1714.6791092736862,-805.0981355308461,-6.680339195617177,-0.7983280915766181,-6.68025928263019,17470.347063123747,0.0,0.1982440594157468,1.9482726234074998,2244157.3495041556,578.2771319026116
324800.0,4569020.210970833,545447.9560143575,4568965.620859857,-805.5644049684246,1714.5992614739735,-805.7661705625852,-6.6805213165951765,-0.7986279375890014,-6.680441368966095,17470.347063123747,0.0,0.1982440594157468,1.9482726234074998,2244157.3495041556,578.2771319026116
324900.0,4568939.621127426,545619.4119468653,4568885.01084029,-806.2324662103167,1714.5193836791484,-806.4342238079813,-6.680703537859251,-0.7989279942026356,-6.68062355556369,17470.347063123747,0.0,0.1982440594157468,1.9482726234074998,2244157.3495041556,578.2771319026116
325000.0,4568858.964476983,545790.8598900929,4568804.334014487,-806.9005456792979,1714.4394758680362,-807.1022952769986,-6.6808858581677555,-0.7992282637162462,-6.680805841181057,17470.347063123747,0.0,0.1982440594157468,1.9482726234074998,2244157.3495041556,578.2771319026116
325100.0,4568778.241017682,545962.2998410376,4568723.590380627,-807.5686433852097,1714.3595380192307,-807.7703849794761,-6.681068276259796,-0.7995287484614393,-6.68098822455703,17470.347063123747,0.0,0.1982440594157468,1.9482726234074998,2244157.3495041556,578.2771319026116
325200.0,4568697.450747698,546133.7317966947,4568642.779936884,-808.2367593377667,1714.2795701110908,-808.438492925126,-6.681250790854943,-0.799829450803199,-6.681170704410898,17470.347063123747,0.0,0.1982440594157468,1.9482726234074998,2244157.3495041556,578.2771319026116
325300.0,4568616.593665206,546305.1557540571,4568561.902681434,-808.9048935465541,1714.199572121737,-809.1066191235309,-6.6814334006528995,-0.8001303731403937,-6.68135327944208,17470.347063123747,0.0,0.1982440594157468,1.9482726234074998,2244157.3495041556,578.2771319026116
325400.0,4568535.66976838,546476.5717101156,4568480.95861245,-809.5730460210267,1714.1195440290485,-809.7747635841429,-6.681616104333202,-0.8004315179062911,-6.681535948329831,17470.347063123747,0.0,0.1982440594157468,1.9482726234074998,2244157.3495041556,578.2771319026116
325500.0,4568454.679055393,546647.9796618588,4568399.947728108,-810.2412167705056,1714.0394858106592,-810.4429263162807,-6.681798900554908,-0.800732887569081,-6.681718709732914,17470.347063123747,0.0,0.1982440594157468,1.9482726234074998,2244157.3495041556,578.2771319026116
325600.0,4568373.621524417,546819.3796062728,4568318.870026578,-810.909405804177,1713.9593974439547,-811.1111073291279,-6.681981787956241,-0.8010344846324023,-6.681901562289258,17470.347063123747,0.0,0.1982440594157468,1.9482726234074998,2244157.3495041556,578.2771319026116
325700.0,4568292.497173622,546990.7715403418,4568237.725506033,-811.5776131310901,1713.879278906068,-811.7793066317308,-6.682164765154303,-0.801336311635889,-6.682084504615667,17470.347063123747,0.0,0.1982440594157468,1.9482726234074998,2244157.3495041556,578.2771319026116
325800.0,4568211.30600118,547162.1554610475,4568156.514164642,-812.2458387601544,1713.7991301738768,-812.4475242329966,-6.682347830744705,-0.8016383711557105,-6.6822675353074485,17470.347063123747,0.0,0.1982440594157468,1.9482726234074998,2244157.3495041556,578.2771319026116
325900.0,4568130.04800526,547333.5313653693,4568075.236000576,-812.9140827001379,1713.7189512239993,-813.1157601416903,-6.682530983301247,-0.801940665805133,-6.682450652938092,17470.347063123747,0.0,0.1982440594157468,1.9482726234074998,2244157.3495041556,578.2771319026116
326000.0,4568048.72318403,547504.8992502843,4567993.891012004,-813.5823449596652,1713.6387420327899,-813.7840143664339,-6.682714221375553,-0.8022431982350802,-6.682633856058912,17470.347063123747,0.0,0.1982440594157468,1.9482726234074998,2244157.3495041556,578.2771319026116
326100.0,4567967.331535657,547676.2591127671,4567912.479197092,-814.2506255472146,1713.5585025763367,-814.4522869157028,-6.682897543496738,-0.8025459711347118,-6.682817143198706,17470.347063123747,0.0,0.1982440594157468,1.9482726234074998,2244157.3495041556,578.2771319026116
326200.0,4567885.873058309,547847.6109497899,4567831.000554009,-814.9189244711163,1713.4782328304564,-815.1205777978245,-6.683080948171047,-0.8028489872320042,-6.683000512863394,17470.347063123747,0.0,0.1982440594157468,1.9482726234074998,2244157.3495041556,578.2771319026116
326300.0,4567804.3477501515,548018.9547583227,4567749.455080921,-815.58724173955,1713.3979327706913,-815.7888870209757,-6.6832644338814715,-0.8031522492943413,-6.6831839635356465,17470.347063123747,0.0,0.1982440594157468,1.9482726234074998,2244157.3495041556,578.2771319026116
326400.0,4567722.755609349,548190.2905353328,4567667.842775993,-816.2555773605425,1713.3176023723051,-816.4572145931805,-6.683447999087404,-0.8034557601291186,-6.683367493674523,17470.347063123747,0.0,0.1982440594157468,1.9482726234074998,2244157.3495041556,578.2771319026116
326500.0,4567641.096634068,548361.618277785,4567586.16363739,-816.9239313419653,1713.2372416102783,-817.1255605223074,-6.683631642224255,-0.8037595225843549,-6.683551101715099,17470.347063123747,0.0,0.1982440594157468,1.9482726234074998,2244157.3495041556,578.2771319026116
326600.0,4567559.370822469,548532.9379826419,4567504.417663276,-817.5923036915322,1713.1568504593047,-817.7939248160674,-6.68381536170307,-0.8040635395493111,-6.683734786068078,17470.347063123747,0.0,0.1982440594157468,1.9482726234074998,2244157.3495041556,578.2771319026116
326700.0,4567477.578172716,548704.2496468631,4567422.604851814,-818.2606944167968,1713.0764288937871,-818.462307482011,-6.683999155910135,-0.8043678139551225,-6.683918545119403,17470.347063123747,0.0,0.1982440594157468,1.9482726234074998,2244157.3495041556,578.2771319026116
326800.0,4567395.718682973,548875.553267406,4567340.725201167,-818.9291035251505,1712.9959768878332,-819.1307085275266,-6.684183023206584,-0.804672348775437,-6.6841023772298565,17470.347063123747,0.0,0.1982440594157468,1.9482726234074998,2244157.3495041556,578.2771319026116
326900.0,4567313.792351399,549046.8488412251,4567258.778709496,-819.597531023819,1712.915494415251,-819.7991279598369,-6.6843669619280135,-0.8049771470270711,-6.684286280734678,17470.347063123747,0.0,0.1982440594157468,1.9482726234074998,2244157.3495041556,578.2771319026116
327000.0,4567231.799176155,549218.1363652726,4567176.765374962,-820.2659769198606,1712.8349814495448,-820.4675657859971,-6.6845509703840635,-0.8052822117706686,-6.68447025394315,17470.347063123747,0.0,0.1982440594157468,1.9482726234074998,2244157.3495041556,578.2771319026116
327100.0,4567149.7391554015,549389.4158364977,4567094.685195725,-820.9344412201631,1712.7544379639103,-821.1360220128918,-6.684735046857988,-0.8055875461113696,-6.684654295138156,17470.347063123747,0.0,0.1982440594157468,1.9482726234074998,2244157.3495041556,578.2771319026116
327200.0,4567067.612287297,549560.6872518471,4567012.538169946,-821.6029239314413,1712.673863931231,-821.8044966472328,-6.684919189606255,-0.8058931531994986,-6.684838402575799,17470.347063123747,0.0,0.1982440594157468,1.9482726234074998,2244157.3495041556,578.2771319026116
327300.0,4566985.418570001,549731.9506082648,4566930.324295782,-822.2714250602344,1712.5932593240723,-822.472989695556,-6.685103396858123,-0.8061990362312546,-6.685022574484956,17470.347063123747,0.0,0.1982440594157468,1.9482726234074998,2244157.3495041556,578.2771319026116
327400.0,4566903.158001671,549903.2059026918,4566848.043571392,-822.9399446129031,1712.5126241146784,-823.1415011642189,-6.685287666815175,-0.8065051984494153,-6.685206809066827,17470.347063123747,0.0,0.1982440594157468,1.9482726234074998,2244157.3495041556,578.2771319026116
327500.0,4566820.830580464,550074.4531320666,4566765.695994934,-823.6084825956268,1712.4319582749665,-823.8100310593976,-6.685471997650912,-0.8068116431440568,-6.68539110449453,17470.347063123747,0.0,0.1982440594157468,1.9482726234074998,2244157.3495041556,578.2771319026116
327600.0,4566738.436304537,550245.6922933249,4566683.281564565,-824.2770390144008,1712.3512617765225,-824.4785793870842,-6.685656387510281,-0.8071183736532763,-6.6855754589126155,17470.347063123747,0.0,0.1982440594157468,1.9482726234074998,2244157.3495041556,578.2771319026116
327700.0,4566655.975172046,550416.923383399,4566600.800278442,-824.9456138750335,1712.2705345905958,-825.1471461530837,-6.685840834509221,-0.8074253933639337,-6.685759870436624,17470.347063123747,0.0,0.1982440594157468,1.9482726234074998,2244157.3495041556,578.2771319026116
327800.0,4566573.447181147,550588.146399219,4566518.25213472,-825.6142071831434,1712.1897766880952,-825.8157313630112,-6.686025336734197,-0.8077327057123995,-6.685944337152616,17470.347063123747,0.0,0.1982440594157468,1.9482726234074998,2244157.3495041556,578.2771319026116
327900.0,4566490.852329994,550759.3613377118,4566435.637131554,-826.2828189441564,1712.1089880395828,-826.4843350222891,-6.686209892241742,-0.8080403141853223,-6.686128857116714,17470.347063123747,0.0,0.1982440594157468,1.9482726234074998,2244157.3495041556,578.2771319026116
328000.0,4566408.190616742,550930.5681958011,4566352.9552671,-826.9514491633021,1712.0281686152696,-827.1529571361436,-6.686394499057968,-0.8083482223204008,-6.6863134283546115,17470.347063123747,0.0,0.1982440594157468,1.9482726234074998,2244157.3495041556,578.2771319026116
328100.0,4566325.462039545,551101.7669704079,4566270.206539512,-827.6200978456114,1711.9473183850105,-827.8215977096023,-6.686579155178052,-0.808656433707167,-6.686498048861062,17470.347063123747,0.0,0.1982440594157468,1.9482726234074998,2244157.3495041556,578.2771319026116
328200.0,4566242.666596557,551272.9576584502,4566187.390946942,-828.2887649959133,1711.8664373182985,-828.4902567474903,-6.686763858565789,-0.8089649519877958,-6.686682716599435,17470.347063123747,0.0,0.1982440594157468,1.9482726234074998,2244157.3495041556,578.2771319026116
328300.0,4566159.8042859305,551444.1402568427,4566104.508487546,-828.9574506188313,1711.78552538426,-829.1589342544277,-6.686948607153053,-0.8092737808579087,-6.686867429501164,17470.347063123747,0.0,0.1982440594157468,1.9482726234074998,2244157.3495041556,578.2771319026116
328400.0,4566076.875105818,551615.3147624971,4566021.559159475,-829.6261547187806,1711.7045825516489,-829.827630234826,-6.687133398839286,-0.8095829240674048,-6.6870521854652525,17470.347063123747,0.0,0.1982440594157468,1.9482726234074998,2244157.3495041556,578.2771319026116
328500.0,4565993.879054371,551786.481172322,4565938.542960883,-830.2948772999647,1711.6236087888417,-830.496344692885,-6.687318231490993,-0.809892385421297,-6.687236982357755,17470.347063123747,0.0,0.1982440594157468,1.9482726234074998,2244157.3495041556,578.2771319026116
328600.0,4565910.816129742,551957.6394832227,4565855.45988992,-830.9636183663721,1711.5426040638313,-831.1650776325896,-6.687503102941191,-0.8102021687805661,-6.687421818011233,17470.347063123747,0.0,0.1982440594157468,1.9482726234074998,2244157.3495041556,578.2771319026116
328700.0,4565827.686330082,552128.7896921015,4565772.30994474,-831.6323779217729,1711.4615683442216,-831.833829057706,-6.687688010988892,-0.8105122780630276,-6.68760669022424,17470.347063123747,0.0,0.1982440594157468,1.9482726234074998,2244157.3495041556,578.2771319026116
328800.0,4565744.489653542,552299.9317958573,4565689.093123492,-832.3011559697153,1711.380501597222,-832.5025989717786,-6.687872953398534,-0.810822717244209,-6.687791596760745,17470.347063123747,0.0,0.1982440594157468,1.9482726234074998,2244157.3495041556,578.2771319026116
328900.0,4565661.226098272,552471.0657913856,4565605.809424329,-832.9699525135223,1711.2994037896417,-833.1713873781266,-6.68805792789944,-0.8111334903582466,-6.687976535349591,17470.347063123747,0.0,0.1982440594157468,1.9482726234074998,2244157.3495041556,578.2771319026116
329000.0,4565577.895662422,552642.1916755787,4565522.4588454,-833.638767556288,1711.218274887883,-833.8401942798401,-6.688242932185239,-0.8114446014987932,-6.688161503683931,17470.347063123747,0.0,0.1982440594157468,1.9482726234074998,2244157.3495041556,578.2771319026116
329100.0,4565494.498344144,552813.3094453255,4565439.041384856,-834.3076011008741,1711.137114857936,-834.5090196797769,-6.688427963913301,-0.8117560548199423,-6.688346499420643,17470.347063123747,0.0,0.1982440594157468,1.9482726234074998,2244157.3495041556,578.2771319026116
329200.0,4565411.034141585,552984.4190975116,4565355.557040848,-834.9764531499061,1711.0559236653726,-835.1778635805584,-6.688613020704143,-0.8120678545371639,-6.688531520179745,17470.347063123747,0.0,0.1982440594157468,1.9482726234074998,2244157.3495041556,578.2771319026116
329300.0,4565327.503052897,553155.5206290188,4565272.005811524,-835.6453237057698,1710.9747012753396,-835.8467259845664,-6.688798100140841,-0.8123800049282613,-6.688716563543809,17470.347063123747,0.0,0.1982440594157468,1.9482726234074998,2244157.3495041556,578.2771319026116
329400.0,4565243.905076227,553326.6140367256,4565188.387695034,-836.3142127706074,1710.8934476525533,-836.5156068939389,-6.688983199768418,-0.8126925103343365,-6.6889016270573505,17470.347063123747,0.0,0.1982440594157468,1.9482726234074998,2244157.3495041556,578.2771319026116
329500.0,4565160.240209726,553497.699317507,4565104.702689528,-836.9831203463134,1710.8121627612923,-837.1845063105665,-6.689168317093238,-0.8130053751607764,-6.689086708226208,17470.347063123747,0.0,0.1982440594157468,1.9482726234074998,2244157.3495041556,578.2771319026116
329600.0,4565076.508451541,553668.7764682344,4565020.9507931555,-837.6520464345315,1710.7308465653916,-837.8534242360882,-6.68935344958236,-0.8133186038782515,-6.689271804516917,17470.347063123747,0.0,0.1982440594157468,1.9482726234074998,2244157.3495041556,578.2771319026116
329700.0,4564992.7097998215,553839.8454857754,4564937.1320040645,-838.3209910366496,1710.6494990282358,-838.5223606718881,-6.689538594662931,-0.8136322010237348,-6.68945691335609,17470.347063123747,0.0,0.1982440594157468,1.9482726234074998,2244157.3495041556,578.2771319026116
329800.0,4564908.844252716,554010.906366994,4564853.246320404,-838.9899541537967,1710.5681201127525,-839.1913156190906,-6.689723749721515,-0.8139461712015305,-6.689642032129749,17470.347063123747,0.0,0.1982440594157468,1.9482726234074998,2244157.3495041556,578.2771319026116
329900.0,4564824.911808373,554181.9591087507,4564769.293740324,-839.6589357868381,1710.4867097814054,-839.8602890785567,-6.689908912103445,-0.8142605190843264,-6.689827158182674,17470.347063123747,0.0,0.1982440594157468,1.9482726234074998,2244157.3495041556,578.2771319026116
330000.0,4564740.912464942,554353.0037079018,4564685.274261972,-840.3279359363717,1710.4052679961874,-840.5292810508798,-6.6900940791121615,-0.8145752494142617,-6.690012288817747,17470.347063123747,0.0,0.1982440594157468,1.9482726234074998,2244157.3495041556,578.2771319026116
330100.0,4564656.846220569,554524.0401613001,4564601.187883497,-840.9969546027235,1710.323794718614,-841.1982915363817,-6.690279248008516,-0.8148903670040059,-6.690197421295255,17470.347063123747,0.0,0.1982440594157468,1.9482726234074998,2244157.3495041556,578.2771319026116
330200.0,4564572.713073404,554695.0684657944,4564517.034603048,-841.6659917859436,1710.2422899097153,-841.8673205351076,-6.690464416010097,-0.8152058767378646,-6.690382552832207,17470.347063123747,0.0,0.1982440594157468,1.9482726234074998,2244157.3495041556,578.2771319026116
330300.0,4564488.513021594,554866.0886182297,4564432.814418773,-842.3350474858015,1710.1607535300298,-842.5363680468226,-6.690649580290517,-0.8155217835728964,-6.690567680601632,17470.347063123747,0.0,0.1982440594157468,1.9482726234074998,2244157.3495041556,578.2771319026116
330400.0,4564404.246063289,555037.1006154468,4564348.527328822,-843.004121701782,1710.0791855395964,-843.2054340710067,-6.690834737978695,-0.8158380925400489,-6.690752801731858,17470.347063123747,0.0,0.1982440594157468,1.9482726234074998,2244157.3495041556,578.2771319026116
330500.0,4564319.912196637,555208.1044542826,4564264.173331343,-843.6732144330804,1709.9975858979474,-843.8745186068505,-6.691019886158135,-0.816154808745316,-6.690937913305784,17470.347063123747,0.0,0.1982440594157468,1.9482726234074998,2244157.3495041556,578.2771319026116
330600.0,4564235.511419786,555379.1001315699,4564179.752424484,-844.342325678598,1709.9159545641003,-844.5436216532506,-6.691205021866205,-0.8164719373709164,-6.691123012360168,17470.347063123747,0.0,0.1982440594157468,1.9482726234074998,2244157.3495041556,578.2771319026116
330700.0,4564151.043730885,555550.0876441376,4564095.264606395,-845.0114554369376,1709.8342914965506,-845.2127432088049,-6.691390142093341,-0.8167894836764773,-6.691308095884829,17470.347063123747,0.0,0.1982440594157468,1.9482726234074998,2244157.3495041556,578.2771319026116
330800.0,4564066.509128082,555721.06698881,4564010.709875225,-845.6806037063988,1709.7525966532644,-845.881883271808,-6.691575243782334,-0.8171074530002571,-6.691493160821927,17470.347063123747,0.0,0.1982440594157468,1.9482726234074998,2244157.3495041556,578.2771319026116
330900.0,4563981.907609526,555892.0381624076,4563926.0882291235,-846.3497704849727,1709.6708699916694,-846.5510418402462,-6.691760323827511,-0.8174258507603699,-6.691678204065149,17470.347063123747,0.0,0.1982440594157468,1.9482726234074998,2244157.3495041556,578.2771319026116
331000.0,4563897.239173368,556063.0011617463,4563841.39966624,-847.0189557703377,1709.5891114686478,-847.2202189117927,-6.691945379073978,-0.8177446824560457,-6.691863222458954,17470.347063123747,0.0,0.1982440594157468,1.9482726234074998,2244157.3495041556,578.2771319026116
331100.0,4563812.503817756,556233.9559836378,4563756.644184724,-847.6881595598541,1709.5073210405278,-847.8894144838029,-6.692130406316793,-0.8180639536688974,-6.692048212797742,17470.347063123747,0.0,0.1982440594157468,1.9482726234074998,2244157.3495041556,578.2771319026116
331200.0,4563727.701540839,556404.9026248894,4563671.821782727,-848.3573818505591,1709.425498663075,-848.5586285533086,-6.692315402300162,-0.8183836700642171,-6.69223317182505,17470.347063123747,0.0,0.1982440594157468,1.9482726234074998,2244157.3495041556,578.2771319026116
331300.0,4563642.832340769,556575.8410823039,4563586.932458397,-849.0266226391619,1709.343644291484,-849.227861117014,-6.692500363716606,-0.8187038373922915,-6.692418096232723,17470.347063123747,0.0,0.1982440594157468,1.9482726234074998,2244157.3495041556,578.2771319026116
331400.0,4563557.896215695,556746.7713526797,4563501.976209886,-849.6958819220382,1709.2617578803709,-849.8971121712892,-6.692685287206116,-0.819024461489737,-6.69260298266006,17470.347063123747,0.0,0.1982440594157468,1.9482726234074998,2244157.3495041556,578.2771319026116
331500.0,4563472.893163769,556917.6934328105,4563416.953035346,-850.3651596952252,1709.179839383763,-850.5663817121662,-6.692870169355298,-0.8193455482808595,-6.692787827692975,17470.347063123747,0.0,0.1982440594157468,1.9482726234074998,2244157.3495041556,578.2771319026116
331600.0,4563387.82318314,557088.6073194854,4563331.862932928,-851.0344559544158,1709.0978887550912,-851.2356697353324,-6.69305500669649,-0.8196671037790307,-6.692972627863092,17470.347063123747,0.0,0.1982440594157468,1.9482726234074998,2244157.3495041556,578.2771319026116
331700.0,4563302.686271961,557259.5130094888,4563246.705900784,-851.7037706949535,1709.0159059471803,-851.904976236126,-6.69323979570688,-0.8199891340880956,-6.693157379646885,17470.347063123747,0.0,0.1982440594157468,1.9482726234074998,2244157.3495041556,578.2771319026116
331800.0,4563217.482428384,557430.4104996006,4563161.481937066,-852.3731039118269,1708.93389091224,-852.5743012095297,-6.69342453280761,-0.8203116454037945,-6.69334207946476,17470.347063123747,0.0,0.1982440594157468,1.9482726234074998,2244157.3495041556,578.2771319026116
331900.0,4563132.2116505625,557601.2997865954,4563076.191039926,-853.0424555996636,1708.8518436018562,-853.2436446501656,-6.693609214362851,-0.820634644015216,-6.6935267236801455,17470.347063123747,0.0,0.1982440594157468,1.9482726234074998,2244157.3495041556,578.2771319026116
332000.0,4563046.8739366485,557772.1808672434,4562990.83320752,-853.711825752725,1708.769763966981,-853.9130065522892,-6.693793836678855,-0.8209581363062629,-6.693711308598544,17470.347063123747,0.0,0.1982440594157468,1.9482726234074998,2244157.3495041556,578.2771319026116
332100.0,4562961.469284796,557943.0537383097,4562905.408438001,-854.3812143648997,1708.687651957923,-854.5823869097836,-6.693978396003038,-0.8212821287571581,-6.6938958304666105,17470.347063123747,0.0,0.1982440594157468,1.9482726234074998,2244157.3495041556,578.2771319026116
332200.0,4562875.997693161,558113.9183965542,4562819.916729523,-855.0506214296988,1708.6055075243382,-855.2517857161538,-6.694162888522987,-0.8216066279459572,-6.6940802854711485,17470.347063123747,0.0,0.1982440594157468,1.9482726234074998,2244157.3495041556,578.2771319026116
332300.0,4562790.459159896,558284.774838732,4562734.358080243,-855.7200469402485,1708.52333061522,-855.92120296452,-6.694347310365483,-0.8219316405501003,-6.6942646697381605,17470.347063123747,0.0,0.1982440594157468,1.9482726234074998,2244157.3495041556,578.2771319026116
332400.0,4562704.853683158,558455.6230615929,4562648.732488316,-856.3894908892848,1708.4411211788886,-856.5906386476124,-6.694531657595515,-0.822257173347982,-6.69444897933183,17470.347063123747,0.0,0.1982440594157468,1.9482726234074998,2244157.3495041556,578.2771319026116
332500.0,4562619.181261104,558626.4630618817,4562563.039951899,-857.0589532691473,1708.3588791629813,-857.2600927577641,-6.694715926215257,-0.8225832332205483,-6.694633210253523,17470.347063123747,0.0,0.1982440594157468,1.9482726234074998,2244157.3495041556,578.2771319026116
332600.0,4562533.44189189,558797.2948363378,4562477.28046915,-857.7284340717722,1708.2766045144426,-857.9295652869054,-6.694900112163018,-0.8229098271529188,-6.694817358440724,17470.347063123747,0.0,0.1982440594157468,1.9482726234074998,2244157.3495041556,578.2771319026116
332700.0,4562447.635573676,558968.1183816951,4562391.454038228,-858.3979332886867,1708.1942971795127,-858.599056226557,-6.695084211312222,-0.8232369622360401,-6.695001419766021,17470.347063123747,0.0,0.1982440594157468,1.9482726234074998,2244157.3495041556,578.2771319026116
332800.0,4562361.762304619,559138.9336946823,4562305.560657292,-859.0674509110017,1708.1119571037173,-859.2685655678235,-6.695268219470317,-0.8235646456683592,-6.695185390036014,17470.347063123747,0.0,0.1982440594157468,1.9482726234074998,2244157.3495041556,578.2771319026116
332900.0,4562275.82208288,559309.7407720226,4562219.600324501,-859.7369869294058,1708.0295842318571,-859.9380933013871,-6.695452132377706,-0.8238928847575334,-6.695369264990241,17470.347063123747,0.0,0.1982440594157468,1.9482726234074998,2244157.3495041556,578.2771319026116
333000.0,4562189.8149066195,559480.5396104336,4562133.573038018,-860.4065413341581,1707.9471785079966,-860.6076394175002,-6.69563594570662,-0.8242216869221579,-6.695553040300063,17470.347063123747,0.0,0.1982440594157468,1.9482726234074998,2244157.3495041556,578.2771319026116
333100.0,4562103.740774,559651.3302066273,4562047.478796005,-861.0761141150814,1707.8647398754524,-861.2772039059791,-6.69581965506001,-0.8245510596935284,-6.695736711567541,17470.347063123747,0.0,0.1982440594157468,1.9482726234074998,2244157.3495041556,578.2771319026116
333200.0,4562017.599683184,559822.1125573098,4561961.317596626,-861.7457052615554,1707.7822682767828,-861.9467867561968,-6.696003255970405,-0.8248810107174345,-6.695920274324305,17470.347063123747,0.0,0.1982440594157468,1.9482726234074998,2244157.3495041556,578.2771319026116
333300.0,4561931.391632336,559992.8866591818,4561875.089438043,-862.4153147625094,1707.6997636537753,-862.6163879570757,-6.6961867438987435,-0.8252115477559773,-6.696103724030373,17470.347063123747,0.0,0.1982440594157468,1.9482726234074998,2244157.3495041556,578.2771319026116
333400.0,4561845.1166196205,560163.6525089378,4561788.794318423,-863.0849426064153,1707.6172259474354,-863.2860074970808,-6.696370114233197,-0.8255426786894187,-6.69628705607299,17470.347063123747,0.0,0.1982440594157468,1.9482726234074998,2244157.3495041556,578.2771319026116
333500.0,4561758.774643204,560334.4101032665,4561702.432235932,-863.7545887812801,1707.5346550979743,-863.955645364212,-6.696553362287948,-0.8258744115180612,-6.696470265765397,17470.347063123747,0.0,0.1982440594157468,1.9482726234074998,2244157.3495041556,578.2771319026116
333600.0,4561672.3657012535,560505.1594388506,4561616.003188739,-864.4242532746383,1707.4520510447978,-864.6253015459969,-6.696736483302003,-0.8262067543641629,-6.696653348345641,17470.347063123747,0.0,0.1982440594157468,1.9482726234074998,2244157.3495041556,578.2771319026116
333700.0,4561585.8897919385,560675.9005123667,4561529.5071750125,-865.0939360735447,1707.369413726493,-865.2949760294829,-6.69691947243791,-0.8265397154738746,-6.696836298975301,17470.347063123747,0.0,0.1982440594157468,1.9482726234074998,2244157.3495041556,578.2771319026116
333800.0,4561499.346913429,560846.633320485,4561442.944192924,-865.7636371645663,1707.2867430808153,-865.9646688012298,-6.69710232478053,-0.826873303219221,-6.697019112738245,17470.347063123747,0.0,0.1982440594157468,1.9482726234074998,2244157.3495041556,578.2771319026116
333900.0,4561412.737063896,561017.3578598698,4561356.314240644,-866.4333565337746,1707.204039044678,-866.6343798473018,-6.6972850353357165,-0.8272075261001031,-6.6972017846393275,17470.347063123747,0.0,0.1982440594157468,1.9482726234074998,2244157.3495041556,578.2771319026116
334000.0,4561326.060241513,561188.0741271789,4561269.617316346,-867.1030941667381,1707.1213015541366,-867.3041091532598,-6.697467599029032,-0.827542392746342,-6.697384309603094,17470.347063123747,0.0,0.1982440594157468,1.9482726234074998,2244157.3495041556,578.2771319026116
334100.0,4561239.316444454,561358.7821190634,4561182.853418205,-867.7728500485132,1707.0385305443779,-867.9738567041527,-6.697650010704402,-0.8278779119197519,-6.697566682472439,17470.347063123747,0.0,0.1982440594157468,1.9482726234074998,2244157.3495041556,578.2771319026116
334200.0,4561152.505670895,561529.4818321683,4561096.022544397,-868.4426241636371,1706.9557259497053,-868.6436224845098,-6.697832265122774,-0.8282140925162498,-6.697748898007252,17470.347063123747,0.0,0.1982440594157468,1.9482726234074998,2244157.3495041556,578.2771319026116
334300.0,4561065.627919014,561700.1732631316,4561009.1246931,-869.1124164961185,1706.8728877035262,-869.3134064783322,-6.698014356960722,-0.828550943567998,-6.697930950883052,17470.347063123747,0.0,0.1982440594157468,1.9482726234074998,2244157.3495041556,578.2771319026116
334400.0,4560978.683186989,561870.856408585,4560922.159862494,-869.7822270294297,1706.7900157383376,-869.9832086690842,-6.6981962808090705,-0.8288884742455853,-6.698112835689576,17470.347063123747,0.0,0.1982440594157468,1.9482726234074998,2244157.3495041556,578.2771319026116
334500.0,4560891.671473002,562041.5312651531,4560835.12805076,-870.4520557464975,1706.7071099857126,-870.6530290396847,-6.6983780311714405,-0.8292266938602403,-6.698294546929351,17470.347063123747,0.0,0.1982440594157468,1.9482726234074998,2244157.3495041556,578.2771319026116
334600.0,4560804.592775235,562212.1978294536,4560748.029256081,-871.121902629695,1706.624170376286,-871.3228675724985,-6.698559602462832,-0.8295656118660848,-6.6984760790162605,17470.347063123747,0.0,0.1982440594157468,1.9482726234074998,2244157.3495041556,578.2771319026116
334700.0,4560717.447091872,562382.8560980974,4560660.8634766415,-871.791767660832,1706.5411968397398,-871.9927242493271,-6.698740989008128,-0.829905237862424,-6.698657426274055,17470.347063123747,0.0,0.1982440594157468,1.9482726234074998,2244157.3495041556,578.2771319026116
334800.0,4560630.234421099,562553.5060676882,4560573.630710627,-872.4616508211462,1706.458189304789,-872.6625990514002,-6.6989221850406,-0.8302455815960714,-6.698838582934859,17470.347063123747,0.0,0.1982440594157468,1.9482726234074998,2244157.3495041556,578.2771319026116
334900.0,4560542.954761104,562724.1477348227,4560486.330956227,-873.1315520912943,1706.375147699166,-873.3324919593656,-6.699103184700381,-0.8305866529637155,-6.699019543137636,17470.347063123747,0.0,0.1982440594157468,1.9482726234074998,2244157.3495041556,578.2771319026116
335000.0,4560455.608110078,562894.78109609,4560398.9642116325,-873.8014714513421,1706.2920719496067,-874.0024029532807,-6.699283982032926,-0.8309284620143267,-6.699200300926658,17470.347063123747,0.0,0.1982440594157468,1.9482726234074998,2244157.3495041556,578.2771319026116
335100.0,4560368.194466212,563065.406148072,4560311.530475034,-874.471408880755,1706.2089619818337,-874.6723320126022,-6.6994645709874305,-0.8312710189516049,-6.6993808502499155,17470.347063123747,0.0,0.1982440594157468,1.9482726234074998,2244157.3495041556,578.2771319026116
335200.0,4560280.7138277,563236.0228873432,4560224.029744628,-875.1413643583887,1706.1258177205416,-875.3422791161769,-6.699644945415204,-0.8316143341364587,-6.6995611849574965,17470.347063123747,0.0,0.1982440594157468,1.9482726234074998,2244157.3495041556,578.2771319026116
335300.0,4560193.166192739,563406.6313104704,4560136.46201861,-875.8113378624789,1706.042639089381,-876.0122442422316,-6.699825099068071,-0.8319584180895382,-6.699741298799984,17470.347063123747,0.0,0.1982440594157468,1.9482726234074998,2244157.3495041556,578.2771319026116
335400.0,4560105.551559527,563577.2314140128,4560048.8272951795,-876.4813293706316,1705.9594260109423,-876.6822273683632,-6.700005025596677,-0.8323032814938038,-6.699921185426768,17470.347063123747,0.0,0.1982440594157468,1.9482726234074998,2244157.3495041556,578.2771319026116
335500.0,4560017.869926265,563747.8231945218,4559961.125572537,-877.1513388598124,1705.8761784067392,-877.3522284715282,-6.70018471854884,-0.8326489351971396,-6.700100838384385,17470.347063123747,0.0,0.1982440594157468,1.9482726234074998,2244157.3495041556,578.2771319026116
335600.0,4559930.121291157,563918.4066485408,4559873.356848886,-877.8213663063369,1705.7928961971925,-878.0222475280326,-6.700364171367781,-0.8329953902150021,-6.700280251114753,17470.347063123747,0.0,0.1982440594157468,1.9482726234074998,2244157.3495041556,578.2771319026116
335700.0,4559842.305652407,564088.9817726051,4559785.521122433,-878.4914116858595,1705.7095793016128,-878.6922845135215,-6.700543377390419,-0.8333426577331318,-6.700459416953476,17470.347063123747,0.0,0.1982440594157468,1.9482726234074998,2244157.3495041556,578.2771319026116
335800.0,4559754.423008223,564259.5485632422,4559697.618391386,-879.1614749733628,1705.626227638184,-879.3623394029679,-6.700722329845578,-0.8336907491102915,-6.700638329128039,17470.347063123747,0.0,0.1982440594157468,1.9482726234074998,2244157.3495041556,578.2771319026116
335900.0,4559666.473356816,564430.1070169711,4559609.648653956,-879.831556143147,1705.5428411239445,-880.0324121706623,-6.700901021852164,-0.834039675881056,-6.700816980755986,17470.347063123747,0.0,0.1982440594157468,1.9482726234074998,2244157.3495041556,578.2771319026116
336000.0,4559578.4566963995,564600.6571303025,4559521.611908357,-880.5016551688186,1705.459419674771,-880.7025027902012,-6.701079446417342,-0.8343894497586534,-6.700995364843101,17470.347063123747,0.0,0.1982440594157468,1.9482726234074998,2244157.3495041556,578.2771319026116
336100.0,4559490.373025188,564771.1988997387,4559433.508152803,-881.171772023279,1705.3759632053595,-881.372611234476,-6.701257596434667,-0.8347400826378516,-6.701173474281537,17470.347063123747,0.0,0.1982440594157468,1.9482726234074998,2244157.3495041556,578.2771319026116
336200.0,4559402.2223414015,564941.7323217734,4559345.337385516,-881.8419066787134,1705.2924716292075,-882.0427374756619,-6.701435464682159,-0.835091586597885,-6.701351301847889,17470.347063123747,0.0,0.1982440594157468,1.9482726234074998,2244157.3495041556,578.2771319026116
336300.0,4559314.0046432605,565112.2573928914,4559257.099604716,-882.5120591065786,1705.2089448585953,-882.7128814852053,-6.7016130438203865,-0.8354439739054447,-6.701528840201278,17470.347063123747,0.0,0.1982440594157468,1.9482726234074998,2244157.3495041556,578.2771319026116
336400.0,4559225.719928989,565282.774109569,4559168.794808627,-883.1822292775919,1705.1253828045665,-883.3830432338132,-6.7017903263904905,-0.8357972570177076,-6.701706081881377,17470.347063123747,0.0,0.1982440594157468,1.9482726234074998,2244157.3495041556,578.2771319026116
336500.0,4559137.368196814,565453.2824682733,4559080.422995478,-883.8524171617184,1705.04178537691,-884.0532226914399,-6.7019673048121575,-0.8361514485854149,-6.701883019306383,17470.347063123747,0.0,0.1982440594157468,1.9482726234074998,2244157.3495041556,578.2771319026116
336600.0,4559048.949444967,565623.7824654623,4558991.984163499,-884.5226227281594,1704.9581524841394,-884.723419827276,-6.702143971381619,-0.836506561456015,-6.7020596447710075,17470.347063123747,0.0,0.1982440594157468,1.9482726234074998,2244157.3495041556,578.2771319026116
336700.0,4558960.463671681,565794.2740975849,4558903.478310925,-885.192845945339,1704.874484033474,-885.3936346097346,-6.70232031826955,-0.8368626086768484,-6.702235950444392,17470.347063123747,0.0,0.1982440594157468,1.9482726234074998,2244157.3495041556,578.2771319026116
336800.0,4558871.910875191,565964.7573610806,4558814.905435991,-885.8630867808922,1704.7907799308175,-886.06386700644,-6.702496337518959,-0.8372196034983843,-6.702411928367973,17470.347063123747,0.0,0.1982440594157468,1.9482726234074998,2244157.3495041556,578.2771319026116
336900.0,4558783.291053738,566135.2322523795,4558726.265536937,-886.5333452016521,1704.707040080739,-886.7341169842138,-6.702672021043048,-0.8375775593775209,-6.702587570453376,17470.347063123747,0.0,0.1982440594157468,1.9482726234074998,2244157.3495041556,578.2771319026116
337000.0,4558694.6042055655,566305.698767902,4558637.558612009,-887.2036211736362,1704.6232643864514,-887.4043845090622,-6.70284736062302,-0.8379364899809323,-6.70276286848019,17470.347063123747,0.0,0.1982440594157468,1.9482726234074998,2244157.3495041556,578.2771319026116
337100.0,4558605.8503289195,566476.1569040588,4558548.784659452,-887.8739146620336,1704.5394527497897,-888.0746695461628,-6.703022347905865,-0.8382964091884775,-6.7029378140937625,17470.347063123747,0.0,0.1982440594157468,1.9482726234074998,2244157.3495041556,578.2771319026116
337200.0,4558517.02942205,566646.6066572506,4558459.943677517,-888.5442256311912,1704.4556050711906,-888.7449720598509,-6.703196974402096,-0.8386573310966664,-6.703112398802948,17470.347063123747,0.0,0.1982440594157468,1.9482726234074998,2244157.3495041556,578.2771319026116
337300.0,4558428.141483212,566817.0480238682,4558371.035664458,-889.2145540446003,1704.37172124967,-889.4152920136057,-6.703371231483436,-0.8390192700221759,-6.703286613977781,17470.347063123747,0.0,0.1982440594157468,1.9482726234074998,2244157.3495041556,578.2771319026116
337400.0,4558339.186510662,566987.4810002923,4558282.060618534,-889.884899864882,1704.287801182801,-890.0856293700365,-6.7035451103804915,-0.8393822405054371,-6.703460450847152,17470.347063123747,0.0,0.1982440594157468,1.9482726234074998,2244157.3495041556,578.2771319026116
337500.0,4558250.16450266,567157.9055828932,4558193.018538006,-890.5552630537733,1704.2038447666916,-890.755984090868,-6.703718602180373,-0.8397462573142781,-6.703633900496434,17470.347063123747,0.0,0.1982440594157468,1.9482726234074998,2244157.3495041556,578.2771319026116
337600.0,4558161.075457472,567328.3217680305,4558103.909421138,-891.225643572113,1704.1198518959611,-891.4263561369265,-6.703891697824254,-0.840111335447621,-6.703806953865025,17470.347063123747,0.0,0.1982440594157468,1.9482726234074998,2244157.3495041556,578.2771319026116
337700.0,4558071.919373369,567498.7295520536,4558014.733266202,-891.8960413798262,1704.0358224637173,-892.0967454681248,-6.70406438810492,-0.840477490139252,-6.703979601743915,17470.347063123747,0.0,0.1982440594157468,1.9482726234074998,2244157.3495041556,578.2771319026116
337800.0,4557982.696248622,567669.128931301,4557925.49007147,-892.56645643591,1703.9517563615327,-892.7671520434471,-6.704236663664258,-0.8408447368616515,-6.704151834773169,17470.347063123747,0.0,0.1982440594157468,1.9482726234074998,2244157.3495041556,578.2771319026116
337900.0,4557893.406081508,567839.5199021,4557836.17983522,-893.236888698418,1703.8676534794204,-893.4375758209342,-6.704408514990701,-0.8412130913298871,-6.704323643439368,17470.347063123747,0.0,0.1982440594157468,1.9482726234074998,2244157.3495041556,578.2771319026116
338000.0,4557804.048870309,568009.9024607672,4557746.802555733,-893.907338124445,1703.78351370581,-894.1080167576674,-6.704579932416629,-0.8415825695055666,-6.704495018073004,17470.347063123747,0.0,0.1982440594157468,1.9482726234074998,2244157.3495041556,578.2771319026116
338100.0,4557714.624613312,568180.2766036077,4557657.358231298,-894.5778046701107,1703.6993369275222,-894.7784748097536,-6.704750906115749,-0.8419531876008786,-6.704665948845875,17470.347063123747,0.0,0.1982440594157468,1.9482726234074998,2244157.3495041556,578.2771319026116
338200.0,4557625.133308806,568350.6423269154,4557567.846860203,-895.2482882905446,1703.6151230297437,-895.4489499323084,-6.704921426100357,-0.8423249620826686,-6.704836425768334,17470.347063123747,0.0,0.1982440594157468,1.9482726234074998,2244157.3495041556,578.2771319026116
338300.0,4557535.574955086,568520.9996269725,4557478.268440744,-895.9187889398688,1703.530871896002,-896.1194420794407,-6.705091482218672,-0.8426979096766228,-6.705006438686627,17470.347063123747,0.0,0.1982440594157468,1.9482726234074998,2244157.3495041556,578.2771319026116
338400.0,4557445.949550452,568691.3485000494,4557388.622971221,-896.5893065711823,1703.4465834081386,-896.7899512042352,-6.705261064151986,-0.8430720473714829,-6.705175977280043,17470.347063123747,0.0,0.1982440594157468,1.9482726234074998,2244157.3495041556,578.2771319026116
338500.0,4557356.257093207,568861.6889424049,4557298.910449939,-897.2598411365436,1703.3622574462827,-897.4604772587364,-6.705430161411875,-0.8434473924233628,-6.705345031058124,17470.347063123747,0.0,0.1982440594157468,1.9482726234074998,2244157.3495041556,578.2771319026116
338600.0,4557266.497581662,569032.0209502855,4557209.130875207,-897.9303925869538,1703.2778938888246,-898.1310201939311,-6.705598763337308,-0.8438239623601276,-6.7055135893577695,17470.347063123747,0.0,0.1982440594157468,1.9482726234074998,2244157.3495041556,578.2771319026116
338700.0,4557176.671014129,569202.3445199254,4557119.284245339,-898.6009608723389,1703.193492612388,-898.8015799597309,-6.705766859091705,-0.8442017749858393,-6.705681641340298,17470.347063123747,0.0,0.1982440594157468,1.9482726234074998,2244157.3495041556,578.2771319026116
338800.0,4557086.777388928,569372.6596475465,4557029.370558656,-899.2715459415327,1703.109053491802,-899.4721565049549,-6.705934437659971,-0.8445808483852941,-6.705849175988486,17470.347063123747,0.0,0.1982440594157468,1.9482726234074998,2244157.3495041556,578.2771319026116
338900.0,4556996.816704383,569542.966329358,4556939.389813481,-899.9421477422583,1703.024576400073,-900.1427497773111,-6.706101487845444,-0.8449612009286177,-6.706016182103499,17470.347063123747,0.0,0.1982440594157468,1.9482726234074998,2244157.3495041556,578.2771319026116
339000.0,4556906.788958823,569713.2645615565,4556849.342008145,-900.6127662211098,1702.9400612083564,-900.8133597233787,-6.7062679982668225,-0.8453428512759564,-6.70618264830184,17470.347063123747,0.0,0.1982440594157468,1.9482726234074998,2244157.3495041556,578.2771319026116
339100.0,4556816.694150585,569883.5543403254,4556759.227140983,-901.2834013235341,1702.8555077859262,-901.4839862885888,-6.706433957354998,-0.8457258183822315,-6.7063485630121615,17470.347063123747,0.0,0.1982440594157468,1.9482726234074998,2244157.3495041556,578.2771319026116
339200.0,4556726.532278007,570053.8356618349,4556669.045210335,-901.9540529938113,1702.7709160001464,-902.1546294172063,-6.706599353349902,-0.8461101215019965,-6.706513914472124,17470.347063123747,0.0,0.1982440594157468,1.9482726234074998,2244157.3495041556,578.2771319026116
339300.0,4556636.303339436,570224.1085222422,4556578.796214549,-902.624721175036,1702.6862857164404,-902.8252890523098,-6.706764174297197,-0.8464957801943438,-6.706678690725083,17470.347063123747,0.0,0.1982440594157468,1.9482726234074998,2244157.3495041556,578.2771319026116
339400.0,4556546.007333224,570394.3729176904,4556488.480151976,-903.2954058090976,1702.6016167982598,-903.4959651357727,-6.706928408045005,-0.8468828143279299,-6.7068428796168185,17470.347063123747,0.0,0.1982440594157468,1.9482726234074998,2244157.3495041556,578.2771319026116
339500.0,4556455.644257728,570564.6288443094,4556398.097020975,-903.9661068366602,1702.5169091070543,-904.1666576082429,-6.707092042240532,-0.8472712440860646,-6.707006468792152,17470.347063123747,0.0,0.1982440594157468,1.9482726234074998,2244157.3495041556,578.2771319026116
339600.0,4556365.214111312,570734.8762982147,4556307.64681991,-904.6368241971423,1702.4321625022387,-904.8373664091222,-6.707255064326626,-0.8476610899718903,-6.707169445691515,17470.347063123747,0.0,0.1982440594157468,1.9482726234074998,2244157.3495041556,578.2771319026116
339700.0,4556274.716892347,570905.1152755079,4556217.129547151,-905.3075578286966,1702.3473768411618,-905.5080914765466,-6.707417461538287,-0.848052372813652,-6.707331797547453,17470.347063123747,0.0,0.1982440594157468,1.9482726234074998,2244157.3495041556,578.2771319026116
339800.0,4556184.152599207,571075.3457722762,4556126.545201074,-905.9783076681886,1702.2625519790727,-906.1788327473645,-6.707579220899149,-0.8484451137700627,-6.707493511381102,17470.347063123747,0.0,0.1982440594157468,1.9482726234074998,2244157.3495041556,578.2771319026116
339900.0,4556093.521230276,571245.567784592,4556035.893780063,-906.6490736511753,1702.177687769088,-906.8495901571158,-6.707740329217829,-0.848839334335747,-6.707654573998544,17470.347063123747,0.0,0.1982440594157468,1.9482726234074998,2244157.3495041556,578.2771319026116
340000.0,4556002.822783941,571415.7813085134,4555945.175282506,-907.319855711884,1702.0927840621578,-907.5203636400101,-6.707900773084265,-0.8492350563467843,-6.707814971987139,17470.347063123747,0.0,0.1982440594157468,1.9482726234074998,2244157.3495041556,578.2771319026116
340100.0,4555912.057258599,571585.9863400828,4555854.389706801,-907.9906537831896,1702.0078407070314,-908.1911531289047,-6.708060538865981,-0.8496323019863536,-6.707974691711796,17470.347063123747,0.0,0.1982440594157468,1.9482726234074998,2244157.3495041556,578.2771319026116
340200.0,4555821.224652653,571756.182875328,4555763.537051349,-908.6614677965927,1701.922857550222,-908.861958555282,-6.708219612704275,-0.8500310937904636,-6.708133719311157,17470.347063123747,0.0,0.1982440594157468,1.9482726234074998,2244157.3495041556,578.2771319026116
340300.0,4555730.32496451,571926.370910261,4555672.61731456,-909.3322976821963,1701.8378344359717,-909.5327798492267,-6.7083779805103365,-0.8504314546537819,-6.708292040693708,17470.347063123747,0.0,0.1982440594157468,1.9482726234074998,2244157.3495041556,578.2771319026116
340400.0,4555639.358192589,572096.550440878,4555581.630494853,-910.0031433686831,1701.7527712062144,-910.2036169394029,-6.708535627961324,-0.8508334078355723,-6.708449641533863,17470.347063123747,0.0,0.1982440594157468,1.9482726234074998,2244157.3495041556,578.2771319026116
340500.0,4555548.3243353125,572266.7214631597,4555490.576590649,-910.6740047832916,1701.66766770054,-910.8744697530302,-6.708692540496333,-0.8512369769657288,-6.708606507267933,17470.347063123747,0.0,0.1982440594157468,1.9482726234074998,2244157.3495041556,578.2771319026116
340600.0,4555457.223391111,572436.8839730702,4555399.455600381,-911.344881851792,1701.5825237561564,-911.5453382158597,-6.708848703312327,-0.8516421860509081,-6.7087626230900455,17470.347063123747,0.0,0.1982440594157468,1.9482726234074998,2244157.3495041556,578.2771319026116
340700.0,4555366.055358423,572607.0379665574,4555308.267522487,-912.0157744984621,1701.497339207852,-912.2162222521497,-6.709004101359972,-0.852049059480774,-6.708917973947993,17470.347063123747,0.0,0.1982440594157468,1.9482726234074998,2244157.3495041556,578.2771319026116
340800.0,4555274.820235695,572777.1834395527,4555217.012355414,-912.686682646062,1701.4121138879566,-912.8871217846407,-6.7091587193394036,-0.8524576220343372,-6.709072544538984,17470.347063123747,0.0,0.1982440594157468,1.9482726234074998,2244157.3495041556,578.2771319026116
340900.0,4555183.51802138,572947.3203879703,4555125.690097616,-913.3576062158094,1701.3268476263024,-913.5580367345303,-6.709312541695946,-0.8528678988864296,-6.709226319305374,17470.347063123747,0.0,0.1982440594157468,1.9482726234074998,2244157.3495041556,578.2771319026116
341000.0,4555092.14871394,573117.4488077075,4555034.300747556,-914.0285451273535,1701.241540250184,-914.2289670214474,-6.70946555261571,-0.8532799156142576,-6.709379282430262,17470.347063123747,0.0,0.1982440594157468,1.9482726234074998,2244157.3495041556,578.2771319026116
341100.0,4555000.712311845,573287.568694644,4554942.844303703,-914.699499298749,1701.1561915843179,-914.8999125634259,-6.709617736021142,-0.8536936982040843,-6.709531417833021,17470.347063123747,0.0,0.1982440594157468,1.9482726234074998,2244157.3495041556,578.2771319026116
341200.0,4554909.208813574,573457.6800446421,4554851.320764537,-915.3704686464293,1701.0708014508014,-915.5708732768785,-6.709769075566491,-0.8541092730580315,-6.70968270916479,17470.347063123747,0.0,0.1982440594157468,1.9482726234074998,2244157.3495041556,578.2771319026116
341300.0,4554817.638217613,573627.7828535459,4554759.730128544,-916.0414530851799,1700.9853696690705,-916.2418490765693,-6.70991955463319,-0.8545266670009826,-6.709833139803833,17470.347063123747,0.0,0.1982440594157468,1.9482726234074998,2244157.3495041556,578.2771319026116
341400.0,4554726.000522457,573797.8771171814,4554668.072394221,-916.7124525281104,1700.899896055857,-916.9128398755864,-6.710069156325157,-0.8549459072876227,-6.709982692850859,17470.347063123747,0.0,0.1982440594157468,1.9482726234074998,2244157.3495041556,578.2771319026116
341500.0,4554634.29572661,573967.9628313564,4554576.347560072,-917.3834668866267,1700.8143804251456,-917.583845585314,-6.7102178634640115,-0.855367021609577,-6.710131351124216,17470.347063123747,0.0,0.1982440594157468,1.9482726234074998,2244157.3495041556,578.2771319026116
341600.0,4554542.523828586,574138.0399918596,4554484.555624611,-918.0544960704028,1700.7288225881298,-918.2548661154035,-6.710365658584211,-0.8557900381026972,-6.710279097155044,17470.347063123747,0.0,0.1982440594157468,1.9482726234074998,2244157.3495041556,578.2771319026116
341700.0,4554450.684826905,574308.1085944608,4554392.696586358,-918.7255399873513,1700.643222353167,-918.9259013737452,-6.7105125239281,-0.8562149853544544,-6.710425913182315,17470.347063123747,0.0,0.1982440594157468,1.9482726234074998,2244157.3495041556,578.2771319026116
341800.0,4554358.7787201,574478.1686349105,4554300.770443848,-919.3965985435943,1700.5575795257325,-919.5969512664383,-6.710658441440854,-0.8566418924114595,-6.710571781147775,17470.347063123747,0.0,0.1982440594157468,1.9482726234074998,2244157.3495041556,578.2771319026116
341900.0,4554266.805506712,574648.2201089396,4554208.777195621,-920.0676716434335,1700.4718939083746,-920.268015697761,-6.710803392765366,-0.8570707887871326,-6.710716682690839,17470.347063123747,0.0,0.1982440594157468,1.9482726234074998,2244157.3495041556,578.2771319026116
342000.0,4554174.76518529,574818.2630122592,4554116.716840228,-920.7387591893194,1700.3861653006654,-920.9390945701405,-6.710947359237016,-0.8575017044694788,-6.7108605991433485,17470.347063123747,0.0,0.1982440594157468,1.9482726234074998,2244157.3495041556,578.2771319026116
342100.0,4554082.657754395,574988.2973405599,4554024.58937623,-921.4098610818203,1700.3003934991552,-921.6101877841211,-6.711090321878359,-0.8579346699290182,-6.711003511524259,17470.347063123747,0.0,0.1982440594157468,1.9482726234074998,2244157.3495041556,578.2771319026116
342200.0,4553990.483212599,575158.3230895123,4553932.394802197,-922.0809772195912,1700.2145782973223,-922.2812952383333,-6.711232261393714,-0.8583697161268378,-6.71114540053424,17470.347063123747,0.0,0.1982440594157468,1.9482726234074998,2244157.3495041556,578.2771319026116
342300.0,4553898.24155848,575328.3402547657,4553840.133116711,-922.7521074993413,1700.1287194855238,-922.9524168294618,-6.711373158163653,-0.8588068745227937,-6.711286246550154,17470.347063123747,0.0,0.1982440594157468,1.9482726234074998,2244157.3495041556,578.2771319026116
342400.0,4553805.9327906305,575498.3488319486,4553747.804318364,-923.4232518158012,1700.042816850946,-923.6235524522122,-6.711512992239399,-0.8592461770838411,-6.7114260296194495,17470.347063123747,0.0,0.1982440594157468,1.9482726234074998,2244157.3495041556,578.2771319026116
342500.0,4553713.556907652,575668.3488166679,4553655.408405757,-924.0944100616903,1699.9568701775527,-924.2947019992782,-6.7116517433371365,-0.8596876562925359,-6.711564729454478,17470.347063123747,0.0,0.1982440594157468,1.9482726234074998,2244157.3495041556,578.2771319026116
342600.0,4553621.113908157,575838.3402045089,4553562.9453775035,-924.7655821276823,1699.870879246033,-924.965865361308,-6.711789390832174,-0.8601313451556367,-6.711702325426657,17470.347063123747,0.0,0.1982440594157468,1.9482726234074998,2244157.3495041556,578.2771319026116
342700.0,4553528.603790769,576008.3229910345,4553470.415232228,-925.4367679023712,1699.784843833749,-925.6370424268694,-6.711925913753074,-0.8605772772129117,-6.711838796560589,17470.347063123747,0.0,0.1982440594157468,1.9482726234074998,2244157.3495041556,578.2771319026116
342800.0,4553436.0265541235,576178.2971717854,4553377.817968565,-926.1079672722366,1699.6987637146817,-926.308233082415,-6.712061290775604,-0.8610254865460473,-6.711974121528019,17470.347063123747,0.0,0.1982440594157468,1.9482726234074998,2244157.3495041556,578.2771319026116
342900.0,4553343.382196866,576348.2627422796,4553285.153585162,-926.7791801216073,1699.6126386593767,-926.9794372122469,-6.712195500216626,-0.8614760077877402,-6.712108278641727,17470.347063123747,0.0,0.1982440594157468,1.9482726234074998,2244157.3495041556,578.2771319026116
343000.0,4553250.670717654,576518.2196980116,4553192.422080677,-927.4504063326259,1699.526468434888,-927.6506546984803,-6.7123285200278735,-0.8619288761309429,-6.7122412458492935,17470.347063123747,0.0,0.1982440594157468,1.9482726234074998,2244157.3495041556,578.2771319026116
343100.0,4553157.892115158,576688.168034453,4553099.623453781,-928.1216457852116,1699.4402528047224,-928.3218854210062,-6.712460327789601,-0.8623841273382609,-6.712373000726751,17470.347063123747,0.0,0.1982440594157468,1.9482726234074998,2244157.3495041556,578.2771319026116
343200.0,4553065.04638806,576858.107747051,4553006.757703156,-928.7928983570226,1699.3539915287809,-928.9931292574549,-6.712590900704121,-0.8628417977515155,-6.712503520472126,17470.347063123747,0.0,0.1982440594157468,1.9482726234074998,2244157.3495041556,578.2771319026116
343300.0,4552972.133535054,577028.0388312291,4552913.824827497,-929.4641639234185,1699.2676843633014,-929.6643860831571,-6.712720215589245,-0.8633019243014807,-6.71263278189887,17470.347063123747,0.0,0.1982440594157468,1.9482726234074998,2244157.3495041556,578.2771319026116
343400.0,4552879.1535548465,577197.9612823859,4552820.82482551,-930.1354423574207,1699.181331060799,-930.3356557711052,-6.712848248871575,-0.8637645445177734,-6.712760761429162,17470.347063123747,0.0,0.1982440594157468,1.9482726234074998,2244157.3495041556,578.2771319026116
343500.0,4552786.106446158,577367.875095895,4552727.757695918,-930.806733529674,1699.094931370005,-931.0069381919142,-6.712974976579724,-0.8642296965389348,-6.712887435087109,17470.347063123747,0.0,0.1982440594157468,1.9482726234074998,2244157.3495041556,578.2771319026116
343600.0,4552692.992207721,577537.7802671051,4552634.623437452,-931.4780373084054,1699.0084850358064,-931.6782332137813,-6.713100374337347,-0.8646974191226647,-6.7130127784917955,17470.347063123747,0.0,0.1982440594157468,1.9482726234074998,2244157.3495041556,578.2771319026116
343700.0,4552599.810838281,577707.6767913388,4552541.422048859,-932.1493535593839,1698.921991799183,-932.3495407024448,-6.713224417356118,-0.8651677516562559,-6.71313676685025,17470.347063123747,0.0,0.1982440594157468,1.9482726234074998,2244157.3495041556,578.2771319026116
343800.0,4552506.5623365985,577877.5646638928,4552448.1535289,-932.8206821458789,1698.8354513971433,-933.020860521143,-6.713347080428522,-0.8656407341671863,-6.713259374950231,17470.347063123747,0.0,0.1982440594157468,1.9482726234074998,2244157.3495041556,578.2771319026116
343900.0,4552413.246701445,578047.4438800372,4552354.817876348,-933.4920229286174,1698.7488635626617,-933.692192530572,-6.713468337920559,-0.8661164073339186,-6.713380577152943,17470.347063123747,0.0,0.1982440594157468,1.9482726234074998,2244157.3495041556,578.2771319026116
344000.0,4552319.86393161,578217.3144350152,4552261.415089992,-934.1633757657419,1698.6622280246108,-934.3635365888418,-6.713588163764299,-0.8665948124968713,-6.713500347385576,17470.347063123747,0.0,0.1982440594157468,1.9482726234074998,2244157.3495041556,578.2771319026116
344100.0,4552226.414025895,578387.1763240428,4552167.945168633,-934.8347405127655,1698.5755445076961,-935.0348925514335,-6.7137065314503035,-0.8670759916695857,-6.713618659133732,17470.347063123747,0.0,0.1982440594157468,1.9482726234074998,2244157.3495041556,578.2771319026116
344200.0,4552132.896983116,578557.0295423082,4552074.408111089,-935.5061170225285,1698.4888127323875,-935.7062602711541,-6.713823414019905,-0.867559987550088,-6.713735485433707,17470.347063123747,0.0,0.1982440594157468,1.9482726234074998,2244157.3495041556,578.2771319026116
344300.0,4552039.312802103,578726.8740849713,4551980.803916192,-936.1775051451523,1698.4020324148503,-936.3776395980917,-6.71393878405738,-0.8680468435324531,-6.713850798864659,17470.347063123747,0.0,0.1982440594157468,1.9482726234074998,2244157.3495041556,578.2771319026116
344400.0,4551945.661481705,578896.7099471635,4551887.132582787,-936.8489047279934,1698.315203266875,-937.049030379569,-6.714052613681926,-0.8685366037185568,-6.713964571540579,17470.347063123747,0.0,0.1982440594157468,1.9482726234074998,2244157.3495041556,578.2771319026116
344500.0,4551851.943020781,579066.5371239872,4551793.394109739,-937.5203156155969,1698.2283249958064,-937.7204324600965,-6.714164874539548,-0.8690293129300504,-6.714076775102184,17470.347063123747,0.0,0.1982440594157468,1.9482726234074998,2244157.3495041556,578.2771319026116
344600.0,4551758.157418209,579236.3556105153,4551699.588495924,-938.1917376496484,1698.1413973044705,-938.3918456813248,-6.714275537794763,-0.869525016720525,-6.714187380708617,17470.347063123747,0.0,0.1982440594157468,1.9482726234074998,2244157.3495041556,578.2771319026116
344700.0,4551664.304672884,579406.1654017908,4551605.715740236,-938.8631706689255,1698.0544198911007,-939.0632698819959,-6.714384574122178,-0.8700237613879083,-6.714296359029019,17470.347063123747,0.0,0.1982440594157468,1.9482726234074998,2244157.3495041556,578.2771319026116
344800.0,4551570.384783714,579575.966492826,4551511.775841587,-939.5346145092483,1697.9673924492627,-939.734704897894,-6.7144919536979,-0.8705255939870613,-6.714403680233946,17470.347063123747,0.0,0.1982440594157468,1.9482726234074998,2244157.3495041556,578.2771319026116
344900.0,4551476.397749626,579745.7588786026,4551417.768798903,-940.2060690034294,1697.8803146677787,-940.4061505617948,-6.7145976461908035,-0.8710305623426058,-6.714509313986629,17470.347063123747,0.0,0.1982440594157468,1.9482726234074998,2244157.3495041556,578.2771319026116
345000.0,4551382.343569564,579915.542554071,4551323.694611126,-940.8775339812227,1697.7931862306496,-941.077606703415,-6.7147016207536225,-0.8715387150619635,-6.714613229434065,17470.347063123747,0.0,0.1982440594157468,1.9482726234074998,2244157.3495041556,578.2771319026116
345100.0,4551288.222242487,580085.3175141496,4551229.553277218,-941.5490092692706,1697.706006816975,-941.7490731493594,-6.714803846013909,-0.8720501015486397,-6.7147153951979766,17470.347063123747,0.0,0.1982440594157468,1.9482726234074998,2244157.3495041556,578.2771319026116
345200.0,4551194.033767372,580255.0837537243,4551135.344796157,-942.2204946910523,1697.6187761008748,-942.4205497230687,-6.714904290064802,-0.8725647720157244,-6.714815779365579,17470.347063123747,0.0,0.1982440594157468,1.9482726234074998,2244157.3495041556,578.2771319026116
345300.0,4551099.778143217,580424.8412676486,4551041.069166942,-942.8919900668288,1697.5314937514056,-943.0920362447647,-6.715002920455648,-0.8730827774996368,-6.714914349480196,17470.347063123747,0.0,0.1982440594157468,1.9482726234074998,2244157.3495041556,578.2771319026116
345400.0,4551005.455369034,580594.5900507423,4550946.726388583,-943.5634952135886,1697.4441594324794,-943.7635325313964,-6.715099704182445,-0.8736041698741126,-6.715011072531704,17470.347063123747,0.0,0.1982440594157468,1.9482726234074998,2244157.3495041556,578.2771319026116
345500.0,4550911.065443855,580764.3300977914,4550852.316460116,-944.2350099449916,1697.3567728027779,-944.4350383965836,-6.715194607678109,-0.8741290018644303,-6.715105914946795,17470.347063123747,0.0,0.1982440594157468,1.9482726234074998,2244157.3495041556,578.2771319026116
345600.0,4550816.608366732,580934.0614035475,4550757.839380591,-944.9065340713124,1697.269333515667,-945.1065536505603,-6.715287596802568,-0.8746573270618803,-6.715198842579076,17470.347063123747,0.0,0.1982440594157468,1.9482726234074998,2244157.3495041556,578.2771319026116
345700.0,4550722.084136734,581103.7839627275,4550663.2951490795,-945.5780673993828,1697.1818412191103,-945.7780781001163,-6.715378636832694,-0.8751891999385161,-6.715289820698987,17470.347063123747,0.0,0.1982440594157468,1.9482726234074998,2244157.3495041556,578.2771319026116
345800.0,4550627.492752952,581273.4977700125,4550568.683764671,-946.2496097325325,1697.0942955555788,-946.4496115485395,-6.715467692452015,-0.8757246758621238,-6.715378813983526,17470.347063123747,0.0,0.1982440594157468,1.9482726234074998,2244157.3495041556,578.2771319026116
345900.0,4550532.834214494,581443.2028200476,4550474.005226476,-946.9211608705294,1697.0066961619614,-947.1211537955548,-6.715554727740278,-0.8762638111114883,-6.715465786505796,17470.347063123747,0.0,0.1982440594157468,1.9482726234074998,2244157.3495041556,578.2771319026116
346000.0,4550438.10852049,581612.8991074415,4550379.259533625,-947.592720609519,1696.9190426694731,-947.7927046372645,-6.715639706162803,-0.8768066628919073,-6.715550701724369,17470.347063123747,0.0,0.1982440594157468,1.9482726234074998,2244157.3495041556,578.2771319026116
346100.0,4550343.315670092,581782.5866267657,4550284.446685269,-948.2642887419619,1696.8313347035614,-948.4642638660847,-6.715722590559654,-0.8773532893509882,-6.715633522472443,17470.347063123747,0.0,0.1982440594157468,1.9482726234074998,2244157.3495041556,578.2771319026116
346200.0,4550248.455662469,581952.2653725537,4550189.5666805785,-948.935865056571,1696.7435718838112,-949.1358312706838,-6.715803343134593,-0.8779037495947066,-6.715714210946804,17470.347063123747,0.0,0.1982440594157468,1.9482726234074998,2244157.3495041556,578.2771319026116
346300.0,4550153.528496815,582121.9353393011,4550094.6195187485,-949.6074493382473,1696.655753823848,-949.8074066359172,-6.715881925443866,-0.8784581037037758,-6.715792728696615,17470.347063123747,0.0,0.1982440594157468,1.9482726234074998,2244157.3495041556,578.2771319026116
346400.0,4550058.534172343,582291.5965214642,4549999.605198993,-950.2790413680148,1696.5678801312401,-950.4789897427627,-6.715958298384772,-0.8790164127502852,-6.715869036611961,17470.347063123747,0.0,0.1982440594157468,1.9482726234074998,2244157.3495041556,578.2771319026116
346500.0,4549963.47268829,582461.2489134597,4549904.523720549,-950.9506409229535,1696.4799504073983,-951.1505803682531,-6.716032422183996,-0.8795787388146097,-6.7159430949122045,17470.347063123747,0.0,0.1982440594157468,1.9482726234074998,2244157.3495041556,578.2771319026116
346600.0,4549868.344043915,582630.8925096644,4549809.375082676,-951.6222477761323,1696.391964247474,-951.8221782854098,-6.71610425638579,-0.8801451450026762,-6.716014863134145,17470.347063123747,0.0,0.1982440594157468,1.9482726234074998,2244157.3495041556,578.2771319026116
346700.0,4549773.1482385,582800.5273044143,4549714.159284657,-952.2938616965398,1696.3039212402564,-952.4937832631728,-6.716173759839866,-0.8807156954634603,-6.716084300119929,17470.347063123747,0.0,0.1982440594157468,1.9482726234074998,2244157.3495041556,578.2771319026116
346800.0,4549677.885271348,582970.1532920037,4549618.876325796,-952.9654824490142,1696.2158209680663,-953.1653950663311,-6.716240890689151,-0.8812904554068672,-6.716151364004785,17470.347063123747,0.0,0.1982440594157468,1.9482726234074998,2244157.3495041556,578.2771319026116
346900.0,4549582.55514179,583139.770466685,4549523.526205424,-953.6371097941723,1696.1276630066502,-953.8370134554516,-6.716305606357236,-0.8818694911218479,-6.716216012204482,17470.347063123747,0.0,0.1982440594157468,1.9482726234074998,2244157.3495041556,578.2771319026116
347000.0,4549487.157849178,583309.3788226676,4549428.108922894,-954.3087434883367,1696.039446925071,-954.508638186806,-6.716367863535666,-0.8824528699949127,-6.716278201402611,17470.347063123747,0.0,0.1982440594157468,1.9482726234074998,2244157.3495041556,578.2771319026116
347100.0,4549391.693392889,583478.978354118,4549332.624477584,-954.9803832834622,1695.9511722855968,-955.1802690122975,-6.716427618170954,-0.8830406605289151,-6.716337887537599,17470.347063123747,0.0,0.1982440594157468,1.9482726234074998,2244157.3495041556,578.2771319026116
347200.0,4549296.161772326,583648.569055158,4549237.072868897,-955.65202892706,1695.8628386435896,-955.8519056793849,-6.716484825451376,-0.883632932362183,-6.716395025789508,17470.347063123747,0.0,0.1982440594157468,1.9482726234074998,2244157.3495041556,578.2771319026116
347300.0,4549200.562986917,583818.1509198649,4549141.454096261,-956.323680162122,1695.7744455473892,-956.523547931007,-6.71653943979353,-0.8842297562880053,-6.716449570566576,17470.347063123747,0.0,0.1982440594157468,1.9482726234074998,2244157.3495041556,578.2771319026116
347400.0,4549104.897036116,583987.7239422704,4549045.768159132,-956.9953367270425,1695.6859925381978,-957.195195505504,-6.716591414828635,-0.8848312042744306,-6.716501475491531,17470.347063123747,0.0,0.1982440594157468,1.9482726234074998,2244157.3495041556,578.2771319026116
347500.0,4549009.163919402,584157.28811636,4548950.015056991,-957.6669983555394,1695.5974791499614,-957.8668481365386,-6.716640703388603,-0.8854373494844568,-6.7165506933876475,17470.347063123747,0.0,0.1982440594157468,1.9482726234074998,2244157.3495041556,578.2771319026116
347600.0,4548913.363636284,584326.843436072,4548854.194789345,-958.3386647765726,1695.5089049092487,-958.5385055530152,-6.716687257491821,-0.8860482662965251,-6.716597176264539,17470.347063123747,0.0,0.1982440594157468,1.9482726234074998,2244157.3495041556,578.2771319026116
347700.0,4548817.496186296,584496.3898952974,4548758.30735573,-959.0103357142631,1695.4202693351294,-959.2101674789978,-6.716731028328718,-0.8866640303254237,-6.716640875303702,17470.347063123747,0.0,0.1982440594157468,1.9482726234074998,2244157.3495041556,578.2771319026116
347800.0,4548721.561569001,584665.9274878782,4548662.352755709,-959.6820108878086,1695.3315719390487,-959.8818336336269,-6.716771966247033,-0.8872847184435433,-6.716681740843813,17470.347063123747,0.0,0.1982440594157468,1.9482726234074998,2244157.3495041556,578.2771319026116
347900.0,4548625.559783988,584835.4562076079,4548566.330988872,-960.3536900113991,1695.2428122247006,-960.5535037310336,-6.716810020736834,-0.8879104088024968,-6.716719722365707,17470.347063123747,0.0,0.1982440594157468,1.9482726234074998,2244157.3495041556,578.2771319026116
348000.0,4548529.490830877,585004.9760482291,4548470.242054841,-961.0253727941298,1695.1539896878996,-961.2251774802539,-6.716845140415253,-0.8885411808551449,-6.71675476847714,17470.347063123747,0.0,0.1982440594157468,1.9482726234074998,2244157.3495041556,578.2771319026116
348100.0,4548433.354709317,585174.4870034343,4548374.085953264,-961.6970589399136,1695.0651038164485,-961.8968545851402,-6.7168772730109385,-0.889177115377979,-6.71678682689723,17470.347063123747,0.0,0.1982440594157468,1.9482726234074998,2244157.3495041556,578.2771319026116
348200.0,4548337.151418987,585343.989066864,4548277.8626838215,-962.368748147391,1694.9761540900056,-962.5685347442717,-6.7169063653482475,-0.889818294493949,-6.716815844440643,17470.347063123747,0.0,0.1982440594157468,1.9482726234074998,2244157.3495041556,578.2771319026116
348300.0,4548240.880959596,585513.4822321063,4548181.572246224,-963.0404401098391,1694.8871399799484,-963.2402176508632,-6.7169323633311215,-0.8904648016956465,-6.716841767001461,17470.347063123747,0.0,0.1982440594157468,1.9482726234074998,2244157.3495041556,578.2771319026116
348400.0,4548144.543330884,585682.966492696,4548085.21464021,-963.7121345150787,1694.7980609492356,-963.9119029926721,-6.716955211926679,-0.8911167218689285,-6.716864539536785,17470.347063123747,0.0,0.1982440594157468,1.9482726234074998,2244157.3495041556,578.2771319026116
348500.0,4548048.138532622,585852.4418421139,4547988.789865554,-964.3838310453797,1694.708916452267,-964.5835904519041,-6.716974855148508,-0.8917741413169512,-6.716884106050016,17470.347063123747,0.0,0.1982440594157468,1.9482726234074998,2244157.3495041556,578.2771319026116
348600.0,4547951.6665646145,586021.9082737857,4547892.29792206,-965.055529377365,1694.6197059347398,-965.2552797051168,-6.716991236039647,-0.8924371477846297,-6.716900409573837,17470.347063123747,0.0,0.1982440594157468,1.9482726234074998,2244157.3495041556,578.2771319026116
348700.0,4547855.127426698,586191.3657810814,4547795.738809564,-965.7272291819128,1694.530428833504,-965.9269704231217,-6.717004296655268,-0.8931058304835363,-6.716913392152889,17470.347063123747,0.0,0.1982440594157468,1.9482726234074998,2244157.3495041556,578.2771319026116
348800.0,4547758.521118741,586360.8143573139,4547699.112527938,-966.3989301240563,1694.4410845764135,-966.5986622708848,-6.717013978045019,-0.8937802801172336,-6.716922994826116,17470.347063123747,0.0,0.1982440594157468,1.9482726234074998,2244157.3495041556,578.2771319026116
348900.0,4547661.847640647,586530.2539957388,4547602.4190770835,-967.0706318628829,1694.351672582177,-967.2703549074249,-6.717020220235072,-0.8944605889070645,-6.716929157608801,17470.347063123747,0.0,0.1982440594157468,1.9482726234074998,2244157.3495041556,578.2771319026116
349000.0,4547565.106992353,586699.6846895528,4547505.658456941,-967.7423340514306,1694.2621922602032,-967.9420479857104,-6.717022962209817,-0.8951468506184039,-6.716931819474272,17470.347063123747,0.0,0.1982440594157468,1.9482726234074998,2244157.3495041556,578.2771319026116
349100.0,4547468.299173833,586869.1064318932,4547408.830667484,-968.414036336583,1694.1726430104463,-968.613741152554,-6.717022141893221,-0.8958391605873444,-6.716930918335239,17470.347063123747,0.0,0.1982440594157468,1.9482726234074998,2244157.3495041556,578.2771319026116
349200.0,4547371.424185094,587038.5192158369,4547311.93570872,-969.0857383589622,1694.0830242232475,-969.2854340485061,-6.71701769612988,-0.8965376157479293,-6.716926391024856,17470.347063123747,0.0,0.1982440594157468,1.9482726234074998,2244157.3495041556,578.2771319026116
349300.0,4547274.482026182,587207.9230343993,4547214.973580696,-969.7574397528201,1693.9933352791734,-969.9571263077455,-6.717009560665664,-0.8972423146597843,-6.716918173277362,17470.347063123747,0.0,0.1982440594157468,1.9482726234074998,2244157.3495041556,578.2771319026116
349400.0,4547177.472697177,587377.3178805332,4547117.944283493,-970.4291401459274,1693.903575548852,-970.6288175579687,-6.716997670128067,-0.8979533575363006,-6.716906199708419,17470.347063123747,0.0,0.1982440594157468,1.9482726234074998,2244157.3495041556,578.2771319026116
349500.0,4547080.396198198,587546.7037471281,4547020.847817231,-971.1008391594607,1693.813744392806,-971.3005074202769,-6.716981958006144,-0.8986708462732923,-6.716890403795058,17470.347063123747,0.0,0.1982440594157468,1.9482726234074998,2244157.3495041556,578.2771319026116
349600.0,4546983.252529403,587716.0806270092,4546923.684182068,-971.772536407888,1693.7238411612836,-971.9721955090613,-6.716962356630129,-0.8993948844781849,-6.716870717855278,17470.347063123747,0.0,0.1982440594157468,1.9482726234074998,2244157.3495041556,578.2771319026116
349700.0,4546886.0416909885,587885.4485129358,4546826.453378201,-972.4442314988512,1693.633865194085,-972.6438814318861,-6.716938797150624,-0.9001255774996919,-6.716847073027247,17470.347063123747,0.0,0.1982440594157468,1.9482726234074998,2244157.3495041556,578.2771319026116
349800.0,4546788.763683189,588054.8073976011,4546729.155405867,-973.1159240330476,1693.5438158203876,-973.3155647893695,-6.716911209517452,-0.9008630324580548,-6.7168193992481475,17470.347063123747,0.0,0.1982440594157468,1.9482726234074998,2244157.3495041556,578.2771319026116
349900.0,4546691.4185062805,588224.1572736303,4546631.790265342,-973.7876136041084,1693.4536923585667,-973.9872451750624,-6.716879522458105,-0.9016073582758071,-6.716787625232611,17470.347063123747,0.0,0.1982440594157468,1.9482726234074998,2244157.3495041556,578.2771319026116
350000.0,4546594.006160581,588393.4981335801,4546534.357956945,-974.4592997984757,1693.363494116014,-974.6589221753251,-6.716843663455777,-0.902358665709085,-6.716751678450758,17470.347063123747,0.0,0.1982440594157468,1.9482726234074998,2244157.3495041556,578.2771319026116
350100.0,4546496.526646447,588562.8299699373,4546436.858481035,-975.1309821952767,1693.2732203889523,-975.3305953692018,-6.716803558727019,-0.9031170673794965,-6.716711485105845,17470.347063123747,0.0,0.1982440594157468,1.9482726234074998,2244157.3495041556,578.2771319026116
350200.0,4546398.979964282,588732.1527751179,4546339.291838013,-975.8026603661958,1693.182870462248,-976.0022643282927,-6.7167591331989716,-0.9038826778065694,-6.716666970111495,17470.347063123747,0.0,0.1982440594157468,1.9482726234074998,2244157.3495041556,578.2771319026116
350300.0,4546301.36611453,588901.4665414656,4546241.658028325,-976.474333875345,1693.0924436092193,-976.6739286166238,-6.716710310486176,-0.9046556134407736,-6.716618057068502,17470.347063123747,0.0,0.1982440594157468,1.9482726234074998,2244157.3495041556,578.2771319026116
350400.0,4546203.685097678,589070.771261251,4546143.95705246,-977.1460022791309,1693.0019390914413,-977.345587790515,-6.716657012866954,-0.9054359926971159,-6.716564668241209,17470.347063123747,0.0,0.1982440594157468,1.9482726234074998,2244157.3495041556,578.2771319026116
350500.0,4546105.93691426,589240.06692667,4546046.188910952,-977.8176651261202,1692.9113561585475,-978.0172413984442,-6.71659916125937,-0.9062239359893846,-6.716506724533464,17470.347063123747,0.0,0.1982440594157468,1.9482726234074998,2244157.3495041556,578.2771319026116
350600.0,4546008.121564853,589409.3535298434,4545948.353604381,-978.4893219569025,1692.8206940480293,-978.6888889809111,-6.716536675196719,-0.9070195657649298,-6.716444145464115,17470.347063123747,0.0,0.1982440594157468,1.9482726234074998,2244157.3495041556,578.2771319026116
350700.0,4545910.239050084,589578.6310628146,4545850.451133372,-979.1609723039501,1692.7299519850299,-979.3605300702968,-6.716469472802604,-0.9078230065401584,-6.716376849142059,17470.347063123747,0.0,0.1982440594157468,1.9482726234074998,2244157.3495041556,578.2771319026116
350800.0,4545812.289370624,589747.8995175491,4545752.481498599,-979.8326156914765,1692.639129182136,-980.0321641907218,-6.716397470765514,-0.9086343849365713,-6.716304752240838,17470.347063123747,0.0,0.1982440594157468,1.9482726234074998,2244157.3495041556,578.2771319026116
350900.0,4545714.272527194,589917.158885933,4545654.444700782,-980.5042516352909,1692.5482248391654,-980.703790857901,-6.716320584312947,-0.9094538297175242,-6.716227769972751,17470.347063123747,0.0,0.1982440594157468,1.9482726234074998,2244157.3495041556,578.2771319026116
351000.0,4545616.188520562,590086.4091597717,4545556.340740692,-981.1758796426514,1692.4572381429507,-981.3754095789966,-6.716238727185064,-0.9102814718255864,-6.7161458160625,17470.347063123747,0.0,0.1982440594157468,1.9482726234074998,2244157.3495041556,578.2771319026116
351100.0,4545518.037351547,590255.6503307889,4545458.169619148,-981.8474992121145,1692.3661682671197,-982.0470198524674,-6.716151811607845,-0.9111174444206155,-6.716058802720349,17470.347063123747,0.0,0.1982440594157468,1.9482726234074998,2244157.3495041556,578.2771319026116
351200.0,4545419.819021018,590424.8823906246,4545359.931337019,-982.5191098333825,1692.2750143718722,-982.7186211679168,-6.716059748265754,-0.911961882918479,-6.715966640614771,17470.347063123747,0.0,0.1982440594157468,1.9482726234074998,2244157.3495041556,578.2771319026116
351300.0,4545321.533529896,590594.1053308343,4545261.625895229,-983.1907109871477,1692.1837756037514,-983.3902130059365,-6.715962446273891,-0.9128149250305013,-6.715869238844611,17470.347063123747,0.0,0.1982440594157468,1.9482726234074998,2244157.3495041556,578.2771319026116
351400.0,4545223.180879154,590763.3191428874,4545163.253294751,-983.8623021449345,1692.0924510954133,-984.0617948379486,-6.71585981314964,-0.9136767108035793,-6.715766504910721,17470.347063123747,0.0,0.1982440594157468,1.9482726234074998,2244157.3495041556,578.2771319026116
351500.0,4545124.761069818,590932.523818166,4545064.813536612,-984.5338827689379,1692.0010399653904,-984.7333661260441,-6.715751754783786,-0.9145473826610694,-6.715658344687069,17470.347063123747,0.0,0.1982440594157468,1.9482726234074998,2244157.3495041556,578.2771319026116
351600.0,4545026.27410297,591101.7193479632,4544966.306621895,-985.2054523118594,1691.9095413178527,-985.4049263228187,-6.715638175411094,-0.915427085444338,-6.715544662391324,17470.347063123747,0.0,0.1982440594157468,1.9482726234074998,2244157.3495041556,578.2771319026116
351700.0,4544927.719979744,591270.905723482,4544867.732551736,-985.8770102167399,1691.8179542423632,-986.0764748712061,-6.715518977580351,-0.9163159664551522,-6.7154253605548835,17470.347063123747,0.0,0.1982440594157468,1.9482726234074998,2244157.3495041556,578.2771319026116
351800.0,4544829.098701334,591440.0829358334,4544769.091327328,-986.5485559167897,1691.7262778136298,-986.7480112043073,-6.715394062123845,-0.9172141754987266,-6.715300339992346,17470.347063123747,0.0,0.1982440594157468,1.9482726234074998,2244157.3495041556,578.2771319026116
351900.0,4544730.4102689875,591609.250976035,4544670.382949921,-987.2200888352152,1691.6345110912532,-987.4195347452178,-6.715263328126288,-0.9181218649276373,-6.715169499770438,17470.347063123747,0.0,0.1982440594157468,1.9482726234074998,2244157.3495041556,578.2771319026116
352000.0,4544631.654684013,591778.40983501,4544571.6074208245,-987.8916083850423,1691.5426531194694,-988.0910449068509,-6.7151266728931525,-0.9190391896864493,-6.715032737176342,17470.347063123747,0.0,0.1982440594157468,1.9482726234074998,2244157.3495041556,578.2771319026116
352100.0,4544532.8319477765,591947.5595035849,4544472.764741406,-988.5631139689376,1691.4507029268884,-988.7625410917584,-6.714983991918423,-0.9199663073571956,-6.714889947685438,17470.347063123747,0.0,0.1982440594157468,1.9482726234074998,2244157.3495041556,578.2771319026116
352200.0,4544433.9420617055,592116.6999724885,4544373.854913092,-989.2346049790249,1691.3586595262282,-989.4340226919477,-6.714835178851765,-0.9209033782056614,-6.714741024928468,17470.347063123747,0.0,0.1982440594157468,1.9482726234074998,2244157.3495041556,578.2771319026116
352300.0,4544334.985027287,592285.8312323497,4544274.877937374,-989.9060807966993,1691.2665219140442,-990.1054890886957,-6.714680125465054,-0.921850565228503,-6.714585860658067,17470.347063123747,0.0,0.1982440594157468,1.9482726234074998,2244157.3495041556,578.2771319026116
352400.0,4544235.960846073,592454.9532736968,4544175.833815802,-990.5775407924378,1691.1742890704538,-990.7769396523589,-6.714518721618318,-0.9228080342011731,-6.714424344714689,17470.347063123747,0.0,0.1982440594157468,1.9482726234074998,2244157.3495041556,578.2771319026116
352500.0,4544136.869519677,592624.0660869549,4544076.722549993,-991.2489843256067,1691.0819599588554,-991.4483737421813,-6.714350855225014,-0.9237759537267841,-6.714256364991889,17470.347063123747,0.0,0.1982440594157468,1.9482726234074998,2244157.3495041556,578.2771319026116
352600.0,4544037.711049778,592793.1696624446,4543977.544141625,-991.9204107442644,1690.9895335256438,-992.1197907060971,-6.714176412216695,-0.9247544952857917,-6.714081807400966,17470.347063123747,0.0,0.1982440594157468,1.9482726234074998,2244157.3495041556,578.2771319026116
352700.0,4543938.485438121,592962.2639903803,4543878.2985924445,-992.591819384962,1690.89700869992,-992.7911898805311,-6.71399527650698,-0.925743833286619,-6.713900555834957,17470.347063123747,0.0,0.1982440594157468,1.9482726234074998,2244157.3495041556,578.2771319026116
352800.0,4543839.192686516,593131.3490608686,4543778.985904264,-993.2632095725398,1690.8043843931953,-993.462570590195,-6.713807329954899,-0.926744145117103,-6.713712492131945,17470.347063123747,0.0,0.1982440594157468,1.9482726234074998,2244157.3495041556,578.2771319026116
352900.0,4543739.832796844,593300.4248639061,4543679.606078965,-993.9345806199194,1690.7116594990914,-994.13393214788,-6.713612452327517,-0.9277556111970174,-6.7135174960376895,17470.347063123747,0.0,0.1982440594157468,1.9482726234074998,2244157.3495041556,578.2771319026116
353000.0,4543640.405771053,593469.4913893781,4543580.159118496,-994.605931827893,1690.618832893034,-994.8052738542457,-6.7134105212618875,-0.9287784150313808,-6.713315445167584,17470.347063123747,0.0,0.1982440594157468,1.9482726234074998,2244157.3495041556,578.2771319026116
353100.0,4543540.911611163,593638.5486270563,4543480.645024879,-995.2772624849084,1690.525903431942,-995.4765949976049,-6.713201412226289,-0.9298127432648533,-6.713106214967868,17470.347063123747,0.0,0.1982440594157468,1.9482726234074998,2244157.3495041556,578.2771319026116
353200.0,4543441.350319265,593807.5965665973,4543381.0638002055,-995.9485718668502,1690.4328699539099,-996.1478948537052,-6.712984998480742,-0.9308587857370194,-6.712889678676148,17470.347063123747,0.0,0.1982440594157468,1.9482726234074998,2244157.3495041556,578.2771319026116
353300.0,4543341.721897524,593976.6351975405,4543281.415446642,-996.619859236817,1690.339731277887,-996.8191726855058,-6.7127611510367915,-0.9319167355387574,-6.712665707281169,17470.347063123747,0.0,0.1982440594157468,1.9482726234074998,2244157.3495041556,578.2771319026116
353400.0,4543242.026348177,594145.6645093063,4543181.699966428,-997.2911238448942,1690.246486203348,-997.4904277429505,-6.7125297386165395,-0.9329867890695308,-6.712434169481849,17470.347063123747,0.0,0.1982440594157468,1.9482726234074998,2244157.3495041556,578.2771319026116
353500.0,4543142.263673539,594314.684491194,4543081.917361878,-997.9623649279233,1690.15313350996,-998.1616592627367,-6.712290627610919,-0.9340691460958129,-6.712194931645527,17470.347063123747,0.0,0.1982440594157468,1.9482726234074998,2244157.3495041556,578.2771319026116
353600.0,4543042.433876001,594483.6951323798,4542982.067635385,-998.6335817092667,1690.059671957243,-998.8328664680806,-6.712043682037182,-0.9351640098104681,-6.711947857765474,17470.347063123747,0.0,0.1982440594157468,1.9482726234074998,2244157.3495041556,578.2771319026116
353700.0,4542942.536958033,594652.6964219149,4542882.150789421,-999.3047733985677,1689.9661002842229,-999.5040485684768,-6.711788763495607,-0.9362715868932742,-6.711692809417555,17470.347063123747,0.0,0.1982440594157468,1.9482726234074998,2244157.3495041556,578.2771319026116
353800.0,4542842.572922184,594821.6883487232,4542782.166826535,-999.9759391915075,1689.8724172090815,-1000.175204759455,-6.711525731125386,-0.9373920875725307,-6.711429645716149,17470.347063123747,0.0,0.1982440594157468,1.9482726234074998,2244157.3495041556,578.2771319026116
353900.0,4542742.541771085,594990.6709015998,4542682.11574936,-1000.6470782695557,1689.7786214287976,-1000.8463342223313,-6.711254441559711,-0.9385257256877331,-6.71115822326919,17470.347063123747,0.0,0.1982440594157468,1.9482726234074998,2244157.3495041556,578.2771319026116
354000.0,4542642.443507449,595159.6440692081,4542581.997560609,-1001.3181897997183,1689.6847116187828,-1001.5174361239552,-6.710974748879988,-0.9396727187534577,-6.710878396132408,17470.347063123747,0.0,0.1982440594157468,1.9482726234074998,2244157.3495041556,578.2771319026116
354100.0,4542542.278134072,595328.6078400777,4542481.812263082,-1001.98927293428,1689.5906864325107,-1002.1885096164527,-6.710686504569237,-0.9408332880242967,-6.710590015762693,17470.347063123747,0.0,0.1982440594157468,1.9482726234074998,2244157.3495041556,578.2771319026116
354200.0,4542442.045653838,595497.5622026031,4542381.559859661,-1002.6603268105418,1689.4965445011396,-1002.8595538369632,-6.710389557464591,-0.9420076585611028,-6.710292930970606,17470.347063123747,0.0,0.1982440594157468,1.9482726234074998,2244157.3495041556,578.2771319026116
354300.0,4542341.746069714,595666.5071450401,4542281.240353319,-1003.3313505505541,1689.4022844331291,-1003.5305679073729,-6.710083753708926,-0.9431960592982805,-6.709986987871994,17470.347063123747,0.0,0.1982440594157468,1.9482726234074998,2244157.3495041556,578.2771319026116
354400.0,4542241.379384762,595835.4426555047,4542180.853747115,-1004.0023432608448,1689.3079048138484,-1004.2015509340428,-6.709768936701594,-0.9443987231124131,-6.709672029838705,17470.347063123747,0.0,0.1982440594157468,1.9482726234074998,2244157.3495041556,578.2771319026116
354500.0,4542140.945602127,596004.3687219699,4542080.400044197,-1004.6733040321425,1689.213404205179,-1004.8725020075317,-6.709444947048201,-0.945615886892103,-6.70934789744838,17470.347063123747,0.0,0.1982440594157468,1.9482726234074998,2244157.3495041556,578.2771319026116
354600.0,4542040.444725051,596173.285332264,4541979.879247809,-1005.3442319390946,1689.1187811451098,-1005.5434202023146,-6.709111622509492,-0.9468477916090139,-6.709014428433306,17470.347063123747,0.0,0.1982440594157468,1.9482726234074998,2244157.3495041556,578.2771319026116
354700.0,4541939.8767568655,596342.1924740677,4541879.291361284,-1006.01512603998,1689.024034147326,-1006.214304576495,-6.708768797949255,-0.9480946823902844,-6.70867145762833,17470.347063123747,0.0,0.1982440594157468,1.9482726234074998,2244157.3495041556,578.2771319026116
354800.0,4541839.241701001,596511.0901349118,4541778.636388053,-1006.6859853764173,1688.9291617007887,-1006.8851541715131,-6.708416305281265,-0.9493568085922022,-6.708318816917777,17470.347063123747,0.0,0.1982440594157468,1.9482726234074998,2244157.3495041556,578.2771319026116
354900.0,4541738.539560982,596679.9783021751,4541677.914331642,-1007.3568089730662,1688.8341622693092,-1007.5559680118475,-6.708053973415209,-0.9506344238752348,-6.707956335181387,17470.347063123747,0.0,0.1982440594157468,1.9482726234074998,2244157.3495041556,578.2771319026116
355000.0,4541637.7703404315,596848.8569630809,4541577.1251956755,-1008.0275958373253,1688.7390342911142,-1008.2267451047124,-6.707681628201651,-0.9519277862803832,-6.707583838239248,17470.347063123747,0.0,0.1982440594157468,1.9482726234074998,2244157.3495041556,578.2771319026116
355100.0,4541536.934043073,597017.7261046956,4541476.268983879,-1008.6983449590227,1688.6437761784039,-1008.8974844397486,-6.707299092375904,-0.9532371583069914,-6.707201148795682,17470.347063123747,0.0,0.1982440594157468,1.9482726234074998,2244157.3495041556,578.2771319026116
355200.0,4541436.030672732,597186.5857139251,4541375.3457000805,-1009.3690553101022,1688.5483863169025,-1009.5681849887093,-6.706906185500921,-0.954562806991873,-6.706808086382106,17470.347063123747,0.0,0.1982440594157468,1.9482726234074998,2244157.3495041556,578.2771319026116
355300.0,4541335.060233338,597355.4357775127,4541274.35534821,-1010.0397258443026,1688.4528630654,-1010.2388457051395,-6.706502723909061,-0.9559050039899429,-6.706404467298801,17470.347063123747,0.0,0.1982440594157468,1.9482726234074998,2244157.3495041556,578.2771319026116
355400.0,4541234.022728926,597524.2762820363,4541173.2979323035,-1010.7103554968318,1688.357204755287,-1010.9094655240506,-6.7060885206427905,-0.957264025656299,-6.7059901045556,17470.347063123747,0.0,0.1982440594157468,1.9482726234074998,2244157.3495041556,578.2771319026116
355500.0,4541132.918163638,597693.1072139053,4541072.173456505,-1011.3809431840352,1688.2614096900802,-1011.5800433615875,-6.705663385394281,-0.9586401531297605,-6.705564807811475,17470.347063123747,0.0,0.1982440594157468,1.9482726234074998,2244157.3495041556,578.2771319026116
355600.0,4541031.746541725,597861.9285593583,4540970.9819250675,-1012.0514878030575,1688.1654761449392,-1012.2505781146913,-6.70522712444387,-0.9600336724179123,-6.70512838331299,17470.347063123747,0.0,0.1982440594157468,1.9482726234074998,2244157.3495041556,578.2771319026116
355700.0,4540930.50786755,598030.7403044599,4540869.723342355,-1012.7219882314978,1688.069402366176,-1012.9210686607543,-6.704779540597362,-0.9614448744837896,-6.70468063383159,17470.347063123747,0.0,0.1982440594157468,1.9482726234074998,2244157.3495041556,578.2771319026116
355800.0,4540829.202145589,598199.5424350977,4540768.397712846,-1013.3924433270597,1687.973186570755,-1013.5915138572697,-6.704320433122158,-0.9628740553340289,-6.704221358599719,17470.347063123747,0.0,0.1982440594157468,1.9482726234074998,2244157.3495041556,578.2771319026116
355900.0,4540727.829380433,598368.3349369798,4540667.005041134,-1014.0628519271938,1687.8768269457837,-1014.261912541474,-6.703849597682212,-0.9643215161086107,-6.703750353245773,17470.347063123747,0.0,0.1982440594157468,1.9482726234074998,2244157.3495041556,578.2771319026116
356000.0,4540626.389576792,598537.1177956312,4540565.545331928,-1014.7332128487343,1687.7803216479956,-1014.9322635299839,-6.7033668262717425,-0.96578756317233,-6.703267409727794,17470.347063123747,0.0,0.1982440594157468,1.9482726234074998,2244157.3495041556,578.2771319026116
356100.0,4540524.882739493,598705.8909963912,4540464.018590058,-1015.4035248875283,1687.6836688032224,-1015.6025656184254,-6.702871907147702,-0.9672725082078873,-6.702772316265918,17470.347063123747,0.0,0.1982440594157468,1.9482726234074998,2244157.3495041556,578.2771319026116
356200.0,4540423.308873485,598874.6545244101,4540362.424820475,-1016.073786818059,1687.5868665058576,-1016.2728175810568,-6.702364624761006,-0.9687766683105901,-6.702264857273621,17470.347063123747,0.0,0.1982440594157468,1.9482726234074998,2244157.3495041556,578.2771319026116
356300.0,4540321.667983841,599043.4083646461,4540260.764028254,-1016.7439973930616,1687.4899128183106,-1016.9430181703844,-6.701844759686447,-0.9703003660848878,-6.701744813287593,17470.347063123747,0.0,0.1982440594157468,1.9482726234074998,2244157.3495041556,578.2771319026116
356400.0,4540219.96007576,599212.1525018619,4540159.036218596,-1017.4141553431318,1687.3928057704507,-1017.6131661167716,-6.701312088551327,-0.9718439297425436,-6.701211960896383,17470.347063123747,0.0,0.1982440594157468,1.9482726234074998,2244157.3495041556,578.2771319026116
356500.0,4540118.185154569,599380.8869206215,4540057.241396829,-1018.0842593763277,1687.2955433590414,-1018.28326012804,-6.700766383962702,-0.9734076932027627,-6.700666072667609,17470.347063123747,0.0,0.1982440594157468,1.9482726234074998,2244157.3495041556,578.2771319026116
356600.0,4540016.343225726,599549.6116052871,4539955.379568412,-1018.7543081777641,1687.198123547165,-1018.953298889064,-6.700207414433332,-0.9749919961938789,-6.700106917073908,17470.347063123747,0.0,0.1982440594157468,1.9482726234074998,2244157.3495041556,578.2771319026116
356700.0,4539914.43429482,599718.3265400153,4539853.450738938,-1019.424300409199,1687.1005442636365,-1019.6232810613571,-6.699634944306167,-0.97659718435719,-6.699534258417416,17470.347063123747,0.0,0.1982440594157468,1.9482726234074998,2244157.3495041556,578.2771319026116
356800.0,4539812.458367576,599887.0317087539,4539751.454914132,-1020.0942347086132,1687.0028034024058,-1020.2932052826517,-6.69904873367749,-0.9782236093523924,-6.6989478567528815,17470.347063123747,0.0,0.1982440594157468,1.9482726234074998,2244157.3495041556,578.2771319026116
356900.0,4539710.415449856,600055.7270952385,4539649.392099859,-1020.7641096897814,1686.904898821952,-1020.9630701664696,-6.698448538318551,-0.9798716289651849,-6.698347467809303,17470.347063123747,0.0,0.1982440594157468,1.9482726234074998,2244157.3495041556,578.2771319026116
357000.0,4539608.305547662,600224.4126829884,4539547.262302124,-1021.4339239418362,1686.8068283446648,-1021.6328743016863,-6.6978341095957985,-0.9815416072165992,-6.697732842910138,17470.347063123747,0.0,0.1982440594157468,1.9482726234074998,2244157.3495041556,578.2771319026116
357100.0,4539506.128667139,600393.0884553038,4539445.065527072,-1022.1036760288226,1686.7085897562154,-1022.3026162520858,-6.697205194389556,-0.9832339144744874,-6.697103728891974,17470.347063123747,0.0,0.1982440594157468,1.9482726234074998,2244157.3495041556,578.2771319026116
357200.0,4539403.884814577,600561.754395261,4539342.801780995,-1022.7733644892465,1686.6101808049157,-1022.9722945559079,-6.696561535011224,-0.9849489275669543,-6.696459868021698,17470.347063123747,0.0,0.1982440594157468,1.9482726234074998,2244157.3495041556,578.2771319026116
357300.0,4539301.573996412,600730.4104857098,4539240.4710703315,-1023.4429878356127,1686.5115992010676,-1023.6419077253871,-6.695902869118877,-0.9866870298978628,-6.69580099791211,17470.347063123747,0.0,0.1982440594157468,1.9482726234074998,2244157.3495041556,578.2771319026116
357400.0,4539199.196219231,600899.0567092686,4539138.073401671,-1024.1125445539556,1686.4128426162986,-1024.3114542462831,-6.695228929631325,-0.988448611564457,-6.6951268514359485,17470.347063123747,0.0,0.1982440594157468,1.9482726234074998,2244157.3495041556,578.2771319026116
357500.0,4539096.751489773,601067.6930483214,4539035.608781755,-1024.7820331033606,1686.313908682887,-1024.980932577402,-6.694539444640537,-0.9902340694770708,-6.694437156638307,17470.347063123747,0.0,0.1982440594157468,1.9482726234074998,2244157.3495041556,578.2771319026116
357600.0,4538994.239814934,601236.3194850134,4538933.077217481,-1025.451451915478,1686.214794993074,-1025.6503411501094,-6.693834137322429,-0.9920438074811009,-6.693731636647406,17470.347063123747,0.0,0.1982440594157468,1.9482726234074998,2244157.3495041556,578.2771319026116
357700.0,4538891.661201768,601404.9360012467,4538830.478715904,-1026.1207993940252,1686.115499098365,-1026.3196783678343,-6.693112725845978,-0.9938782364810937,-6.693010009583689,17470.347063123747,0.0,0.1982440594157468,1.9482726234074998,2244157.3495041556,578.2771319026116
357800.0,4538789.015657487,601573.5425786766,4538727.813284241,-1026.7900739142829,1686.016018508816,-1026.9889426055631,-6.692374923280629,-0.9957377745671695,-6.692271988467224,17470.347063123747,0.0,0.1982440594157468,1.9482726234074998,2244157.3495041556,578.2771319026116
357900.0,4538686.303189471,601742.1391987075,4538625.080929871,-1027.4592738225797,1685.9163506923096,-1027.6581322093257,-6.691620437501955,-0.9976228471437192,-6.691517281123343,17470.347063123747,0.0,0.1982440594157468,1.9482726234074998,2244157.3495041556,578.2771319026116
358000.0,4538583.523805265,601910.7258424883,4538522.281660343,-1028.128397435768,1685.8164930738171,-1028.3272454956702,-6.690848971095588,-0.9995338870603632,-6.6907455900865545,17470.347063123747,0.0,0.1982440594157468,1.9482726234074998,2244157.3495041556,578.2771319026116
358100.0,4538480.677512584,602079.3024909083,4538419.415483373,-1028.7974430406903,1685.7164430346468,-1028.9962807511304,-6.690060221259296,-1.0014713347454134,-6.689956612502608,17470.347063123747,0.0,0.1982440594157468,1.9482726234074998,2244157.3495041556,578.2771319026116
358200.0,4538377.764319316,602247.8691245925,4538316.482406852,-1029.4664088936352,1685.6161979116794,-1029.6652362316802,-6.689253879703222,-1.0034356383417655,-6.689150040028715,17470.347063123747,0.0,0.1982440594157468,1.9482726234074998,2244157.3495041556,578.2771319026116
358300.0,4538274.784233523,602416.4257238976,4538213.482438845,-1030.1352932197835,1685.51575499659,-1030.334110162181,-6.688429632548333,-1.005427253845035,-6.688325558731986,17470.347063123747,0.0,0.1982440594157468,1.9482726234074998,2244157.3495041556,578.2771319026116
358400.0,4538171.737263449,602584.972268907,4538110.4155875975,-1030.8040942126452,1685.4151115350558,-1031.0029007358175,-6.687587160222855,-1.0074466452445006,-6.687482848985849,17470.347063123747,0.0,0.1982440594157468,1.9482726234074998,2244157.3495041556,578.2771319026116
358500.0,4538068.623417519,602753.5087394264,4538007.281861537,-1031.472810033483,1685.314264725949,-1031.6716061135219,-6.686726137356828,-1.0094942846664408,-6.686621585364574,17470.347063123747,0.0,0.1982440594157468,1.9482726234074998,2244157.3495041556,578.2771319026116
358600.0,4537965.442704343,602922.035114979,4537904.081269277,-1032.141438810729,1685.2132117205167,-1032.3402244233898,-6.685846232674664,-1.0115706525201162,-6.685741436535837,17470.347063123747,0.0,0.1982440594157468,1.9482726234074998,2244157.3495041556,578.2771319026116
358700.0,4537862.195132721,603090.5513748007,4537800.813819619,-1032.8099786393873,1685.1119496215447,-1033.0087537600837,-6.684947108885719,-1.0136762376463362,-6.684842065151251,17470.347063123747,0.0,0.1982440594157468,1.9482726234074998,2244157.3495041556,578.2771319026116
358800.0,4537758.880711645,603259.0574978354,4537697.479521556,-1033.4784275804284,1685.0104754825065,-1033.6771921842255,-6.684028422572756,-1.0158115374688526,-6.683923127734829,17470.347063123747,0.0,0.1982440594157468,1.9482726234074998,2244157.3495041556,578.2771319026116
358900.0,4537655.499450301,603427.5534627294,4537594.078384278,-1034.1467836601691,1684.9087863066982,-1034.345537721779,-6.68308982407836,-1.0179770581484042,-6.68298427456937,17470.347063123747,0.0,0.1982440594157468,1.9482726234074998,2244157.3495041556,578.2771319026116
359000.0,4537552.051358075,603596.0392478273,4537490.610417175,-1034.8150448696442,1684.8068790463558,-1035.0137883634188,-6.682130957389199,-1.020173314739611,-6.682025149580707,17470.347063123747,0.0,0.1982440594157468,1.9482726234074998,2244157.3495041556,578.2771319026116
359100.0,4537448.536444557,603764.5148311659,4537387.075629837,-1035.4832091639644,1684.704750601759,-1035.6819420638897,-6.681151460018147,-1.0224008313506516,-6.681045390219809,17470.347063123747,0.0,0.1982440594157468,1.9482726234074998,2244157.3495041556,578.2771319026116
359200.0,4537344.954719542,603932.9801904698,4537283.474032063,-1036.1512744616628,1684.6023978203173,-1036.3499967413525,-6.680150962884167,-1.0246601413058638,-6.680044627342642,17470.347063123747,0.0,0.1982440594157468,1.9482726234074998,2244157.3495041556,578.2771319026116
359300.0,4537241.306193035,604101.4353031453,4537179.805633861,-1036.8192386440296,1684.4998174956395,-1037.0179502767194,-6.679129090189905,-1.02695178731147,-6.679022485087749,17470.347063123747,0.0,0.1982440594157468,1.9482726234074998,2244157.3495041556,578.2771319026116
359400.0,4537137.590875256,604269.8801462755,4537076.070445451,-1037.4870995544347,1684.3970063665881,-1037.6858005129748,-6.678085459297101,-1.0292763216239171,-6.677978580751639,17470.347063123747,0.0,0.1982440594157468,1.9482726234074998,2244157.3495041556,578.2771319026116
359500.0,4537033.80877664,604438.3146966146,4536972.268477274,-1038.1548549976364,1684.2939611163154,-1038.3535452544854,-6.67701968059953,-1.0316343062217115,-6.676912524661707,17470.347063123747,0.0,0.1982440594157468,1.9482726234074998,2244157.3495041556,578.2771319026116
359600.0,4536929.9599078465,604606.7389305823,4536868.399739991,-1038.8225027390786,1684.1906783712823,-1039.021182266297,-6.67593135739367,-1.0340263129800582,-6.6758239200468825,17470.347063123747,0.0,0.1982440594157468,1.9482726234074998,2244157.3495041556,578.2771319026116
359700.0,4536826.044279758,604775.1528242581,4536764.464244488,-1039.4900405041747,1684.0871547002598,-1039.6887092734182,-6.6748200857468705,-1.0364529238488298,-6.674712362905772,17470.347063123747,0.0,0.1982440594157468,1.9482726234074998,2244157.3495041556,578.2771319026116
359800.0,4536722.061903488,604943.5563533753,4536660.462001881,-1040.1574659775779,1683.9833866133129,-1040.3561239600897,-6.673685454363092,-1.0389147310336895,-6.673577441872386,17470.347063123747,0.0,0.1982440594157468,1.9482726234074998,2244157.3495041556,578.2771319026116
359900.0,4536618.012790384,605111.9494933153,4536556.393023519,-1040.8247768024376,1683.8793705607654,-1041.023423969042,-6.672527044446126,-1.0414123371805317,-6.672418738079323,17470.347063123747,0.0,0.1982440594157468,1.9482726234074998,2244157.3495041556,578.2771319026116
360000.0,4536513.896952029,605280.3322191016,4536452.25732099,-1041.4919705796428,1683.7751029321469,-1041.690606900738,-6.671344429560231,-1.0439463555632198,-6.671235825018409,17470.347063123747,0.0,0.1982440594157468,1.9482726234074998,2244157.3495041556,578.2771319026116
360100.0,4536409.714400251,605448.7045053935,4536348.054906123,-1042.1590448670515,1683.67058005512,-1042.3576703126018,-6.6701371754881436,-1.0465174102748869,-6.670028268398653,17470.347063123747,0.0,0.1982440594157468,1.9482726234074998,2244157.3495041556,578.2771319026116
360200.0,4536305.465147122,605617.0663264799,4536243.785790995,-1042.8259971787045,1683.565798194389,-1043.0246117182335,-6.66890484008651,-1.04912613642242,-6.668795626001682,17470.347063123747,0.0,0.1982440594157468,1.9482726234074998,2244157.3495041556,578.2771319026116
360300.0,4536201.149204966,605785.417656273,4536139.449987931,-1043.492824984026,1683.4607535505886,-1043.6914285866085,-6.6676469731385275,-1.051773180324705,-6.667537447534345,17470.347063123747,0.0,0.1982440594157468,1.9482726234074998,2244157.3495041556,578.2771319026116
360400.0,4536096.766586361,605953.7584683019,4536035.047509515,-1044.159525707008,1683.355442259153,-1044.358118341263,-6.666363116203841,-1.0544591997144046,-6.666253274478591,17470.347063123747,0.0,0.1982440594157468,1.9482726234074998,2244157.3495041556,578.2771319026116
360500.0,4535992.317304148,606122.0887357057,4535930.578368587,-1044.826096725382,1683.2498603891634,-1045.0246783594637,-6.6650528024656674,-1.0571848639433388,-6.6649426399385705,17470.347063123747,0.0,0.1982440594157468,1.9482726234074998,2244157.3495041556,578.2771319026116
360600.0,4535887.801371429,606290.4084312273,4535826.042578257,-1045.4925353697718,1683.1440039421761,-1045.6911059713625,-6.663715556575022,-1.0599508541916194,-6.663605068484831,17470.347063123747,0.0,0.1982440594157468,1.9482726234074998,2244157.3495041556,578.2771319026116
360700.0,4535783.218801578,606458.7175272062,4535721.440151897,-1046.1588389228332,1683.0378688510298,-1046.3573984591353,-6.6623508944920635,-1.0627578636805348,-6.662240075995636,17470.347063123747,0.0,0.1982440594157468,1.9482726234074998,2244157.3495041556,578.2771319026116
360800.0,4535678.56960824,606627.0159955716,4535616.77110316,-1046.8250046183769,1682.931450978629,-1047.023553056104,-6.660958323324409,-1.0656065978893938,-6.6608471694952724,17470.347063123747,0.0,0.1982440594157468,1.9482726234074998,2244157.3495041556,578.2771319026116
360900.0,4535573.853805344,606795.3038078357,4535512.035445976,-1047.4910296404746,1682.824746116709,-1047.6895669458438,-6.659537341162533,-1.0684977747760782,-6.6594258469893965,17470.347063123747,0.0,0.1982440594157468,1.9482726234074998,2244157.3495041556,578.2771319026116
361000.0,4535469.071407097,606963.580935086,4535407.233194557,-1048.1569111225494,1682.717749984576,-1048.355437261272,-6.65808743691194,-1.0714321250018917,-6.657975597297202,17470.347063123747,0.0,0.1982440594157468,1.9482726234074998,2244157.3495041556,578.2771319026116
361100.0,4535364.222428001,607131.8473479785,4535302.364363407,-1048.822646146449,1682.6104582278247,-1049.0211610837223,-6.656608090122363,-1.0744103921601276,-6.656495899880577,17470.347063123747,0.0,0.1982440594157468,1.9482726234074998,2244157.3495041556,578.2771319026116
361200.0,4535259.306882849,607300.1030167298,4535197.428967322,-1049.4882317415002,1682.5028664170347,-1049.6867354419985,-6.655098770813667,-1.077433333008984,-6.6549862246699885,17470.347063123747,0.0,0.1982440594157468,1.9482726234074998,2244157.3495041556,578.2771319026116
361300.0,4535154.324786735,607468.34791111,4535092.427021401,-1050.1536648835483,1682.394970046442,-1050.3521573114142,-6.65355893929849,-1.0805017177086926,-6.653446031887089,17470.347063123747,0.0,0.1982440594157468,1.9482726234074998,2244157.3495041556,578.2771319026116
361400.0,4535049.276155056,607636.5820004345,4534987.358541045,-1050.8189424939776,1682.2867645325857,-1051.0174236128119,-6.6519880460016525,-1.0836163300627932,-6.651874771864112,17470.347063123747,0.0,0.1982440594157468,1.9482726234074998,2244157.3495041556,578.2771319026116
361500.0,4534944.161003524,607804.8052535565,4534882.2235419685,-1051.4840614387117,1682.1782452129326,-1051.682531211565,-6.650385531276147,-1.0867779677638394,-6.650271884859807,17470.347063123747,0.0,0.1982440594157468,1.9482726234074998,2244157.3495041556,578.2771319026116
361600.0,4534838.979348164,607973.0176388589,4534777.0220401995,-1052.1490185271991,1682.0694073444752,-1052.3474769165618,-6.648750825215675,-1.0899874426435558,-6.64863680087197,17470.347063123747,0.0,0.1982440594157468,1.9482726234074998,2244157.3495041556,578.2771319026116
361700.0,4534733.731205323,608141.2191242463,4534671.7540520895,-1052.8138105113762,1681.9602461023055,-1053.0122574791692,-6.647083347463743,-1.0932455809274513,-6.646968939446501,17470.347063123747,0.0,0.1982440594157468,1.9482726234074998,2244157.3495041556,578.2771319026116
361800.0,4534628.416591676,608309.4096771367,4534566.419594319,-1053.4784340846134,1681.8507565781624,-1053.6768695921778,-6.64538250701916,-1.0965532234940336,-6.645267709482866,17470.347063123747,0.0,0.1982440594157468,1.9482726234074998,2244157.3495041556,578.2771319026116
361900.0,4534523.035524232,608477.5892644529,4534461.018683898,-1054.1428858806403,1681.7409337789531,-1054.341309888728,-6.643647702037897,-1.0999112261387392,-6.643532509035935,17470.347063123747,0.0,0.1982440594157468,1.9482726234074998,2244157.3495041556,578.2771319026116
362000.0,4534417.588020341,608645.7578526142,4534355.551338182,-1054.8071624724519,1681.6307726252487,-1055.0055749412143,-6.641878319631325,-1.1033204598424888,-6.641762725114182,17470.347063123747,0.0,0.1982440594157468,1.9482726234074998,2244157.3495041556,578.2771319026116
362100.0,4534312.074097695,608813.9154075274,4534250.017574867,-1055.471260371193,1681.520267949751,-1055.669661260172,-6.64007373566059,-1.106781811045288,-6.639957733474026,17470.347063123747,0.0,0.1982440594157468,1.9482726234074998,2244157.3495041556,578.2771319026116
362200.0,4534206.493774341,608982.0618945783,4534144.417412005,-1056.135176025024,1681.4094144957337,-1056.3335652931405,-6.638233314527292,-1.1102961819244446,-6.638116898410483,17470.347063123747,0.0,0.1982440594157468,1.9482726234074998,2244157.3495041556,578.2771319026116
362300.0,4534100.847068685,609150.1972786224,4534038.750868005,-1056.798905817963,1681.2982069154539,-1056.9972834235064,-6.63635640896016,-1.1138644906780477,-6.636239572543805,17470.347063123747,0.0,0.1982440594157468,1.9482726234074998,2244157.3495041556,578.2771319026116
362400.0,4533995.133999496,609318.3215239759,4533933.01796164,-1057.4624460687087,1681.186639768536,-1057.660811969326,-6.63444235979783,-1.1174876718133857,-6.63432509660222,17470.347063123747,0.0,0.1982440594157468,1.9482726234074998,2244157.3495041556,578.2771319026116
362500.0,4533889.354585914,609486.4345944062,4533827.218712055,-1058.1257930294398,1681.0747075203258,-1058.3241471821243,-6.632490495767496,-1.1211666764406982,-6.632372799200557,17470.347063123747,0.0,0.1982440594157468,1.9482726234074998,2244157.3495041556,578.2771319026116
362600.0,4533783.508847459,609654.5364531224,4533721.353138775,-1058.7889428845926,1680.9624045402156,-1058.987285245673,-6.630500133259601,-1.1249024725719243,-6.630381996614888,17470.347063123747,0.0,0.1982440594157468,1.9482726234074998,2244157.3495041556,578.2771319026116
362700.0,4533677.596804036,609822.6270627658,4533615.421261707,-1059.4518917496166,1680.849725099939,-1059.650222274745,-6.628470576098212,-1.1286960454250587,-6.6283519925528855,17470.347063123747,0.0,0.1982440594157468,1.9482726234074998,2244157.3495041556,578.2771319026116
362800.0,4533571.61847594,609990.7063853997,4533509.423101153,-1060.114635669705,1680.736663371834,-1060.312954313845,-6.626401115307211,-1.132548397733793,-6.62628207791996,17470.347063123747,0.0,0.1982440594157468,1.9482726234074998,2244157.3495041556,578.2771319026116
362900.0,4533465.573883867,610158.7743824997,4533403.358677812,-1060.7771706185038,1680.6232134270772,-1060.9754773359193,-6.624291028872081,-1.1364605500628753,-6.624171530581013,17470.347063123747,0.0,0.1982440594157468,1.9482726234074998,2244157.3495041556,578.2771319026116
363000.0,4533359.463048918,610326.8310149437,4533297.22801279,-1061.4394924967955,1680.5093692338828,-1061.6377872410378,-6.622139581497359,-1.140433541128886,-6.622019615117864,17470.347063123747,0.0,0.1982440594157468,1.9482726234074998,2244157.3495041556,578.2771319026116
363100.0,4533253.285992608,610494.8762430005,4533191.0311276065,-1062.1015971311588,1680.395124655673,-1062.2998798550548,-6.619946024359607,-1.1444684281267925,-6.61982558258217,17470.347063123747,0.0,0.1982440594157468,1.9482726234074998,2244157.3495041556,578.2771319026116
363200.0,4533147.042736875,610662.9100263206,4533084.7680442035,-1062.7634802726031,1680.2804734492126,-1062.961750928242,-6.61770959485565,-1.14856628706262,-6.617588670243618,17470.347063123747,0.0,0.1982440594157468,1.9482726234074998,2244157.3495041556,578.2771319026116
363300.0,4533040.7333040815,610830.9323239245,4532978.4387849495,-1063.425137595178,1680.165409262711,-1063.6233961338992,-6.615429516346414,-1.1527282130915464,-6.615308101333746,17470.347063123747,0.0,0.1982440594157468,1.9482726234074998,2244157.3495041556,578.2771319026116
363400.0,4532934.35771703,610998.943094192,4532872.043372652,-1064.0865646945563,1680.04992563389,-1064.2848110669358,-6.613104997895833,-1.156955320862429,-6.612983084784786,17470.347063123747,0.0,0.1982440594157468,1.9482726234074998,2244157.3495041556,578.2771319026116
363500.0,4532827.9159989655,611166.942294851,4532765.581830561,-1064.7477570865913,1679.9340159880182,-1064.945991242429,-6.610735234004986,-1.161248744868352,-6.61061281496378,17470.347063123747,0.0,0.1982440594157468,1.9482726234074998,2244157.3495041556,578.2771319026116
363600.0,4532721.408173588,611334.9298829662,4532659.05418238,-1065.4087102058472,1679.8176736359069,-1065.6069320941529,-6.608319404341384,-1.165609639803324,-6.608196471401801,17470.347063123747,0.0,0.1982440594157468,1.9482726234074998,2244157.3495041556,578.2771319026116
363700.0,4532614.834265055,611502.9058149279,4532552.460452274,-1066.0694194041018,1679.700891771873,-1066.2676289730814,-6.60585667346322,-1.170039180925372,-6.605733218518186,17470.347063123747,0.0,0.1982440594157468,1.9482726234074998,2244157.3495041556,578.2771319026116
363800.0,4532508.194297995,611670.8700464396,4532445.800664876,-1066.7298799488215,1679.5836634716647,-1066.928077145863,-6.603346190538559,-1.1745385644260853,-6.603222205339661,17470.347063123747,0.0,0.1982440594157468,1.9482726234074998,2244157.3495041556,578.2771319026116
363900.0,4532401.488297515,611838.8225325064,4532339.074845295,-1067.3900870216078,1679.465981690348,-1067.5882717932677,-6.600787089059336,-1.1791090078067181,-6.600662565214303,17470.347063123747,0.0,0.1982440594157468,1.9482726234074998,2244157.3495041556,578.2771319026116
364000.0,4532294.716289204,612006.763227423,4532232.283019131,-1068.0500357166159,1679.3478392601573,-1068.2482080086038,-6.598178486550122,-1.1837517502609303,-6.598053415520267,17470.347063123747,0.0,0.1982440594157468,1.9482726234074998,2244157.3495041556,578.2771319026116
364100.0,4532187.87829915,612174.6920847606,4532125.425212475,-1068.7097210389427,1679.2292288883075,-1068.907880796107,-6.595519484271556,-1.1884680530642753,-6.595393857369163,17470.347063123747,0.0,0.1982440594157468,1.9482726234074998,2244157.3495041556,578.2771319026116
364200.0,4532080.974353944,612342.6090573554,4532018.501451923,-1069.3691379029854,1679.1101431547647,-1069.5672850692981,-6.592809166918254,-1.1932591999706992,-6.592682975303921,17470.347063123747,0.0,0.1982440594157468,1.9482726234074998,2244157.3495041556,578.2771319026116
364300.0,4531974.00448069,612510.5140972948,4531911.511764584,-1070.028281130769,1678.9905745099795,-1070.2264156493109,-6.59004660231134,-1.1981264976157715,-6.589919836991271,17470.347063123747,0.0,0.1982440594157468,1.9482726234074998,2244157.3495041556,578.2771319026116
364400.0,4531866.968707014,612678.4071559046,4531804.4561780915,-1070.687145450245,1678.8705152725774,-1070.885267263189,-6.587230841085148,-1.2030712759273687,-6.587103492908402,17470.347063123747,0.0,0.1982440594157468,1.9482726234074998,2244157.3495041556,578.2771319026116
364500.0,4531759.867061075,612846.2881837359,4531697.334720609,-1071.345725493555,1678.749957627009,-1071.543834542151,-6.584360916368327,-1.2080948885433525,-6.584232976024017,17470.347063123747,0.0,0.1982440594157468,1.9482726234074998,2244157.3495041556,578.2771319026116
364600.0,4531652.699571573,613014.1571305515,4531590.147420842,-1072.0040157952644,1678.6288936211583,-1072.2021120198237,-6.581435843459116,-1.213198713236597,-6.581307301473554,17470.347063123747,0.0,0.1982440594157468,1.9482726234074998,2244157.3495041556,578.2771319026116
364700.0,4531545.46626776,613182.013945312,4531482.89430805,-1072.662010790564,1678.5073151639072,-1072.860094130442,-6.578454619494614,-1.2183841523476189,-6.5783254662284065,17470.347063123747,0.0,0.1982440594157468,1.9482726234074998,2244157.3495041556,578.2771319026116
364800.0,4531438.167179448,613349.8585761618,4531375.575412051,-1073.3197048134357,1678.3852140226563,-1073.517775207015,-6.575416223114031,-1.223652633224778,-6.575286448759128,17470.347063123747,0.0,0.1982440594157468,1.9482726234074998,2244157.3495041556,578.2771319026116
364900.0,4531330.802337022,613517.6909704148,4531268.190763235,-1073.9770920947863,1678.2625818208032,-1074.1751494794603,-6.572319614115963,-1.229005608671926,-6.572189208692639,17470.347063123747,0.0,0.1982440594157468,1.9482726234074998,2244157.3495041556,578.2771319026116
365000.0,4531223.371771449,613685.5110745401,4531160.740392577,-1074.6341667605457,1678.1394100351731,-1074.8322110727015,-6.56916373310913,-1.2344445574043688,-6.569032686462931,17470.347063123747,0.0,0.1982440594157468,1.9482726234074998,2244157.3495041556,578.2771319026116
365100.0,4531115.875514289,613853.3188341468,4531053.2243316425,-1075.2909228297306,1678.0156899934045,-1075.4889540047309,-6.565947501157136,-1.239970984512222,-6.565815802955752,17470.347063123747,0.0,0.1982440594157468,1.9482726234074998,2244157.3495041556,578.2771319026116
365200.0,4531008.313597706,614021.1141939696,4530945.642612601,-1075.9473542124717,1677.8914128712888,-1076.145372184637,-6.562669819416415,-1.2455864219324129,-6.562537459146515,17470.347063123747,0.0,0.1982440594157468,1.9482726234074998,2244157.3495041556,578.2771319026116
365300.0,4530900.686054477,614188.8970978527,4530837.995268237,-1076.603454708005,1677.7665696900613,-1076.8014594105948,-6.559329568767866,-1.25129242892853,-6.559196535731865,17470.347063123747,0.0,0.1982440594157468,1.9482726234074998,2244157.3495041556,578.2771319026116
365400.0,4530792.992918004,614356.6674887347,4530730.28233196,-1077.2592180026247,1677.641151313644,-1077.4572093678198,-6.555925609441779,-1.257090592579058,-6.555791892754543,17470.347063123747,0.0,0.1982440594157468,1.9482726234074998,2244157.3495041556,578.2771319026116
365500.0,4530685.23422233,614524.4253086327,4530622.503837819,-1077.9146376675997,1677.5151484458404,-1078.112615626483,-6.552456780635867,-1.2629825282742821,-6.552322369221382,17470.347063123747,0.0,0.1982440594157468,1.9482726234074998,2244157.3495041556,578.2771319026116
365600.0,4530577.410002143,614692.1704986258,4530514.659820509,-1078.569707157051,1677.388551627478,-1078.7676716395877,-6.548921900126541,-1.2689698802215965,-6.548786782714483,17470.347063123747,0.0,0.1982440594157468,1.9482726234074998,2244157.3495041556,578.2771319026116
365700.0,4530469.520292793,614859.9029988393,4530406.750315388,-1079.22441980579,1677.2613512335008,-1079.4223707408084,-6.545319763873127,-1.2750543219596024,-6.5451839289954155,17470.347063123747,0.0,0.1982440594157468,1.9482726234074998,2244157.3495041556,578.2771319026116
365800.0,4530361.565130303,615027.6227484271,4530298.775358484,-1079.8787688271157,1677.1335374700113,-1080.0767061422878,-6.541649145614885,-1.2812375568812522,-6.541512581602145,17470.347063123747,0.0,0.1982440594157468,1.9482726234074998,2244157.3495041556,578.2771319026116
365900.0,4530253.544551379,615195.3296855557,4530190.734986513,-1080.5327473105735,1677.0051003712579,-1080.7306709323939,-6.537908796460891,-1.287521318765839,-6.53777149143886,17470.347063123747,0.0,0.1982440594157468,1.9482726234074998,2244157.3495041556,578.2771319026116
366000.0,4530145.458593426,615363.0237473857,4530082.629236886,-1081.1863482196711,1676.8760297965687,-1081.384258073436,-6.534097444472579,-1.2939073723200603,-6.533959386358453,17470.347063123747,0.0,0.1982440594157468,1.9482726234074998,2244157.3495041556,578.2771319026116
366100.0,4530037.30729456,615530.7048700553,4529974.458147726,-1081.8395643895515,1676.746315427232,-1082.037460399339,-6.530213794238613,-1.3003975137287684,-6.5300749707373225,17470.347063123747,0.0,0.1982440594157468,1.9482726234074998,2244157.3495041556,578.2771319026116
366200.0,4529929.090693616,615698.3729886615,4529866.221757877,-1082.4923885246253,1676.6159467633208,-1082.690270613273,-6.526256526442382,-1.3069935712147198,-6.526116925042804,17470.347063123747,0.0,0.1982440594157468,1.9482726234074998,2244157.3495041556,578.2771319026116
366300.0,4529820.80883017,615866.0280372422,4529757.920106921,-1083.144813196158,1676.48491312046,-1083.3426812852415,-6.522224297421774,-1.3136974056079491,-6.522083905392884,17470.347063123747,0.0,0.1982440594157468,1.9482726234074998,2244157.3495041556,578.2771319026116
366400.0,4529712.461744544,616033.6699487575,4529649.55323519,-1083.796830839813,1676.353203626537,-1083.9946848496234,-6.5181157387207485,-1.320510910925443,-6.5179745431076865,17470.347063123747,0.0,0.1982440594157468,1.9482726234074998,2244157.3495041556,578.2771319026116
366500.0,4529604.049477826,616201.2986550707,4529541.121183778,-1084.4484337531494,1676.2208072183535,-1084.6462736026708,-6.513929456633458,-1.3274360149598026,-6.513787444253547,17470.347063123747,0.0,0.1982440594157468,1.9482726234074998,2244157.3495041556,578.2771319026116
366600.0,4529495.572071879,616368.914086929,4529432.623994558,-1085.0996140930736,1676.0877126382186,-1085.2974396999607,-6.509664031739945,-1.3344746798784812,-6.509521189178611,17470.347063123747,0.0,0.1982440594157468,1.9482726234074998,2244157.3495041556,578.2771319026116
366700.0,4529387.0295693595,616536.5161739443,4529324.061710193,-1085.7503638732449,1675.9539084304802,-1085.948175153799,-6.505318018433527,-1.341628902833315,-6.50517433204018,17470.347063123747,0.0,0.1982440594157468,1.9482726234074998,2244157.3495041556,578.2771319026116
366800.0,4529278.422013728,616704.1048445726,4529215.434374153,-1086.4006749614323,1675.8193829379964,-1086.5984718305779,-6.500889944440114,-1.3489007165798819,-6.5007454003239244,17470.347063123747,0.0,0.1982440594157468,1.9482726234074998,2244157.3495041556,578.2771319026116
366900.0,4529169.749449266,616871.680026094,4529106.742030729,-1087.0505390768242,1675.684124298543,-1087.2483214480842,-6.496378310328872,-1.3562921901076086,-6.496232894354501,17470.347063123747,0.0,0.1982440594157468,1.9482726234074998,2244157.3495041556,578.2771319026116
367000.0,4529061.011921092,617039.241644592,4528997.984725046,-1087.699947787287,1675.548120441159,-1087.8977155727584,-6.491781589014306,-1.3638054292804151,-6.491635286797531,17470.347063123747,0.0,0.1982440594157468,1.9482726234074998,2244157.3495041556,578.2771319026116
367100.0,4528952.209475175,617206.7896249325,4528889.162503083,-1088.348892506575,1675.4113590824254,-1088.5466456169038,-6.487098225249499,-1.3714425774882872,-6.4869510221527875,17470.347063123747,0.0,0.1982440594157468,1.9482726234074998,2244157.3495041556,578.2771319026116
367200.0,4528843.342158348,617374.323890742,4528780.275411683,-1088.9973644914883,1675.273827722681,-1089.1951028358437,-6.482326635110572,-1.3792058163095486,-6.4821785162385614,17470.347063123747,0.0,0.1982440594157468,1.9482726234074998,2244157.3495041556,578.2771319026116
367300.0,4528734.41001833,617541.8443643865,4528671.323498573,-1089.6453548389782,1675.1355136421694,-1089.8430783250271,-6.477465205472093,-1.3870973661843218,-6.477316155666994,17470.347063123747,0.0,0.1982440594157468,1.9482726234074998,2244157.3495041556,578.2771319026116
367400.0,4528625.413103737,617709.3509669486,4528562.306812378,-1090.292854483202,1674.996403897118,-1090.4905630170822,-6.472512293473354,-1.39511948709908,-6.472362297310285,17470.347063123747,0.0,0.1982440594157468,1.9482726234074998,2244157.3495041556,578.2771319026116
367500.0,4528516.351464098,617876.843618205,4528453.225402637,-1090.9398541925216,1674.8564853157498,-1091.1375476788146,-6.467466225975227,-1.4032744792828522,-6.467315267757443,17470.347063123747,0.0,0.1982440594157468,1.9482726234074998,2244157.3495041556,578.2771319026116
367600.0,4528407.225149876,618044.322236604,4528344.0793198235,-1091.5863445664475,1674.7157444942231,-1091.7840229081517,-6.462325299007636,-1.4115646839148526,-6.462173362761693,17470.347063123747,0.0,0.1982440594157468,1.9482726234074998,2244157.3495041556,578.2771319026116
367700.0,4528298.034212482,618211.7867392416,4528234.868615356,-1092.2323160325286,1674.574167792501,-1092.4299791310307,-6.457087777207684,-1.419992483843389,-6.45693484667851,17470.347063123747,0.0,0.1982440594157468,1.9482726234074998,2244157.3495041556,578.2771319026116
367800.0,4528188.778704292,618379.2370418375,4528125.5933416225,-1092.8777588431842,1674.4317413301476,-1093.0754065982312,-6.451751893247568,-1.4285603043174988,-6.451597951893456,17470.347063123747,0.0,0.1982440594157468,1.9482726234074998,2244157.3495041556,578.2771319026116
367900.0,4528079.4586786665,618546.6730587117,4528016.253551993,-1093.522663072478,1674.2884509820517,-1093.7202953821484,-6.4463158472531115,-1.4372706137297686,-6.446160878240608,17470.347063123747,0.0,0.1982440594157468,1.9482726234074998,2244157.3495041556,578.2771319026116
368000.0,4527970.0741899675,618714.094702759,4527906.849300839,-1094.167018612835,1674.1442823740738,-1094.3646353735085,-6.440777806212176,-1.4461259243714912,-6.440621792410897,17470.347063123747,0.0,0.1982440594157468,1.9482726234074998,2244157.3495041556,578.2771319026116
368100.0,4527860.625293577,618881.501885424,4527797.380643554,-1094.8108151716963,1673.9992208786184,-1095.0084162780252,-6.435135903372607,-1.4551287932007317,-6.434978827349958,17470.347063123747,0.0,0.1982440594157468,1.9482726234074998,2244157.3495041556,578.2771319026116
368200.0,4527751.112045916,619048.894516676,4527687.847636569,-1095.4540422681157,1673.8532516101286,-1095.6516276129935,-6.429388237630274,-1.4642818226221916,-6.429230081646072,17470.347063123747,0.0,0.1982440594157468,1.9482726234074998,2244157.3495041556,578.2771319026116
368300.0,4527641.534504461,619216.2725049823,4527578.250337373,-1096.0966892292931,1673.7063594205017,-1096.2942587038235,-6.423532872906479,-1.4735876612800758,-6.423373618907485,17470.347063123747,0.0,0.1982440594157468,1.9482726234074998,2244157.3495041556,578.2771319026116
368400.0,4527531.892727769,619383.6357572825,4527468.588804533,-1096.7387451870457,1673.5585288944249,-1096.9362986805113,-6.417567837514995,-1.4830490048633664,-6.417407467129353,17470.347063123747,0.0,0.1982440594157468,1.9482726234074998,2244157.3495041556,578.2771319026116
368500.0,4527422.186775492,619550.9841789608,4527358.863097711,-1097.3801990742143,1673.4097443446303,-1097.5777364740445,-6.411491123518053,-1.4926685969246298,-6.4113296180496295,17470.347063123747,0.0,0.1982440594157468,1.9482726234074998,2244157.3495041556,578.2771319026116
368600.0,4527312.416708398,619718.3176738189,4527249.073277687,-1098.0210396210066,1673.259989807067,-1098.2185608127445,-6.405300686071565,-1.5024492297117409,-6.405138026494189,17470.347063123747,0.0,0.1982440594157468,1.9482726234074998,2244157.3495041556,578.2771319026116
368700.0,4527202.582588394,619885.6361440482,4527139.219406379,-1098.6612553512728,1673.1092490359897,-1098.858760218542,-6.398994442759647,-1.5123937450123512,-6.398830609711256,17470.347063123747,0.0,0.1982440594157468,1.9482726234074998,2244157.3495041556,578.2771319026116
368800.0,4527092.684478545,620052.939490201,4527029.301546864,-1099.3008345787146,1672.9575054989612,-1099.498323003186,-6.392570272917302,-1.5225050350128857,-6.392405246693979,17470.347063123747,0.0,0.1982440594157468,1.9482726234074998,2244157.3495041556,578.2771319026116
368900.0,4526982.722443092,620220.227611162,4526919.319763396,-1099.9397654030263,1672.8047423717694,-1100.1372372643825,-6.386026016942464,-1.5327860431700386,-6.385859777492376,17470.347063123747,0.0,0.1982440594157468,1.9482726234074998,2244157.3495041556,578.2771319026116
369000.0,4526872.696547481,620387.5004041187,4526809.274121433,-1100.578035705966,1672.6509425332565,-1100.775490881867,-6.379359475596444,-1.5432397650962069,-6.379192002513677,17470.347063123747,0.0,0.1982440594157468,1.9482726234074998,2244157.3495041556,578.2771319026116
369100.0,4526762.606858379,620554.7577645313,4526699.164687652,-1101.2156331473564,1672.4960885600583,-1101.4130715134036,-6.372568409292056,-1.5538692494600022,-6.372399681810335,17470.347063123747,0.0,0.1982440594157468,1.9482726234074998,2244157.3495041556,578.2771319026116
369200.0,4526652.453443699,620721.9995861023,4526588.991529981,-1101.852545161014,1672.3401627212525,-1102.0499665907141,-6.365650537371036,-1.5646775988990727,-6.36548053435735,17470.347063123747,0.0,0.1982440594157468,1.9482726234074998,2244157.3495041556,578.2771319026116
369300.0,4526542.236372621,620889.2257607457,4526478.754717612,-1102.4887589506054,1672.1831469729161,-1102.686163315333,-6.358603537369036,-1.575667970948,-6.358432237317137,17470.347063123747,0.0,0.1982440594157468,1.9482726234074998,2244157.3495041556,578.2771319026116
369400.0,4526431.955715617,621056.436178555,4526368.45432103,-1103.1242614854295,1672.0250229525889,-1103.3216486543897,-6.351425044268158,-1.5868435789811914,-6.35125242529197,17470.347063123747,0.0,0.1982440594157468,1.9482726234074998,2244157.3495041556,578.2771319026116
369500.0,4526321.611544474,621223.6307277714,4526258.090412036,-1103.759039496124,1671.8657719736414,-1103.956409336314,-6.344112649738226,-1.5982076931687663,-6.343938689565118,17470.347063123747,0.0,0.1982440594157468,1.9482726234074998,2244157.3495041556,578.2771319026116
369600.0,4526211.203932319,621390.809294751,4526147.663063768,-1104.3930794702956,1671.7053750195464,-1104.590431846466,-6.336663901364809,-1.609763641448556,-6.336488577328766,17470.347063123747,0.0,0.1982440594157468,1.9482726234074998,2244157.3495041556,578.2771319026116
369700.0,4526100.73295364,621557.9717639316,4526037.172350731,-1105.0263676480733,1671.5438127380542,-1105.2237024226874,-6.3290763018652845,-1.6215148105120303,-6.328899590899965,17470.347063123747,0.0,0.1982440594157468,1.9482726234074998,2244157.3495041556,578.2771319026116
369800.0,4525990.198684315,621725.1180177984,4525926.6183488155,-1105.6588900175811,1671.381065435266,-1105.8562070507758,-6.321347308292164,-1.6334646468053364,-6.321169186923823,17470.347063123747,0.0,0.1982440594157468,1.9482726234074998,2244157.3495041556,578.2771319026116
369900.0,4525879.601201638,621892.2479368503,4525816.001135328,-1106.2906323103311,1671.217113069609,-1106.4879314598752,-6.313474331223319,-1.645616657545943,-6.31329477556363,17470.347063123747,0.0,0.1982440594157468,1.9482726234074998,2244157.3495041556,578.2771319026116
370000.0,4525768.940584339,622059.3613995642,4525705.320789015,-1106.9215799965355,1671.0519352457065,-1107.1188611177877,-6.305454733940005,-1.6579744117533195,-6.305273719678748,17470.347063123747,0.0,0.1982440594157468,1.9482726234074998,2244157.3495041556,578.2771319026116
370100.0,4525658.216912618,622226.4582823595,4525594.577390089,-1107.5517182803346,1670.8855112081467,-1107.7489812262015,-6.297285831590904,-1.6705415412964935,-6.297103333988531,17470.347063123747,0.0,0.1982440594157468,1.9482726234074998,2244157.3495041556,578.2771319026116
370200.0,4525547.430268165,622393.5384595619,4525483.771020256,-1108.181032094942,1670.717819835144,-1108.3782767158345,-6.288964890343656,-1.6833217419559094,-6.288780884223734,17470.347063123747,0.0,0.1982440594157468,1.9482726234074998,2244157.3495041556,578.2771319026116
370300.0,4525436.580734192,622560.6018033661,4525372.9017627435,-1108.8095060977034,1670.5488396320943,-1109.0067322414923,-6.280489126522622,-1.6963187745016786,-6.28030358626415,17470.347063123747,0.0,0.1982440594157468,1.9482726234074998,2244157.3495041556,578.2771319026116
370400.0,4525325.66839546,622727.6481837987,4525261.969702327,-1109.4371246650678,1670.3785487250218,-1109.6343321770394,-6.271855705733662,-1.7095364657867136,-6.271668605263252,17470.347063123747,0.0,0.1982440594157468,1.9482726234074998,2244157.3495041556,578.2771319026116
370500.0,4525214.693338304,622894.6774686795,4525150.974925358,-1110.0638718874723,1670.2069248539149,-1110.2610606102826,-6.263061741974706,-1.7229787098567049,-6.2628730547586375,17470.347063123747,0.0,0.1982440594157468,1.9482726234074998,2244157.3495041556,578.2771319026116
370600.0,4525103.655650667,623061.6895235828,4525039.917519795,-1110.6897315641354,1670.0339453659508,-1110.8869013377637,-6.254104296732867,-1.7366494690756402,-6.253913995769004,17470.347063123747,0.0,0.1982440594157468,1.9482726234074998,2244157.3495041556,578.2771319026116
370700.0,4524992.555422125,623228.6842117977,4524928.797575231,-1111.314687197761,1669.859587208607,-1111.5118378594627,-6.244980378067992,-1.750552775266864,-6.244788435877572,17470.347063123747,0.0,0.1982440594157468,1.9482726234074998,2244157.3495041556,578.2771319026116
370800.0,4524881.392743922,623395.6613942875,4524817.615182923,-1111.938721989149,1669.683826922658,-1112.1358533734071,-6.235686939681568,-1.7646927308714369,-6.235493328300849,17470.347063123747,0.0,0.1982440594157468,1.9482726234074998,2244157.3495041556,578.2771319026116
370900.0,4524770.167708992,623562.6209296493,4524706.3704358265,-1112.5618188317117,1669.5066406350536,-1112.7589307701885,-6.226220879972045,-1.7790735101218953,-6.226025570943812,17470.347063123747,0.0,0.1982440594157468,1.9482726234074998,2244157.3495041556,578.2771319026116
371000.0,4524658.880412,623729.5626740719,4524595.06342862,-1113.1839603058966,1669.3280040516818,-1113.3810526273837,-6.216579041075594,-1.793699360232921,-6.216382005440531,17470.347063123747,0.0,0.1982440594157468,1.9482726234074998,2244157.3495041556,578.2771319026116
371100.0,4524547.530949367,623896.486481293,4524483.694257743,-1113.805128673511,1669.1478924500097,-1114.0022012038785,-6.206758207892782,-1.8085746026080942,-6.206559416180696,17470.347063123747,0.0,0.1982440594157468,1.9482726234074998,2244157.3495041556,578.2771319026116
371200.0,4524436.119419304,624063.3922025566,4524372.2630214235,-1114.4253058719496,1668.9662806716037,-1114.6223584340946,-6.196755107100643,-1.8237036340633699,-6.196554529321542,17470.347063123747,0.0,0.1982440594157468,1.9482726234074998,2244157.3495041556,578.2771319026116
371300.0,4524324.645921844,624230.2796865687,4524260.769819713,-1115.0444735083217,1668.7831431145262,-1115.241505922116,-6.186566406149928,-1.8390909280676593,-6.18636401178496,17470.347063123747,0.0,0.1982440594157468,1.9482726234074998,2244157.3495041556,578.2771319026116
371400.0,4524213.110558878,624397.1487794524,4524149.214754521,-1115.662612853478,1668.598453725608,-1115.859624935715,-6.176188712248395,-1.8547410359989256,-6.175984470240625,17470.347063123747,0.0,0.1982440594157468,1.9482726234074998,2244157.3495041556,578.2771319026116
371500.0,4524101.513434185,624563.999324703,4524037.597929644,-1116.2797048359353,1668.4121859925933,-1116.4766964002747,-6.165618571328285,-1.8706585884186988,-6.165412450073337,17470.347063123747,0.0,0.1982440594157468,1.9482726234074998,2244157.3495041556,578.2771319026116
371600.0,4523989.854653469,624730.8311631408,4523925.919450806,-1116.8957300356958,1668.224312936158,-1117.0927008926096,-6.154852466999896,-1.8868482963619067,-6.154644434336429,17470.347063123747,0.0,0.1982440594157468,1.9482726234074998,2244157.3495041556,578.2771319026116
371700.0,4523878.134324396,624897.6441328649,4523814.17942569,-1117.5106686779627,1668.0348071017956,-1117.7076186346785,-6.143886819489834,-1.9033149526441202,-6.143676842689876,17470.347063123747,0.0,0.1982440594157468,1.9482726234074998,2244157.3495041556,578.2771319026116
371800.0,4523766.3525566235,625064.4380692047,4523702.377963975,-1118.124500626748,1667.8436405515747,-1118.3214294871916,-6.132717984563982,-1.9200634331861117,-6.132506030323091,17470.347063123747,0.0,0.1982440594157468,1.9482726234074998,2244157.3495041556,578.2771319026116
371900.0,4523654.509461843,625231.2128046711,4523590.515177372,-1118.7372053783713,1667.6507848557599,-1118.934112943109,-6.121342252435878,-1.937098698354451,-6.12112828686316,17470.347063123747,0.0,0.1982440594157468,1.9482726234074998,2244157.3495041556,578.2771319026116
372000.0,4523542.605153817,625397.9681689074,4523478.591179661,-1119.3487620548503,1667.4562110843008,-1119.54564812103,-6.109755846659217,-1.9544257943202163,-6.109539835267169,17470.347063123747,0.0,0.1982440594157468,1.9482726234074998,2244157.3495041556,578.2771319026116
372100.0,4523430.63974841,625564.7039886382,4523366.606086732,-1119.9591493971786,1667.2598897981827,-1120.1560137584684,-6.097954923006038,-1.972049854433081,-6.0977368307002475,17470.347063123747,0.0,0.1982440594157468,1.9482726234074998,2244157.3495041556,578.2771319026116
372200.0,4523318.613363637,625731.4200876188,4523254.560016616,-1120.56834575849,1667.0617910406386,-1120.7651882050181,-6.085935568328779,-1.9899761006137244,-6.085715359397441,17470.347063123747,0.0,0.1982440594157468,1.9482726234074998,2244157.3495041556,578.2771319026116
372300.0,4523206.526119692,625898.116286582,4523142.4530895315,-1121.17632909711,1666.8618843282225,-1121.3731494154022,-6.073693799407219,-2.008209844762721,-6.073471437510489,17470.347063123747,0.0,0.1982440594157468,1.9482726234074998,2244157.3495041556,578.2771319026116
372400.0,4523094.3781389985,626064.792403186,4523030.285427921,-1121.7830769694897,1666.6601386417399,-1121.9798749424058,-6.061225561780849,-2.026756490185096,-6.061001009940034,17470.347063123747,0.0,0.1982440594157468,1.9482726234074998,2244157.3495041556,578.2771319026116
372500.0,4522982.169546242,626231.4482519598,4522918.057156494,-1122.3885665230227,1666.4565224170356,-1122.5853419296925,-6.048526728564481,-2.045621533033755,-6.048299949151055,17470.347063123747,0.0,0.1982440594157468,1.9482726234074998,2244157.3495041556,578.2771319026116
372600.0,4522869.900468414,626398.0836442482,4522805.768402263,-1122.9927744887434,1666.251003535636,-1123.1895271045007,-6.035593099249102,-2.064810563768665,-6.035364053973557,17470.347063123747,0.0,0.1982440594157468,1.9482726234074998,2244157.3495041556,578.2771319026116
372700.0,4522757.571034853,626564.6983881564,4522693.41929459,-1123.5956771739031,1666.043549315245,-1123.7924067702193,-6.022420398487884,-2.084329268631801,-6.0221890483883875,17470.347063123747,0.0,0.1982440594157468,1.9482726234074998,2244157.3495041556,578.2771319026116
372800.0,4522645.181377292,626731.2922884923,4522581.00996523,-1124.1972504544258,1665.8341265000904,-1124.3939567988416,-6.009004274865636,-2.1041834311403895,-6.008770580296531,17470.347063123747,0.0,0.1982440594157468,1.9482726234074998,2244157.3495041556,578.2771319026116
372900.0,4522532.731629894,626897.8651467095,4522468.54054837,-1124.7974697672382,1665.6227012511224,-1124.9941526232956,-5.995340299654189,-2.124378933594592,-5.995104220274311,17470.347063123747,0.0,0.1982440594157468,1.9482726234074998,2244157.3495041556,578.2771319026116
373000.0,4522420.221929303,627064.4167608479,4522356.011180678,-1125.3963101024763,1665.4092391360584,-1125.592969229648,-5.981423965550707,-2.144921758604083,-5.98118546031151,17470.347063123747,0.0,0.1982440594157468,1.9482726234074998,2244157.3495041556,578.2771319026116
373100.0,4522307.652414687,627230.9469254742,4522243.422001346,-1125.993745995564,1665.193705119275,-1126.1903811491816,-5.967250685402351,-2.165817990628253,-5.967009712535864,17470.347063123747,0.0,0.1982440594157468,1.9482726234074998,2244157.3495041556,578.2771319026116
373200.0,4522195.023227782,627397.4554316209,4522130.773152135,-1126.589751519164,1664.9760635515454,-1126.786362450346,-5.952815790914524,-2.187073817534109,-5.952572307921117,17470.347063123747,0.0,0.1982440594157468,1.9482726234074998,2244157.3495041556,578.2771319026116
373300.0,4522082.334512942,627563.9420667246,4522018.064777423,-1127.1843002749977,1664.7562781596207,-1127.3808867305752,-5.938114531344614,-2.208695532168958,-5.937868494980575,17470.347063123747,0.0,0.1982440594157468,1.9482726234074998,2244157.3495041556,578.2771319026116
373400.0,4521969.586417181,627730.4066145627,4521905.297024252,-1127.7773653855347,1664.534312035652,-1127.973927107977,-5.9231420721798385,-2.2306895339498194,-5.92289343844477,17470.347063123747,0.0,0.1982440594157468,1.9482726234074998,2244157.3495041556,578.2771319026116
373500.0,4521856.77909023,627896.8488551899,4521792.470042377,-1128.3689194855494,1664.310127626453,-1128.5654562128875,-5.907893493800597,-2.253062330467439,-5.90764221792462,17470.347063123747,0.0,0.1982440594157468,1.9482726234074998,2244157.3495041556,578.2771319026116
373600.0,4521743.912684579,628063.2685648724,4521679.5839843135,-1128.9589347135427,1664.083686722603,-1129.1554461792914,-5.892363790129427,-2.275820539104581,-5.892109826560185,17470.347063123747,0.0,0.1982440594157468,1.9482726234074998,2244157.3495041556,578.2771319026116
373700.0,4521630.987355528,628229.665516023,4521566.639005391,-1129.5473827030278,1663.8549504473847,-1129.7438686361072,-5.876547867263271,-2.2989708886720797,-5.8762911696527524,17470.347063123747,0.0,0.1982440594157468,1.9482726234074998,2244157.3495041556,578.2771319026116
373800.0,4521518.003261242,628396.039477132,4521453.635263799,-1130.134234573679,1663.62387924556,-1130.330694698334,-5.860440542093426,-2.32252022105589,-5.860181063284585,17470.347063123747,0.0,0.1982440594157468,1.9482726234074998,2244157.3495041556,578.2771319026116
373900.0,4521404.960562797,628562.3902127006,4521340.572920644,-1130.719460922341,1663.390432871979,-1130.9158949580597,-5.844036540909375,-2.3464754928808502,-5.84377423292256,17470.347063123747,0.0,0.1982440594157468,1.9482726234074998,2244157.3495041556,578.2771319026116
374000.0,4521291.859424239,628728.7174831701,4521227.452139998,-1131.3030318138995,1663.1545703800232,-1131.49943947533,-5.827330497988851,-2.3708437771875115,-5.827065312008023,17470.347063123747,0.0,0.1982440594157468,1.9482726234074998,2244157.3495041556,578.2771319026116
374100.0,4521178.700012632,628895.0210448516,4521114.273088955,-1131.884916772007,1662.9162501098779,-1132.081297768874,-5.810316954173761,-2.3956322651225004,-5.810048840532527,17470.347063123747,0.0,0.1982440594157468,1.9482726234074998,2244157.3495041556,578.2771319026116
374200.0,4521065.482498116,629061.3006498542,4521001.0359376855,-1132.4650847696696,1662.6754296766383,-1132.6614388066876,-5.792990355432535,-2.420848267641527,-5.79271926359997,17470.347063123747,0.0,0.1982440594157468,1.9482726234074998,2244157.3495041556,578.2771319026116
374300.0,4520952.207053962,629227.5560460117,4520887.740859488,-1133.0435042196852,1662.4320659582415,-1133.2398309964722,-5.775345051408317,-2.446499217225858,-5.7750709299745875,17470.347063123747,0.0,0.1982440594157468,1.9482726234074998,2244157.3495041556,578.2771319026116
374400.0,4520838.873856628,629393.7869768083,4520774.388030852,-1133.6201429649395,1662.186115083229,-1133.8164421759275,-5.757375293954148,-2.472592669610401,-5.757098090615927,17470.347063123747,0.0,0.1982440594157468,1.9482726234074998,2244157.3495041556,578.2771319026116
374500.0,4520725.483085817,629559.9931813031,4520660.97763151,-1134.194968268552,1661.937532418333,-1134.3912396028977,-5.739075235654505,-2.4991363055243223,-5.738794897200184,17470.347063123747,0.0,0.1982440594157468,1.9482726234074998,2244157.3495041556,578.2771319026116
374600.0,4520612.034924533,629726.1743940532,4520547.5098445,-1134.7679468038755,1661.6862725558901,-1134.9641899453682,-5.720438928335189,-2.5261379324411806,-5.720155400629876,17470.347063123747,0.0,0.1982440594157468,1.9482726234074998,2244157.3495041556,578.2771319026116
374700.0,4520498.529559146,629892.3303450356,4520433.984856221,-1135.3390446443445,1661.43228930108,-1135.5352592713134,-5.701460321560428,-2.553605486340116,-5.701173549530752,17470.347063123747,0.0,0.1982440594157468,1.9482726234074998,2244157.3495041556,578.2771319026116
374800.0,4520384.967179445,630058.4607595683,4520320.402856497,-1135.9082272531741,1661.175535658984,-1136.1044130383934,-5.682133261116576,-2.581547033479115,-5.6818431887352645,17470.347063123747,0.0,0.1982440594157468,1.9482726234074998,2244157.3495041556,578.2771319026116
374900.0,4520271.3479787065,630224.5653582287,4520206.764038636,-1136.4754594729054,1660.9159638214705,-1136.6716160834983,-5.66245148748651,-2.6099707721739946,-5.662158057756765,17470.347063123747,0.0,0.1982440594157468,1.9482726234074998,2244157.3495041556,578.2771319026116
375000.0,4520157.672153755,630390.6438567727,4520093.068599496,-1137.0407055147987,1660.6535251538987,-1137.2368326121393,-5.642408634311103,-2.638885034588609,-5.642111789250762,17470.347063123747,0.0,0.1982440594157468,1.9482726234074998,2244157.3495041556,578.2771319026116
375100.0,4520043.939905023,630556.6959660505,4519979.316739544,-1137.6039289480716,1660.388170181644,-1137.8000261876862,-5.621998226841083,-2.668298288531177,-5.621697907466572,17470.347063123747,0.0,0.1982440594157468,1.9482726234074998,2244157.3495041556,578.2771319026116
375200.0,4519930.151436621,630722.7213919224,4519865.508662925,-1138.1650926889824,1660.1198485764435,-1138.361159720448,-5.601213680377029,-2.69821913926016,-5.600909826687092,17470.347063123747,0.0,0.1982440594157468,1.9482726234074998,2244157.3495041556,578.2771319026116
375300.0,4519816.306956399,630888.7198351728,4519751.644577526,-1138.724158989757,1659.848509142561,-1138.920195456599,-5.580048298702201,-2.7286563312925027,-5.579740849661428,17470.347063123747,0.0,0.1982440594157468,1.9482726234074998,2244157.3495041556,578.2771319026116
375400.0,4519702.406676018,631054.690991422,4519637.724695041,-1139.2810894273573,1659.5740998027693,-1139.4770949669453,-5.55849527250396,-2.7596187502206773,-5.558184166026084,17470.347063123747,0.0,0.1982440594157468,1.9482726234074998,2244157.3495041556,578.2771319026116
375500.0,4519588.450811012,631220.6345510386,4519523.749231043,-1139.835844892094,1659.2965675841533,-1140.0318191355352,-5.536547677787556,-2.791115424532748,-5.536232850718556,17470.347063123747,0.0,0.1982440594157468,1.9482726234074998,2244157.3495041556,578.2771319026116
375600.0,4519474.439580864,631386.5501990481,4519409.718405051,-1140.388385576077,1659.0158586037276,-1140.5843281481098,-5.514198474282534,-2.8231555274351545,-5.513879862383494,17470.347063123747,0.0,0.1982440594157468,1.9482726234074998,2244157.3495041556,578.2771319026116
375700.0,4519360.373209072,631552.4376150417,4519295.6324406015,-1140.9386709615094,1658.7319180538746,-1141.1345814803926,-5.491440503840902,-2.855748378679396,-5.491118041770677,17470.347063123747,0.0,0.1982440594157468,1.9482726234074998,2244157.3495041556,578.2771319026116
375800.0,4519246.251923222,631718.2964730831,4519181.491565318,-1141.486659808818,1658.4446901875979,-1141.682537886221,-5.468266488829846,-2.888903446388508,-5.467940110127507,17470.347063123747,0.0,0.1982440594157468,1.9482726234074998,2244157.3495041556,578.2771319026116
375900.0,4519132.07595506,631884.1264416134,4519067.296010986,-1142.0323101446254,1658.154118303594,-1142.2281553855148,-5.4446690305174945,-2.9226303488855088,-5.444338667584543,17470.347063123747,0.0,0.1982440594157468,1.9482726234074998,2244157.3495041556,578.2771319026116
376000.0,4519017.845540567,632049.9271833556,4518953.046013627,-1142.5755792495584,1657.8601447311414,-1142.771391252083,-5.42064060745541,-2.9569388565184065,-5.420306191537801,17470.347063123747,0.0,0.1982440594157468,1.9482726234074998,2244157.3495041556,578.2771319026116
376100.0,4518903.560920034,632215.6983552162,4518838.741813572,-1143.1164236458953,1657.5627108148062,-1143.3122020012702,-5.396173573855343,-2.99183889348536,-5.395835035025261,17470.347063123747,0.0,0.1982440594157468,1.9482726234074998,2244157.3495041556,578.2771319026116
376200.0,4518789.222338136,632381.4396081866,4518724.383655539,-1143.6547990850513,1657.2617568989665,-1143.8505433774392,-5.371260157964029,-3.027340539654449,-5.370917425101475,17470.347063123747,0.0,0.1982440594157468,1.9482726234074998,2244157.3495041556,578.2771319026116
376300.0,4518674.830044015,632547.1505872417,4518609.97178871,-1144.1906605349002,1656.9572223121543,-1144.3863703412915,-5.345892460435261,-3.0634540323791866,-5.3455454612094115,17470.347063123747,0.0,0.1982440594157468,1.9482726234074998,2244157.3495041556,578.2771319026116
376400.0,4518560.3842913555,632712.830931238,4518495.5064668115,-1144.7239621669332,1656.6490453512165,-1144.919637057024,-5.320062452700624,-3.1001897683077475,-5.319711113550974,17470.347063123747,0.0,0.1982440594157468,1.9482726234074998,2244157.3495041556,578.2771319026116
376500.0,4518445.885338463,632878.4802728093,4518380.987948194,-1145.2546573432562,1656.3371632652957,-1145.4502968793238,-5.293761975341235,-3.137558305182459,-5.29340622145854,17470.347063123747,0.0,0.1982440594157468,1.9482726234074998,2244157.3495041556,578.2771319026116
376600.0,4518331.3334483495,633044.0982382612,4518266.416495914,-1145.7826986034224,1656.0215122396305,-1145.9783023402003,-5.266982736458297,-3.175570363632895,-5.266622491765281,17470.347063123747,0.0,0.1982440594157468,1.9482726234074998,2244157.3495041556,578.2771319026116
376700.0,4518216.728888814,633209.6844474642,4518151.792377814,-1146.3080376511036,1655.7020273791782,-1146.5036051356535,-5.239716310048171,-3.2142368289540744,-5.239351497180051,17470.347063123747,0.0,0.1982440594157468,1.9482726234074998,2244157.3495041556,578.2771319026116
376800.0,4518102.07193253,633375.2385137443,4518037.115866613,-1146.8306253405983,1655.3786426920594,-1147.0261561121802,-5.211954134378802,-3.2535687528746564,-5.2115846746635786,17470.347063123747,0.0,0.1982440594157468,1.9482726234074998,2244157.3495041556,578.2771319026116
376900.0,4517987.362857125,633540.7600437731,4517922.387239985,-1147.350411663178,1655.0512910728276,-1147.5459052531182,-5.183687510372751,-3.293577355307269,-5.183313323811305,17470.347063123747,0.0,0.1982440594157468,1.9482726234074998,2244157.3495041556,578.2771319026116
377000.0,4517872.601945272,633706.2486374549,4517807.606780652,-1147.8673457332718,1654.719904285563,-1148.0628016648297,-5.154907599993598,-3.3342740260859594,-5.154528605239578,17470.347063123747,0.0,0.1982440594157468,1.9482726234074998,2244157.3495041556,578.2771319026116
377100.0,4517757.7894847775,633871.7038878135,4517692.774776468,-1148.3813757744906,1654.3844129467948,-1148.576793562723,-5.125605424643369,-3.3756703266794883,-5.125221538982871,17470.347063123747,0.0,0.1982440594157468,1.9482726234074998,2244157.3495041556,578.2771319026116
377200.0,4517642.9257686725,634037.125380876,4517577.891520511,-1148.8924491054909,1654.044746508253,-1149.0878282571134,-5.095771863565463,-3.4177779918887445,-5.0953830028965195,17470.347063123747,0.0,0.1982440594157468,1.9482726234074998,2244157.3495041556,578.2771319026116
377300.0,4517528.011095299,634202.5126955558,4517462.957311176,-1149.4005121256791,1653.7008332394512,-1149.5958521389273,-5.065397652259754,-3.4606089315185207,-5.065003731071611,17470.347063123747,0.0,0.1982440594157468,1.9482726234074998,2244157.3495041556,578.2771319026116
377400.0,4517413.045768408,634367.8654035336,4517347.9724522615,-1149.9055103007593,1653.3526002101032,-1150.1008106652462,-5.034473380910044,-3.5041752320235493,-5.034074312262257,17470.347063123747,0.0,0.1982440594157468,1.9482726234074998,2244157.3495041556,578.2771319026116
377500.0,4517298.030097249,634533.183069136,4517232.93725307,-1150.4073881481227,1652.9999732723777,-1150.602648344695,-5.002989492823799,-3.5484891581289917,-5.002585188325123,17470.347063123747,0.0,0.1982440594157468,1.9482726234074998,2244157.3495041556,578.2771319026116
377600.0,4517182.9643966695,634698.4652492134,4517117.852028501,-1150.9060892220832,1652.642877042991,-1151.101308722675,-4.970936282889762,-3.5935631544173323,-4.970526652676861,17470.347063123747,0.0,0.1982440594157468,1.9482726234074998,2244157.3495041556,578.2771319026116
377700.0,4517067.84898721,634863.7114930154,4517002.717099149,-1151.4015560989594,1652.2812348851426,-1151.5967343664438,-4.938303896050279,-3.639409846886443,-4.937888848766254,17470.347063123747,0.0,0.1982440594157468,1.9482726234074998,2244157.3495041556,578.2771319026116
377800.0,4516952.684195202,635028.9213420644,4516887.532791398,-1151.8937303620032,1651.914968890299,-1152.0888668500425,-4.905082325795357,-3.686042044468728,-4.904661768568082,17470.347063123747,0.0,0.1982440594157468,1.9482726234074998,2244157.3495041556,578.2771319026116
377900.0,4516837.47035287,635194.0943300275,4516772.29943753,-1152.3825525861816,1651.543999859824,-1152.5776467390735,-4.871261412677762,-3.733472740512537,-4.870835251098054,17470.347063123747,0.0,0.1982440594157468,1.9482726234074998,2244157.3495041556,578.2771319026116
378000.0,4516722.207798433,635359.2299825868,4516657.0173758175,-1152.8679623228084,1651.1682472864659,-1153.0630135753327,-4.836830842848475,-3.7817151142269547,-4.836398980948093,17470.347063123747,0.0,0.1982440594157468,1.9482726234074998,2244157.3495041556,578.2771319026116
378100.0,4516606.896876203,635524.3278173074,4516541.686950632,-1153.3498980840327,1650.7876293357008,-1153.544905861293,-4.801780146624091,-3.830782532073384,-4.801342486853564,17470.347063123747,0.0,0.1982440594157468,1.9482726234074998,2244157.3495041556,578.2771319026116
378200.0,4516491.537936698,635689.3873435039,4516426.308512548,-1153.828297327185,1650.402062826939,-1154.0232610444502,-4.766098697075524,-3.8806885491195398,-4.765655140281814,17470.347063123747,0.0,0.1982440594157468,1.9482726234074998,2244157.3495041556,578.2771319026116
378300.0,4516376.13133674,635854.4080621046,4516310.882418446,-1154.3030964389827,1650.0114632146,-1154.498015501525,-4.729775708651895,-3.9314469103359113,-4.729326154055919,17470.347063123747,0.0,0.1982440594157468,1.9482726234074998,2244157.3495041556,578.2771319026116
378400.0,4516260.6774395695,636019.3894655143,4516195.409031627,-1154.7742307196008,1649.615744569059,-1154.9691045225327,-4.6928002358347225,-3.9830715518420186,-4.6923445810087205,17470.347063123747,0.0,0.1982440594157468,1.9482726234074998,2244157.3495041556,578.2771319026116
378500.0,4516145.1766149495,636184.3310374749,4516079.888721915,-1155.2416343666098,1649.2148195574714,-1155.436462294717,-4.655161171829068,-4.035576602093105,-4.6546993126738245,17470.347063123747,0.0,0.1982440594157468,1.9482726234074998,2244157.3495041556,578.2771319026116
378600.0,4516029.62923928,636349.2322529239,4515964.321865773,-1155.7052404587832,1648.8085994244839,-1155.9000218863578,-4.616847247292158,-4.088976383006682,-4.616379078014095,17470.347063123747,0.0,0.1982440594157468,1.9482726234074998,2244157.3495041556,578.2771319026116
378700.0,4515914.035695709,636514.0925778513,4515848.708846412,-1156.1649809397818,1648.3969939728331,-1156.35971523045,-4.5778470291018944,-4.143285411025811,-4.57737244219004,17470.347063123747,0.0,0.1982440594157468,1.9482726234074998,2244157.3495041556,578.2771319026116
378800.0,4515798.396374251,636678.9114691546,4515733.050053908,-1156.6207866017155,1647.9799115438439,-1156.8154731082661,-4.538148919172032,-4.198518398109562,-4.537667805374859,17470.347063123747,0.0,0.1982440594157468,1.9482726234074998,2244157.3495041556,578.2771319026116
378900.0,4515682.711671894,636843.6883744916,4515617.345885317,-1157.0725870685897,1647.5572589978306,-1157.2672251327979,-4.497741153311795,-4.254690252654186,-4.497253401613973,17470.347063123747,0.0,0.1982440594157468,1.9482726234074998,2244157.3495041556,578.2771319026116
379000.0,4515566.981992727,637008.4227321311,4515501.5967447935,-1157.5203107796394,1647.1289416944105,-1157.71489973209,-4.456611800134857,-4.311816080338269,-4.456117297733872,17470.347063123747,0.0,0.1982440594157468,1.9482726234074998,2244157.3495041556,578.2771319026116
379100.0,4515451.207748054,637173.113970802,4515385.803043708,-1157.9638849725584,1646.6948634727369,-1158.158424132466,-4.414748760025969,-4.3699111848802,-4.41424739230868,17470.347063123747,0.0,0.1982440594157468,1.9482726234074998,2244157.3495041556,578.2771319026116
379200.0,4515335.389356514,637337.7615095405,4515269.965200772,-1158.4032356666262,1646.2549266316607,-1158.597724341652,-4.37213976415786,-4.428991068719011,-4.3716314146769655,17470.347063123747,0.0,0.1982440594157468,1.9482726234074998,2244157.3495041556,578.2771319026116
379300.0,4515219.527244209,637502.3647575346,4515154.083642152,-1158.8382876457406,1645.8090319098285,-1159.0327251318085,-4.328772373573417,-4.48907143359737,-4.328256924023841,17470.347063123747,0.0,0.1982440594157468,1.9482726234074998,2244157.3495041556,578.2771319026116
379400.0,4515103.621844823,637666.9231139673,4515038.158801607,-1159.2689644413608,1645.3570784657256,-1159.4633500224704,-4.284633978328909,-4.550168181053173,-4.284111308524146,17470.347063123747,0.0,0.1982440594157468,1.9482726234074998,2244157.3495041556,578.2771319026116
379500.0,4514987.67359975,637831.4359678578,4514922.191120601,-1159.6951883153695,1644.8989638576782,-1159.8895212634068,-4.239711796705909,-4.612297412809266,-4.239181784554302,17470.347063123747,0.0,0.1982440594157468,1.9482726234074998,2244157.3495041556,578.2771319026116
379600.0,4514871.682958223,637995.9026979003,4514806.181048442,-1160.1168802428585,1644.4345840238177,-1160.311159817404,-4.193992874492705,-4.675475431060511,-4.193455395973709,17470.347063123747,0.0,0.1982440594157468,1.9482726234074998,2244157.3495041556,578.2771319026116
379700.0,4514755.650377442,638160.3226723007,4514690.129042404,-1160.533959894847,1643.9638332620252,-1160.7281853429813,-4.147464084343702,-4.7397187386465705,-4.146919013484116,17470.347063123747,0.0,0.1982440594157468,1.9482726234074998,2244157.3495041556,578.2771319026116
379800.0,4514639.576322706,638324.6952486121,4514574.035567861,-1160.9463456209385,1643.4866042098624,-1161.140516177047,-4.100112125215338,-4.805044039112963,-4.099559334065519,17470.347063123747,0.0,0.1982440594157468,1.9482726234074998,2244157.3495041556,578.2771319026116
379900.0,4514523.461267547,638489.0197735673,4514457.901098423,-1161.3539544319274,1643.0027878245035,-1161.5480693175002,-4.051923521888712,-4.87146823664633,-4.05136288049882,17470.347063123747,0.0,0.1982440594157468,1.9482726234074998,2244157.3495041556,578.2771319026116
380000.0,4514407.30569386,638653.2955829102,4514341.726116064,-1161.7567019823607,1642.5122733626788,-1161.9507604057922,-4.00288462457645,-4.939008435888047,-4.0023160009726855,17470.347063123747,0.0,0.1982440594157468,1.9482726234074998,2244157.3495041556,578.2771319026116
380100.0,4514291.110092048,638817.5220012243,4514225.511111266,-1162.1545025530656,1642.0149483606451,-1162.3485037094504,-3.952981608627716,-5.007681941606768,-3.952404868788617,17470.347063123747,0.0,0.1982440594157468,1.9482726234074998,2244157.3495041556,578.2771319026116
380200.0,4514174.874961151,638981.69834176,4514109.2565831505,-1162.547269033652,1641.5106986141946,-1162.7412121045793,-3.902200474324227,-5.077506258240852,-3.901615482157011,17470.347063123747,0.0,0.1982440594157468,1.9482726234074998,2244157.3495041556,578.2771319026116
380300.0,4514058.600808993,639145.8239062593,4513992.9630396245,-1162.934912905,1640.9994081587165,-1163.128797058345,-3.850527046783124,-5.148499089288534,-3.849933664100101,17470.347063123747,0.0,0.1982440594157468,1.9482726234074998,2244157.3495041556,578.2771319026116
380400.0,4513942.28815232,639309.8979847791,4513876.630997517,-1163.317344221743,1640.4809592493286,-1163.511168611457,-3.7979469759654876,-5.220678336548324,-3.7973450624605594,17470.347063123747,0.0,0.1982440594157468,1.9482726234074998,2244157.3495041556,578.2771319026116
380500.0,4513825.937516945,639473.9198555117,4513760.260982727,-1163.694471594758,1639.9552323410912,-1163.8882353606539,-3.7444457367970485,-5.294062099200939,-3.743835150022323,17470.347063123747,0.0,0.1982440594157468,1.9482726234074998,2244157.3495041556,578.2771319026116
380600.0,4513709.549437893,639637.8887846044,4513643.853530365,-1164.0662021736712,1639.4221060693221,-1164.2599044412098,-3.690008629408128,-5.368668672723497,-3.6893892247506486,17470.347063123747,0.0,0.1982440594157468,1.9482726234074998,2244157.3495041556,578.2771319026116
380700.0,4513593.124459546,639801.8040259759,4513527.409184904,-1164.4324416293973,1638.8814572300278,-1164.6260815094686,-3.634620779493252,-5.444516547636071,-3.6339924101518886,17470.347063123747,0.0,0.1982440594157468,1.9482726234074998,2244157.3495041556,578.2771319026116
380800.0,4513476.663135797,639965.664821132,4513410.928500324,-1164.7930941367185,1638.3331607604698,-1164.9866707254218,-3.5782671388023073,-5.521624408064504,-3.5776296557648073,17470.347063123747,0.0,0.1982440594157468,1.9482726234074998,2244157.3495041556,578.2771319026116
380900.0,4513360.166030194,640129.4703989782,4513294.412040264,-1165.14806235692,1637.777089719884,-1165.3415747353422,-3.520932485768309,-5.600011130113117,-3.520285737788534,17470.347063123747,0.0,0.1982440594157468,1.9482726234074998,2244157.3495041556,578.2771319026116
381000.0,4513243.633716095,640293.2199756316,4513177.860378178,-1165.4972474204958,1637.2131152703716,-1165.6906946544864,-3.462601426267413,-5.679695780054353,-3.4619452598428055,17470.347063123747,0.0,0.1982440594157468,1.9482726234074998,2244157.3495041556,578.2771319026116
381100.0,4513127.066776826,640456.9127542295,4513061.274097482,-1165.840548909937,1636.6411066579815,-1166.0339300498815,-3.4032583945369965,-5.760697612299588,-3.4025926538862667,17470.347063123747,0.0,0.1982440594157468,1.9482726234074998,2244157.3495041556,578.2771319026116
381200.0,4513010.4658058295,640620.5479247374,4512944.653791716,-1166.1778648426205,1636.0609311940063,-1166.3711789232116,-3.34288765423725,-5.843036067172674,-3.3422121812783363,17470.347063123747,0.0,0.1982440594157468,1.9482726234074998,2244157.3495041556,578.2771319026116
381300.0,4512893.831406826,640784.1246637546,4512828.000064699,-1166.5090916538104,1635.4724542365122,-1166.7023376938164,-3.2814732996757736,-5.92673076845957,-3.280787934004092,17470.347063123747,0.0,0.1982440594157468,1.9482726234074998,2244157.3495041556,578.2771319026116
381400.0,4512777.164193973,640947.6421343173,4512711.313530685,-1166.8341241797912,1634.875539172124,-1167.027301181823,-3.2189992571982935,-6.011801520730603,-3.21830383606529,17470.347063123747,0.0,0.1982440594157468,1.9482726234074998,2244157.3495041556,578.2771319026116
381500.0,4512660.464792023,641111.0994857015,4512594.59481453,-1167.1528556411483,1634.2700473980906,-1167.345962591424,-3.1554492867491315,-6.098268306431279,-3.154743645041194,17470.347063123747,0.0,0.1982440594157468,1.9482726234074998,2244157.3495041556,578.2771319026116
381600.0,4512543.733836492,641274.4958532226,4512477.844551848,-1167.4651776262133,1633.6558383046531,-1167.6582134943203,-3.090806983617729,-6.186151282719685,-3.09009095383546,17470.347063123747,0.0,0.1982440594157468,1.9482726234074998,2244157.3495041556,578.2771319026116
381700.0,4512426.971973814,641437.8303580337,4512361.063389181,-1167.7709800746936,1633.0327692577423,-1167.9639438133493,-3.0250557803634073,-6.275470778062564,-3.0243291926013045,17470.347063123747,0.0,0.1982440594157468,1.9482726234074998,2244157.3495041556,578.2771319026116
381800.0,4512310.179861517,641601.1021069228,4512244.25198416,-1168.0701512615035,1632.4006955820284,-1168.2630418063136,-2.95817894893722,-6.36624728856471,-2.957441630863781,17470.347063123747,0.0,0.1982440594157468,1.9482726234074998,2244157.3495041556,578.2771319026116
381900.0,4512193.358168382,641764.3101921076,4512127.411005676,-1168.362577780818,1631.7594705443526,-1168.555394050033,-2.8901596030103947,-6.458501474019349,-2.8894113798486982,17470.347063123747,0.0,0.1982440594157468,1.9482726234074998,2244157.3495041556,578.2771319026116
382000.0,4512076.507574618,641927.4536910289,4512010.541134044,-1168.6481445303698,1631.108945337567,-1168.8408854246397,-2.820980700501065,-6.552254153692552,-2.820221395009841,17470.347063123747,0.0,0.1982440594157468,1.9482726234074998,2244157.3495041556,578.2771319026116
382100.0,4511959.628772027,642090.5316661425,4511893.643061179,-1168.9267346960096,1630.4489690648106,-1169.119399098136,-2.750625046327001,-6.647526301803845,-2.749854478782243,17470.347063123747,0.0,0.1982440594157468,1.9482726234074998,2244157.3495041556,578.2771319026116
382200.0,4511842.722464181,642253.5431647092,4511776.717490764,-1169.1982297365528,1629.7793887242517,-1169.3908165112398,-2.6790752953780412,-6.744339042713261,-2.678293283555175,17470.347063123747,0.0,0.1982440594157468,1.9482726234074998,2244157.3495041556,578.2771319026116
382300.0,4511725.789366591,642416.487218584,4511659.765138427,-1169.4625093689344,1629.100049194328,-1169.6550173625383,-2.606313955720317,-6.842713645799158,-2.605520314876978,17470.347063123747,0.0,0.1982440594157468,1.9482726234074998,2244157.3495041556,578.2771319026116
382400.0,4511608.830206886,642579.362844003,4511542.78673191,-1169.719451553698,1628.4107932195138,-1169.911879593974,-2.5323233920421977,-6.942671520014271,-2.5315179349016548,17470.347063123747,0.0,0.1982440594157468,1.9482726234074998,2244157.3495041556,578.2771319026116
382500.0,4511491.845724986,642742.1690413695,4511425.783011253,-1169.9689324808398,1627.7114613966487,-1170.161279376688,-2.4570858293514473,-7.044234208108119,-2.4562683660867046,17470.347063123747,0.0,0.1982440594157468,1.9482726234074998,2244157.3495041556,578.2771319026116
382600.0,4511374.836673282,642904.9047950384,4511308.754728967,-1170.2108265560366,1627.0018921618607,-1170.4030910972465,-2.3805833569260173,-7.147423380513908,-2.3797536951446396,17470.347063123747,0.0,0.1982440594157468,1.9482726234074998,2244157.3495041556,578.2771319026116
382700.0,4511257.803816814,643067.5690731,4511191.702650214,-1170.4450063872805,1626.2819217781184,-1170.6371873442733,-2.3027979325301136,-7.252260828885107,-2.301955877259811,17470.347063123747,0.0,0.1982440594157468,1.9482726234074998,2244157.3495041556,578.2771319026116
382800.0,4511140.74793345,643230.1608271615,4511074.627552985,-1170.6713427719508,1625.5513843234469,-1170.863438895521,-2.223711386907703,-7.358768459266274,-2.222856740582726,17470.347063123747,0.0,0.1982440594157468,1.9482726234074998,2244157.3495041556,578.2771319026116
382900.0,4511023.669814073,643392.6789921282,4510957.53022829,-1170.889704684348,1624.8101116798457,-1171.0817147054036,-2.1433054285621527,-7.466968284887631,-2.1424379910105404,17470.347063123747,0.0,0.1982440594157468,1.9482726234074998,2244157.3495041556,578.2771319026116
383000.0,4510906.570262755,643555.1224859835,4510840.411480329,-1171.0999592637206,1624.0579335229463,-1171.2918818930211,-2.061561648817367,-7.576882418591557,-2.0606812172490736,17470.347063123747,0.0,0.1982440594157468,1.9482726234074998,2244157.3495041556,578.2771319026116
383100.0,4510789.450096952,643717.4902095676,4510723.272126687,-1171.3019718028131,1623.294677312446,-1171.493805730708,-1.9784615271923647,-7.688533064848043,-1.977567896188348,17470.347063123747,0.0,0.1982440594157468,1.9482726234074998,2244157.3495041556,578.2771319026116
383200.0,4510672.3101476785,643879.7810463553,4510606.112998512,-1171.495605736967,1622.5201682833617,-1171.6873496331316,-1.8939864370791142,-7.80194251137522,-1.8930793985814107,17470.347063123747,0.0,0.1982440594157468,1.9482726234074998,2244157.3495041556,578.2771319026116
383300.0,4510555.151259703,644041.9938622336,4510488.934940704,-1171.6807226338053,1621.7342294381403,-1171.8723751469772,-1.8081176517429176,-7.917133120339827,-1.8071969950457465,17470.347063123747,0.0,0.1982440594157468,1.9482726234074998,2244157.3495041556,578.2771319026116
383400.0,4510437.974291727,644204.1275052776,4510371.738812104,-1171.8571821835337,1620.9366815396727,-1172.0487419412468,-1.7208363506505906,-8.034127319132185,-1.719901862392553,17470.347063123747,0.0,0.1982440594157468,1.9482726234074998,2244157.3495041556,578.2771319026116
383500.0,4510320.780116581,644366.1808055268,4510254.525485678,-1172.0248421898905,1620.1273431052502,-1172.21630779821,-1.6321236261396814,-8.152947590699233,-1.6311750902970958,17470.347063123747,0.0,0.1982440594157468,1.9482726234074998,2244157.3495041556,578.2771319026116
383600.0,4510203.569621407,644528.1525747596,4510137.2958487095,-1172.1835585617823,1619.306030401511,-1172.3749286050372,-1.5419604904282034,-8.273616463438284,-1.5409976883096546,17470.347063123747,0.0,0.1982440594157468,1.9482726234074998,2244157.3495041556,578.2771319026116
383700.0,4510086.343707854,644690.0416062684,4510020.050802989,-1172.3331853056375,1618.4725574404197,-1172.5244583461545,-1.4503278829939639,-8.39615650061316,-1.449350593236078,17470.347063123747,0.0,0.1982440594157468,1.9482726234074998,2244157.3495041556,578.2771319026116
383800.0,4509969.103292261,644851.846674634,4509902.791265003,-1172.473574518516,1617.6267359763299,-1172.6647490963514,-1.357206678309626,-8.520590289314034,-1.356214676874159,17470.347063123747,0.0,0.1982440594157468,1.9482726234074998,2244157.3495041556,578.2771319026116
383900.0,4509851.849305859,645013.5665354999,4509785.518166128,-1172.6045763820111,1616.7683755041724,-1172.795651014684,-1.2625776939598232,-8.646940428926605,-1.2615707541321184,17470.347063123747,0.0,0.1982440594157468,1.9482726234074998,2244157.3495041556,578.2771319026116
384000.0,4509734.582694951,645175.1999253456,4509668.232452817,-1172.726039156983,1615.8972832588242,-1172.9170123392066,-1.1664216991426652,-8.775229519109567,-1.1653995915315223,17470.347063123747,0.0,0.1982440594157468,1.9482726234074998,2244157.3495041556,578.2771319026116
384100.0,4509617.304421116,645336.7455612615,4509550.9350868,-1172.8378091791612,1615.0132642157023,-1173.0286793825762,-1.0687194235649935,-8.905480147269616,-1.0676819161040179,17470.347063123747,0.0,0.1982440594157468,1.9482726234074998,2244157.3495041556,578.2771319026116
384200.0,4509500.015461391,645498.2021407227,4509433.627045268,-1172.9397308556577,1614.1161210926373,-1173.1304965285644,-0.9694515667503385,-9.037714875510083,-0.9683984247008368,17470.347063123747,0.0,0.1982440594157468,1.9482726234074998,2244157.3495041556,578.2771319026116
384300.0,4509382.716808471,645659.5683413628,4509316.309321073,-1173.0316466624301,1613.205654353077,-1173.2223062295218,-0.8685988077472473,-9.171956227072647,-0.8675297937027251,17470.347063123747,0.0,0.1982440594157468,1.9482726234074998,2244157.3495041556,578.2771319026116
384400.0,4509265.4094709,645820.8428207497,4509198.982922917,-1173.1133971427387,1612.2816622106748,-1173.3039490048343,-0.7661418152782105,-9.308226672218835,-0.765056689170537,17470.347063123747,0.0,0.1982440594157468,1.9482726234074998,2244157.3495041556,578.2771319026116
384500.0,4509148.094473263,645982.0242161604,4509081.648875548,-1173.1848209066372,1611.343940635314,-1173.3752634404166,-0.6620612583054708,-9.446548613586586,-0.6609597774127689,17470.347063123747,0.0,0.1982440594157468,1.9482726234074998,2244157.3495041556,578.2771319026116
384600.0,4509030.772856384,646143.1111443568,4508964.30821995,-1173.2457546315459,1610.392283360628,-1173.4360861892842,-0.5563378170518609,-9.586944370971722,-0.5552197360082074,17470.347063123747,0.0,0.1982440594157468,1.9482726234074998,2244157.3495041556,578.2771319026116
384700.0,4508913.44567751,646304.1022013627,4508846.96201354,-1173.2960330639455,1609.4264818930662,-1173.4862519732496,-0.44895219446306456,-9.729436165555637,-0.44781726527004206,17470.347063123747,0.0,0.1982440594157468,1.9482726234074998,2244157.3495041556,578.2771319026116
384800.0,4508796.114010517,646464.9959622419,4508729.611330358,-1173.3354890222429,1608.4463255225712,-1173.5255935857886,-0.33988512813868077,-9.874046103544057,-0.3387331001788709,17470.347063123747,0.0,0.1982440594157468,1.9482726234074998,2244157.3495041556,578.2771319026116
384900.0,4508678.778946089,646625.7909808765,4508612.257261263,-1173.3639534008516,1607.4516013349162,-1173.5539418961228,-0.22911740272196646,-10.020796159233562,-0.22794802277444415,17470.347063123747,0.0,0.1982440594157468,1.9482726234074998,2244157.3495041556,578.2771319026116
385000.0,4508561.44159192,646786.485789748,4508494.900914121,-1173.3812551755366,1606.4420942257689,-1173.5711258545657,-0.1166298627796234,-10.169708157465266,-0.11544287503752049,17470.347063123747,0.0,0.1982440594157468,1.9482726234074998,2244157.3495041556,578.2771319026116
385100.0,4508444.103072902,646947.0788997182,4508377.543414,-1173.3872214100695,1605.4175869165383,-1173.5769724991799,-0.0024034261510506028,-10.320803755496852,-0.0011985722412690691,17470.347063123747,0.0,0.1982440594157468,1.9482726234074998,2244157.3495041556,578.2771319026116
385200.0,4508326.764531314,647107.5687998133,4508260.185903358,-1173.3816772642451,1604.3778599720663,-1173.5713069637952,0.11358090219737171,-10.47410442424675,0.114803883192236,17470.347063123747,0.0,0.1982440594157468,1.9482726234074998,2244157.3495041556,578.2771319026116
385300.0,4508209.427127017,647267.9539570088,4508142.829542236,-1173.364446003307,1603.3226918202236,-1173.5539524874373,0.23134201582053926,-10.629631428923838,0.23258338733798034,17470.347063123747,0.0,0.1982440594157468,1.9482726234074998,2244157.3495041556,578.2771319026116
385400.0,4508092.092037636,647428.2328160172,4508025.475508445,-1173.335349008834,1602.251858773477,-1173.5247304252164,0.35089869193486045,-10.787405809030894,0.35215871990587644,17470.347063123747,0.0,0.1982440594157468,1.9482726234074998,2244157.3495041556,578.2771319026116
385500.0,4507974.760458753,647588.4037990774,4507908.124997753,-1173.2942057911387,1601.1651350524837,-1173.4834602607282,0.47226957605018605,-10.947448357744538,0.47354852887026855,17470.347063123747,0.0,0.1982440594157468,1.9482726234074998,2244157.3495041556,578.2771319026116
385600.0,4507857.433604094,647748.4653057468,4507790.779224073,-1173.240834003228,1600.0622928117848,-1173.4299596200187,0.5954731660660926,-11.10977960063693,0.5967713145636893,17470.347063123747,0.0,0.1982440594157468,1.9482726234074998,2244157.3495041556,578.2771319026116
385700.0,4507740.112705709,647908.4157126959,4507673.439419649,-1173.1750494563817,1598.943102167653,-1173.3640442871642,0.7205277958573548,-11.274419773776447,0.7218454132597465,17470.347063123747,0.0,0.1982440594157468,1.9482726234074998,2244157.3495041556,578.2771319026116
385800.0,4507622.7990141595,648068.2533735067,4507556.106835237,-1173.0966661373973,1597.8073312281674,-1173.2855282215212,0.8474516183156657,-11.441388801165168,0.8487889802121726,17470.347063123747,0.0,0.1982440594157468,1.9482726234074998,2244157.3495041556,578.2771319026116
385900.0,4507505.493798698,648227.9766184724,4507438.7827402875,-1173.0054962275592,1596.6547461255743,-1173.1942235766985,0.9762625878564046,-11.610706271528297,0.9776199721588528,17470.347063123747,0.0,0.1982440594157468,1.9482726234074998,2244157.3495041556,578.2771319026116
386000.0,4507388.198347451,648387.5837544022,4507321.468423125,-1172.9013501233828,1595.485111051003,-1173.0899407213062,1.1069784423862163,-11.782391414452889,1.1083561292865873,17470.347063123747,0.0,0.1982440594157468,1.9482726234074998,2244157.3495041556,578.2771319026116
386100.0,4507270.91396759,648547.0730644292,4507204.165191127,-1172.7840364591905,1594.2981882916001,-1172.9724882615353,1.2396166847224173,-11.956463075866656,1.2410149566475877,17470.347063123747,0.0,0.1982440594157468,1.9482726234074998,2244157.3495041556,578.2771319026116
386200.0,4507153.641985512,648706.4428078212,4507086.874370895,-1172.653362131572,1593.0937382701484,-1172.8416730656234,1.3741945634615904,-12.13293969285644,1.3756137050250903,17470.347063123747,0.0,0.1982440594157468,1.9482726234074998,2244157.3495041556,578.2771319026116
386300.0,4507036.3837470105,648865.6912197971,4506969.597308431,-1172.5091323257864,1591.871519587238,-1172.6973002902603,1.510729053304396,-12.311839267839124,1.5121693512551335,17470.347063123747,0.0,0.1982440594157468,1.9482726234074998,2244157.3495041556,578.2771319026116
386400.0,4506919.140617444,649024.8165113466,4506852.335369305,-1172.351150544158,1590.631289066052,-1172.5391734089912,1.6492368348143929,-12.493179342057868,1.6506985779822223,17470.347063123747,0.0,0.1982440594157468,1.9482726234074998,2244157.3495041556,578.2771319026116
386500.0,4506801.913981904,649183.8168690547,4506735.089938823,-1172.1792186365253,1589.3728017998362,-1172.3670942426704,1.7897342736392075,-12.676976968445475,1.7912177528773006,17470.347063123747,0.0,0.1982440594157468,1.9482726234074998,2244157.3495041556,578.2771319026116
386600.0,4506684.705245378,649342.6904549313,4506617.862422191,-1171.9931368327952,1588.0958112021146,-1172.1808629920204,1.932237399163233,-12.863248683816149,1.9337429072871615,17470.347063123747,0.0,0.1982440594157468,1.9482726234074998,2244157.3495041556,578.2771319026116
386700.0,4506567.51583291,649501.4354062461,4506500.654244672,-1171.792703777659,1586.800069059718,-1171.9802782723552,2.076761882615921,-13.052010480421554,2.078289714339359,17470.347063123747,0.0,0.1982440594157468,1.9482726234074998,2244157.3495041556,578.2771319026116
386800.0,4506450.347189759,649660.0498353681,4506383.466851748,-1171.5777165675254,1585.4853255886896,-1171.7651371505208,2.223323014627419,-13.243277776863282,2.2248734664944383,17470.347063123747,0.0,0.1982440594157468,1.9482726234074998,2244157.3495041556,578.2771319026116
386900.0,4506333.200781547,649818.531829612,4506266.301709267,-1171.3479707897266,1584.1513294931308,-1171.5352351841059,2.3719356822349607,-13.437065388369339,2.3735090525487754,17470.347063123747,0.0,0.1982440594157468,1.9482726234074998,2244157.3495041556,578.2771319026116
387000.0,4506216.078094414,649976.8794510899,4506149.1603036,-1171.1032605640485,1582.7978280270509,-1171.2903664629814,2.522614345342234,-13.633387496441118,2.524210934090366,17470.347063123747,0.0,0.1982440594157468,1.9482726234074998,2244157.3495041556,578.2771319026116
387100.0,4506098.980635158,650135.0907365695,4506032.044141776,-1170.8433785866446,1581.4245670592827,-1171.030323653221,2.6753730126478237,-13.83225761789566,2.6769931214236236,17470.347063123747,0.0,0.1982440594157468,1.9482726234074998,2244157.3495041556,578.2771319026116
387200.0,4505981.909931376,650293.1636973388,4505914.9547516275,-1170.5681161763819,1580.0312911415247,-1170.7548980434556,2.830225217032331,-14.033688573292384,2.8318691489527374,17470.347063123747,0.0,0.1982440594157468,1.9482726234074998,2244157.3495041556,578.2771319026116
387300.0,4505864.867531601,650451.0963190782,4505797.893681927,-1170.2772633236755,1578.61774357957,-1170.4638795937158,2.9871839904222774,-14.23769245477185,2.988852050041796,17470.347063123747,0.0,0.1982440594157468,1.9482726234074998,2244157.3495041556,578.2771319026116
387400.0,4505747.855005433,650608.8865617396,4505680.8625025125,-1169.9706087418622,1577.1836665077806,-1170.1570569868152,3.1462618381337997,-14.444280593313767,3.147954331354586,17470.347063123747,0.0,0.1982440594157468,1.9482726234074998,2244157.3495041556,578.2771319026116
387500.0,4505630.873943659,650766.5323594327,4505563.8628044175,-1169.6479399211655,1575.7288009668625,-1169.8342176823232,3.307470712721983,-14.653463525452228,3.3091879467000114,17470.347063123747,0.0,0.1982440594157468,1.9482726234074998,2244157.3495041556,578.2771319026116
387600.0,4505513.925958377,650924.0316203199,4505446.896199987,-1169.3090431853007,1574.252886985,-1169.495147973181,3.470821987314544,-14.865250959422394,3.4725642703617448,17470.347063123747,0.0,0.1982440594157468,1.9482726234074998,2244157.3495041556,578.2771319026116
387700.0,4505397.01268311,651081.3822265198,4505329.964322994,-1168.9537037507698,1572.7556636623972,-1169.139633045006,3.6363264284788412,-15.079651740807728,3.6380940699612045,17470.347063123747,0.0,0.1982440594157468,1.9482726234074998,2244157.3495041556,578.2771319026116
387800.0,4505280.13577291,651238.5820340178,4505213.068828746,-1168.5817057888949,1571.2368692592834,-1168.7674570381348,3.8039941686122756,-15.29667381767721,3.8057874788437926,17470.347063123747,0.0,0.1982440594157468,1.9482726234074998,2244157.3495041556,578.2771319026116
387900.0,4505163.296904462,651395.6288725873,4505096.211394182,-1168.1928324906337,1569.6962412874268,-1168.3784031124517,3.973834677881266,-15.51632420524935,3.975653968013728,17470.347063123747,0.0,0.1982440594157468,1.9482726234074998,2244157.3495041556,578.2771319026116
388000.0,4505046.49777618,651552.5205457194,4504979.393717977,-1167.786866134225,1568.1335166052058,-1167.9722535150427,4.1458567357271,-15.738608950110411,4.14770231763564,17470.347063123747,0.0,0.1982440594157468,1.9482726234074998,2244157.3495041556,578.2771319026116
388100.0,4504929.740108289,651709.2548305625,4504862.61752062,-1167.3635881557022,1566.5484315162787,-1167.5487896507225,4.320068401952578,-15.963533094008074,4.321940588116939,17470.347063123747,0.0,0.1982440594157468,1.9482726234074998,2244157.3495041556,578.2771319026116
388200.0,4504813.025642913,651865.8294778718,4504745.8845445,-1166.9227792223207,1564.940721871894,-1167.1077921554734,4.4964769874094594,-16.191100637250265,4.498376090790913,17470.347063123747,0.0,0.1982440594157468,1.9482726234074998,2244157.3495041556,578.2771319026116
388300.0,4504696.356144142,652022.2422119693,4504629.196553977,-1166.4642193089328,1563.31012317688,-1166.6490409728328,4.675089024323359,-16.421314501760666,4.677015358237276,17470.347063123747,0.0,0.1982440594157468,1.9482726234074998,2244157.3495041556,578.2771319026116
388400.0,4504579.733398103,652178.4907307151,4504512.555335449,-1165.9876877773495,1561.6563706993434,-1166.172315433268,4.85591023626184,-16.65417649380104,4.857864114245843,17470.347063123747,0.0,0.1982440594157468,1.9482726234074998,2244157.3495041556,578.2771319026116
388500.0,4504463.159213012,652334.5727054885,4504395.962697408,-1165.492963458722,1559.9791995841124,-1165.677394336571,5.038945507770504,-16.889687266395853,5.040927243448161,17470.347063123747,0.0,0.1982440594157468,1.9482726234074998,2244157.3495041556,578.2771319026116
388600.0,4504346.635419224,652490.4857811823,4504279.420470488,-1164.979824738973,1558.278344969948,-1165.1640560373037,5.224198853744237,-17.12784628155152,5.226208760684294,17470.347063123747,0.0,0.1982440594157468,1.9482726234074998,2244157.3495041556,578.2771319026116
388700.0,4504230.163869276,652646.2275762078,4504162.930507507,-1164.4480496473063,1556.5535421105455,-1164.6320785333214,5.411673388495407,-17.36865177222066,5.413711780066513,17470.347063123747,0.0,0.1982440594157468,1.9482726234074998,2244157.3495041556,578.2771319026116
388800.0,4504113.746437914,652801.7956825127,4504046.494683497,-1163.8974159478194,1554.8045264993468,-1164.0812395574014,5.601371294620734,-17.612100704149825,5.603438483841664,17470.347063123747,0.0,0.1982440594157468,1.9482726234074998,2244157.3495041556,578.2771319026116
388900.0,4503997.385022119,652957.1876656112,4503930.114895726,-1163.327701234242,1553.0310339981752,-1163.5113166719955,5.793293791640217,-17.858188737576423,5.795390091025535,17470.347063123747,0.0,0.1982440594157468,1.9482726234074998,2244157.3495041556,578.2771319026116
389000.0,4503881.081541116,653112.4010646277,4503813.7930637095,-1162.7386830278178,1551.232800969702,-1162.9220873671275,5.987441104501749,-18.106910188901676,5.989566825902971,17470.347063123747,0.0,0.1982440594157468,1.9482726234074998,2244157.3495041556,578.2771319026116
389100.0,4503764.837936378,653267.4333923537,4503697.531129215,-1162.1301388783418,1549.4095644137494,-1162.3133291614472,6.183812431940677,-18.358257992326415,6.185967886382848,17470.347063123747,0.0,0.1982440594157468,1.9482726234074998,2244157.3495041556,578.2771319026116
389200.0,4503648.656171616,653422.2821353181,4503581.331056252,-1161.5018464683676,1547.561062107426,-1161.6848197064544,6.3824059147575225,-18.612223661535396,6.384591412271301,17470.347063123747,0.0,0.1982440594157468,1.9482726234074998,2244157.3495041556,578.2771319026116
389300.0,4503532.538232762,653576.9447538726,4503465.194831053,-1160.8535837205895,1545.687032749091,-1161.0363368938968,6.583218604052608,-18.868797251482498,6.585434453501783,17470.347063123747,0.0,0.1982440594157468,1.9482726234074998,2244157.3495041556,578.2771319026116
389400.0,4503416.486127941,653731.4186822907,4503349.124462044,-1160.1851289084,1543.7872161061307,-1160.3676589663462,6.786246429462704,-19.12796732033795,6.788492938367251,17470.347063123747,0.0,0.1982440594157468,1.9482726234074998,2244157.3495041556,578.2771319026116
389500.0,4503300.501887425,653885.7013288827,4503233.121979807,-1159.496260769623,1541.8613531665312,-1159.6785646309493,6.9914841674406665,-19.38972089165231,6.993761641795289,17470.347063123747,0.0,0.1982440594157468,1.9482726234074998,2244157.3495041556,578.2771319026116
389600.0,4503184.587563587,654039.7900761248,4503117.189437022,-1158.7867586234142,1539.90918629422,-1158.9688331763464,7.198925409637779,-19.654043416817128,7.2012341537260225,17470.347063123747,0.0,0.1982440594157468,1.9482726234074998,2244157.3495041556,578.2771319026116
389700.0,4503068.745230834,654193.6822808054,4503001.32890841,-1158.0564024903174,1537.9304593881457,-1158.2382445927465,7.408562531414067,-19.92091873785583,7.410902847618025,17470.347063123747,0.0,0.1982440594157468,1.9482726234074998,2244157.3495041556,578.2771319026116
389800.0,4502952.976985528,654347.375274186,4502885.542490648,-1157.3049732154584,1535.9249180450558,-1157.48657969514,7.620386660571073,-20.190329050670055,7.622758849176722,17470.347063123747,0.0,0.1982440594157468,1.9482726234074998,2244157.3495041556,578.2771319026116
389900.0,4502837.284945903,654500.8663621799,4502769.83230229,-1156.532252594856,1533.8923097259294,-1156.7136202496306,7.8343876463020505,-20.462254868734426,7.8367920053003175,17470.347063123747,0.0,0.1982440594157468,1.9482726234074998,2244157.3495041556,578.2771319026116
390000.0,4502721.671251959,654654.1528255463,4502654.2004836565,-1155.7380235048201,1531.832383926008,-1155.9191491028523,8.050554028493735,-20.73667498741674,8.052990853377299,17470.347063123747,0.0,0.1982440594157468,1.9482726234074998,2244157.3495041556,578.2771319026116
390100.0,4502606.138065349,654807.2319201033,4502538.649196725,-1154.9220700344054,1529.7448923483673,-1155.1029503144437,8.268873007352003,-21.01356644888589,8.271342590907988,17470.347063123747,0.0,0.1982440594157468,1.9482726234074998,2244157.3495041556,578.2771319026116
390200.0,4502490.687569251,654960.100876957,4502423.180625003,-1154.084177620878,1527.62958908096,-1154.2648092925365,8.48933041347762,-21.292904507773294,8.491833045576183,17470.347063123747,0.0,0.1982440594157468,1.9482726234074998,2244157.3495041556,578.2771319026116
390300.0,4502375.321968227,655112.7569027487,4502307.79697338,-1153.2241331881532,1525.4862307770525,-1153.4045129322135,8.711910678435245,-21.574662597643314,8.714446645814174,17470.347063123747,0.0,0.1982440594157468,1.9482726234074998,2244157.3495041556,578.2771319026116
390400.0,4502260.043488064,655265.1971799214,4502192.500467979,-1152.341725288148,1523.314576838974,-1152.521849756884,8.936596805853604,-21.85881229832072,8.939166391899118,17470.347063123747,0.0,0.1982440594157468,1.9482726234074998,2244157.3495041556,578.2771319026116
390500.0,4502144.854375609,655417.4188670033,4502077.293355982,-1151.4367442449934,1521.1143896050821,-1151.616610062517,9.16337034316879,-22.145323304220884,9.165973827692508,17470.347063123747,0.0,0.1982440594157468,1.9482726234074998,2244157.3495041556,578.2771319026116
390600.0,4502029.756898581,655569.4190989111,4501962.177905446,-1150.5089823020392,1518.885434539844,-1150.6885860646698,9.392211354033655,-22.434163393710286,9.394849013045972,17470.347063123747,0.0,0.1982440594157468,1.9482726234074998,2244157.3495041556,578.2771319026116
390700.0,4501914.753345371,655721.1949872725,4501847.156405105,-1149.5582337715798,1516.6274804269265,-1149.737572048235,9.623098391499159,-22.72529839963405,9.625770496979124,17470.347063123747,0.0,0.1982440594157468,1.9482726234074998,2244157.3495041556,578.2771319026116
390800.0,4501799.846024831,655872.7436207675,4501732.2311641555,-1148.584295187222,1514.34029956517,-1148.7633645198327,9.856008472004486,-23.018692181055606,9.85871529166631,17470.347063123747,0.0,0.1982440594157468,1.9482726234074998,2244157.3495041556,578.2771319026116
390900.0,4501685.037266041,656024.06206549,4501617.4045120245,-1147.586965458809,1512.0236679673255,-1147.7657623627576,10.090917050280776,-23.314306596342856,10.093658847337188,17470.347063123747,0.0,0.1982440594157468,1.9482726234074998,2244157.3495041556,578.2771319026116
391000.0,4501570.329418065,656175.1473653294,4501502.678798126,-1146.566046029806,1509.6773655614113,-1146.7445669943893,10.327797995210265,-23.612101477651695,10.330575028132802,17470.347063123747,0.0,0.1982440594157468,1.9482726234074998,2244157.3495041556,578.2771319026116
391100.0,4501455.72484969,656325.996542372,4501388.056391599,-1145.5213410370493,1507.3011763945462,-1145.6995825259635,10.566623566747396,-23.912034606942598,10.569436089023856,17470.347063123747,0.0,0.1982440594157468,1.9482726234074998,2244157.3495041556,578.2771319026116
391200.0,4501341.225949147,656476.6065973236,4501273.539681029,-1144.4526574727458,1504.8948888391033,-1144.6306159245983,10.807364393937606,-24.214061693572116,10.81021265382686,17470.347063123747,0.0,0.1982440594157468,1.9482726234074998,2244157.3495041556,578.2771319026116
391300.0,4501226.835123817,656626.9745099518,4501159.131074156,-1143.3598053486146,1502.4582958010192,-1143.537477177458,11.049989454159789,-24.51813635361973,11.052873694444136,17470.347063123747,0.0,0.1982440594157468,1.9482726234074998,2244157.3495041556,578.2771319026116
391400.0,4501112.554799926,656777.0972395504,4501044.832997562,-1142.2425978620379,1499.9911949300822,-1142.419979457931,11.294466053615766,-24.824210090974454,11.297386511350995,17470.347063123747,0.0,0.1982440594157468,1.9482726234074998,2244157.3495041556,578.2771319026116
391500.0,4500998.387422209,656926.9717254244,4500930.647896349,-1141.100851564099,1497.4933888320184,-1141.2779392936923,11.540759809174844,-25.132232280317254,11.543716715438341,17470.347063123747,0.0,0.1982440594157468,1.9482726234074998,2244157.3495041556,578.2771319026116
391600.0,4500884.335453575,657076.5948873957,4500816.578233788,-1139.934386529363,1494.9646852821795,-1140.1111767365085,11.788834631667616,-25.442150152115925,11.791828211304649,17470.347063123747,0.0,0.1982440594157468,1.9482726234074998,2244157.3495041556,578.2771319026116
391700.0,4500770.40137474,657225.9636263314,4500702.626490961,-1138.7430265272558,1492.4048974406312,-1138.9195155336429,12.038652710650116,-25.753908779652686,12.041683182018573,17470.347063123747,0.0,0.1982440594157468,1.9482726234074998,2244157.3495041556,578.2771319026116
391800.0,4500656.587683852,657375.0748246928,4500588.795166386,-1137.5265991948856,1489.813844068428,-1137.7027833007032,12.2901745007728,-26.067451068253575,12.293242075486646,17470.347063123747,0.0,0.1982440594157468,1.9482726234074998,2244157.3495041556,578.2771319026116
391900.0,4500542.896896094,657523.9253471064,4500475.086775618,-1136.284936211147,1487.1913497448531,-1136.4608116957706,12.543358709807963,-26.38271774678152,12.5464635924797,17470.347063123747,0.0,0.1982440594157468,1.9482726234074998,2244157.3495041556,578.2771319026116
392000.0,4500429.331543273,657672.5120409568,4500361.503850835,-1135.0178734719354,1484.5372450853945,-1135.19343659464,12.79816228840528,-26.699647361475687,12.80130467638762,17470.347063123747,0.0,0.1982440594157468,1.9482726234074998,2244157.3495041556,578.2771319026116
392100.0,4500315.894173387,657820.8317370006,4500248.048940412,-1133.725251266297,1481.851366960212,-1133.9004982669958,13.054540421654675,-27.01817627223203,13.057720504781845,17470.347063123747,0.0,0.1982440594157468,1.9482726234074998,2244157.3495041556,578.2771319026116
392200.0,4500202.587350179,657968.8812500037,4500134.724608467,-1132.4069144533264,1479.1335587128524,-1132.5818415533365,13.312446522563977,-27.33823865145592,13.315664482892789,17470.347063123747,0.0,0.1982440594157468,1.9482726234074998,2244157.3495041556,578.2771319026116
392300.0,4500089.41365267,658116.6573793989,4500021.5334344,-1131.0627126396223,1476.3836703789477,-1131.2373160424545,13.571832227446746,-27.65976648547094,13.575088238997854,17470.347063123747,0.0,0.1982440594157468,1.9482726234074998,2244157.3495041556,578.2771319026116
392400.0,4499976.375674673,658264.1569099666,4499908.478012407,-1129.6925003571005,1473.6015589046392,-1129.8667762492757,13.832647393407964,-27.9826895787188,13.835941621907638,17470.347063123747,0.0,0.1982440594157468,1.9482726234074998,2244157.3495041556,578.2771319026116
392500.0,4499863.476024299,658411.3766125359,4499795.560950979,-1128.2961372409547,1470.7870883644418,-1128.4700817928474,14.094840097868326,-28.306935560661998,14.098172700490986,17470.347063123747,0.0,0.1982440594157468,1.9482726234074998,2244157.3495041556,578.2771319026116
392600.0,4499750.717323429,658558.3132447093,4499682.78487238,-1126.8734882075578,1467.940130178276,-1127.0470975742628,14.358356640306052,-28.632429895611676,14.361727765417974,17470.347063123747,0.0,0.1982440594157468,1.9482726234074998,2244157.3495041556,578.2771319026116
392700.0,4499638.102207182,658704.9635516072,4499570.1524121165,-1125.4244236320767,1465.0605633273701,-1125.5976939543034,14.623141546220637,-28.95909589547457,14.62655133312515,17470.347063123747,0.0,0.1982440594157468,1.9482726234074998,2244157.3495041556,578.2771319026116
392800.0,4499525.63332336,658851.3242666353,4499457.666218376,-1123.948819525576,1462.1482745687385,-1124.121746930567,14.889137573385275,-29.286854735494117,14.892586152069818,17470.347063123747,0.0,0.1982440594157468,1.9482726234074998,2244157.3495041556,578.2771319026116
392900.0,4499413.313331874,658997.3921122728,4499345.328951457,-1122.4465577113792,1459.2031586479318,-1122.6191383138546,15.156285720489466,-29.615625473105375,15.159773211374842,17470.347063123747,0.0,0.1982440594157468,1.9482726234074998,2244157.3495041556,578.2771319026116
393000.0,4499301.144904154,659143.1638008814,4499233.143283179,-1120.9175260004454,1456.2251185097455,-1121.089755903572,15.424525238185021,-29.945325069908037,15.428051751877275,17470.347063123747,0.0,0.1982440594157468,1.9482726234074998,2244157.3495041556,578.2771319026116
393100.0,4499189.130722545,659288.636035536,4499121.111896277,-1119.3616183655179,1453.2140655065725,-1119.5334936619029,15.69379364258413,-30.27586841680769,15.697359279629335,17470.347063123747,0.0,0.1982440594157468,1.9482726234074998,2244157.3495041556,578.2771319026116
393200.0,4499077.273479676,659433.8055108759,4499009.237483772,-1117.778735113797,1450.169919604078,-1117.950251886506,15.964026731338617,-30.607168362479605,15.967631581981072,17470.347063123747,0.0,0.1982440594157468,1.9482726234074998,2244157.3495041556,578.2771319026116
393300.0,4498965.575877823,659578.6689139758,4498897.5227483325,-1116.1687830578765,1447.092609583864,-1116.339937381476,16.23515860223562,-30.939135745056824,16.238802746179744,17470.347063123747,0.0,0.1982440594157468,1.9482726234074998,2244157.3495041556,578.2771319026116
393400.0,4498854.040628249,659723.222925238,4498785.970401612,-1114.531675684691,1443.9820732428002,-1114.7024636263131,16.507121674430202,-31.271679427184772,16.510805180606553,17470.347063123747,0.0,0.1982440594157468,1.9482726234074998,2244157.3495041556,578.2771319026116
393500.0,4498742.670450526,659867.4642193031,4498674.583163579,-1112.8673333222073,1440.8382575886792,-1113.03775094264,16.779846712332127,-31.604706334450363,16.78356963866804,17470.347063123747,0.0,0.1982440594157468,1.9482726234074998,2244157.3495041556,578.2771319026116
393600.0,4498631.468071847,660011.3894659813,4498563.363761818,-1111.1756833035927,1437.661119031859,-1111.3457266583907,17.053262852167496,-31.93812149719728,17.057025245362528,17470.347063123747,0.0,0.1982440594157468,1.9482726234074998,2244157.3495041556,578.2771319026116
393700.0,4498520.436226312,660154.9953312016,4498452.3149308255,-1109.4566601285928,1434.4506235725555,-1109.6263252692113,17.32729763125428,-32.27182809576312,17.33109952656111,17470.347063123747,0.0,0.1982440594157468,1.9482726234074998,2244157.3495041556,578.2771319026116
393800.0,4498409.577654207,660298.2784779802,4498341.439411283,-1107.710205621844,1431.2067469834365,-1107.8794885967939,17.601877020028688,-32.605727509170734,17.605718441039667,17470.347063123747,0.0,0.1982440594157468,1.9482726234074998,2244157.3495041556,578.2771319026116
393900.0,4498298.895101263,660441.2355674065,4498230.739949315,-1105.9362690878468,1427.9294749871774,-1106.1051659438717,17.876925456788012,-32.93971936721386,17.880806415227934,17470.347063123747,0.0,0.1982440594157468,1.9482726234074998,2244157.3495041556,578.2771319026116
394000.0,4498188.391317901,660583.8632596472,4498120.219295737,-1104.1348074623259,1424.6188034286338,-1104.3033142455988,18.15236588523592,-33.27370160603247,18.156286380761355,17470.347063123747,0.0,0.1982440594157468,1.9482726234074998,2244157.3495041556,578.2771319026116
394100.0,4498078.069058459,660726.1582149661,4498009.880205286,-1102.3057854596987,1421.274738441288,-1102.4738982170384,18.428119794768644,-33.60757052708217,18.432079814774163,17470.347063123747,0.0,0.1982440594157468,1.9482726234074998,2244157.3495041556,578.2771319026116
394200.0,4497967.93108041,660868.1170947618,4497899.725435827,-1100.4491757163748,1417.8972966076242,-1100.6168904964813,18.704107263547186,-33.94122085954039,18.708106782979048,17470.347063123747,0.0,0.1982440594157468,1.9482726234074998,2244157.3495041556,578.2771319026116
394300.0,4497857.98014356,661009.73656262,4497789.757747563,-1098.5649589296124,1414.4865051130969,-1098.7322717843213,18.980247004306754,-34.27454582606976,18.98428598548429,17470.347063123747,0.0,0.1982440594157468,1.9482726234074998,2244157.3495041556,578.2771319026116
394400.0,4497748.219009238,661151.0132853813,4497679.979902216,-1096.6531239916542,1411.0424018933525,-1096.8200309772074,19.256456412946022,-34.60743721197784,19.26053480539122,17470.347063123747,0.0,0.1982440594157468,1.9482726234074998,2244157.3495041556,578.2771319026116
394500.0,4497638.650439469,661291.9439342229,4497570.394662206,-1094.71366811887,1407.5650357743705,-1094.880165297204,19.532651619799303,-34.93978543763195,19.536769360074985,17470.347063123747,0.0,0.1982440594157468,1.9482726234074998,2244157.3495041556,578.2771319026116
394600.0,4497529.2771961335,661432.5251857552,4497461.004789807,-1092.7465969756354,1404.0544666051997,-1092.912680415685,19.80874754363866,-35.2714796341736,19.812904555195523,17470.347063123747,0.0,0.1982440594157468,1.9482726234074998,2244157.3495041556,578.2771319026116
394700.0,4497420.102040119,661572.7537231295,4497351.813046298,-1090.7519247926768,1400.5107653829607,-1090.917590571693,20.08465794833738,-35.60240772242812,20.088854141370415,17470.347063123747,0.0,0.1982440594157468,1.9482726234074998,2244157.3495041556,578.2771319026116
394800.0,4497311.127730456,661712.6262371594,4497242.822191103,-1088.7296744796201,1396.934014369804,-1088.8949186845027,20.360295502125243,-35.932456494903846,20.364530773439864,17470.347063123747,0.0,0.1982440594157468,1.9482726234074998,2244157.3495041556,578.2771319026116
394900.0,4497202.357023448,661852.1394274521,4497134.0349809155,-1086.6798777314832,1393.3243072015116,-1086.8446964601264,20.63557183945359,-36.26151170088847,20.639846072341747,17470.347063123747,0.0,0.1982440594157468,1.9482726234074998,2244157.3495041556,578.2771319026116
395000.0,4497093.792671782,661991.2900035519,4497025.454168812,-1084.602575128857,1389.6817489874434,-1084.7669644915063,20.910397625342235,-36.5894581344621,20.914710689469004,17470.347063123747,0.0,0.1982440594157468,1.9482726234074998,2244157.3495041556,578.2771319026116
395100.0,4496985.437423642,662130.0746860909,4496917.082503365,-1082.4978162315274,1386.0064564015336,-1082.6617723521472,21.184682622216325,-36.91617972542221,21.18903437351723,17470.347063123747,0.0,0.1982440594157468,1.9482726234074998,2244157.3495041556,578.2771319026116
395200.0,4496877.294021801,662268.4902079508,4496808.922727736,-1080.3656596652954,1382.298557764063,-1080.529178682947,21.458335759062162,-37.24155963288559,21.462726039651507,17470.347063123747,0.0,0.1982440594157468,1.9482726234074998,2244157.3495041556,578.2771319026116
395300.0,4496769.365202716,662406.5333154303,4496700.977578764,-1078.2061732017637,1378.5581931139295,-1078.3692512719915,21.731265202975315,-37.565480341646804,21.735693841065967,17470.347063123747,0.0,0.1982440594157468,1.9482726234074998,2244157.3495041556,578.2771319026116
395400.0,4496661.653695602,662544.2007694207,4496593.24978605,-1076.0194338308597,1374.7855142711649,-1076.182067127085,22.00337843282678,-37.88782376092659,22.00784524266163,17470.347063123747,0.0,0.1982440594157468,1.9482726234074998,2244157.3495041556,578.2771319026116
395500.0,4496554.162221515,662681.4893465867,4496485.742071031,-1073.8055278258812,1370.980684889446,-1073.9677125408016,22.27458231514784,-38.20847132562527,22.279087096943172,17470.347063123747,0.0,0.1982440594157468,1.9482726234074998,2244157.3495041556,578.2771319026116
395600.0,4496446.893492415,662818.3958405519,4496378.457146046,-1071.5645508008558,1367.1438804983784,-1071.7262831478506,22.54478318195808,-38.527304099714705,22.549325721859248,17470.347063123747,0.0,0.1982440594157468,1.9482726234074998,2244157.3495041556,578.2771319026116
395700.0,4496339.850210232,662954.9170630877,4496271.397713404,-1069.296607760017,1363.2752885353266,-1069.4578839745557,22.813886910567035,-38.844202881794104,22.818466980616527,17470.347063123747,0.0,0.1982440594157468,1.9482726234074998,2244157.3495041556,578.2771319026116
395800.0,4496233.035065925,663091.0498453059,4496164.566464439,-1067.0018131392098,1359.3751083665923,-1067.1626294802638,23.081799005178446,-39.15904831257881,23.08641636329676,17470.347063123747,0.0,0.1982440594157468,1.9482726234074998,2244157.3495041556,578.2771319026116
395900.0,4496126.450738536,663226.7910388515,4496057.966078565,-1064.6802908390528,1355.4435512977575,-1064.840643590508,23.34842468013141,-39.47172098409757,23.35307907011078,17470.347063123747,0.0,0.1982440594157468,1.9482726234074998,2244157.3495041556,578.2771319026116
396000.0,4496020.099894243,663362.1375170974,4495951.59922233,-1062.3321742496937,1351.4808405730216,-1062.4920597217629,23.613668944769827,-39.78210155057601,23.61836009628106,17470.347063123747,0.0,0.1982440594157468,1.9482726234074998,2244157.3495041556,578.2771319026116
396100.0,4495913.98518541,663497.0861763372,4495845.468548466,-1059.9576062670064,1347.4872113633792,-1060.1170207976406,23.877436689702083,-40.090070840691205,23.882164318314693,17470.347063123747,0.0,0.1982440594157468,1.9482726234074998,2244157.3495041556,578.2771319026116
396200.0,4495808.109249633,663631.6339369771,4495739.576694936,-1057.556739300099,1343.4629107435114,-1057.7156792563958,24.139632774349003,-40.395509971057535,24.14439658156478,17470.347063123747,0.0,0.1982440594157468,1.9482726234074998,2244157.3495041556,578.2771319026116
396300.0,4495702.474708795,663765.7777447245,4495633.926283981,-1055.129735270004,1339.4081976572713,-1055.2881970496123,24.40016211566837,-40.69830046079093,24.40496178896847,17470.347063123747,0.0,0.1982440594157468,1.9482726234074998,2244157.3495041556,578.2771319026116
396400.0,4495597.08416811,663899.5145717729,4495528.519921176,-1052.6767655994486,1335.323342871672,-1052.834745631968,24.658929777830863,-40.998324346856855,24.66376499073655,17470.347063123747,0.0,0.1982440594157468,1.9482726234074998,2244157.3495041556,578.2771319026116
396500.0,4495491.940215176,664032.8414179811,4495423.3601944735,-1050.1980111936107,1331.208628919303,-1050.3555059419832,24.915841062807676,-41.29546430014256,24.92071147495481,17470.347063123747,0.0,0.1982440594157468,1.9482726234074998,2244157.3495041556,578.2771319026116
396600.0,4495387.045419027,664165.7553120467,4495318.44967326,-1047.6936624117825,1327.0643500291192,-1047.8506683736778,25.17080160159406,-41.58960374189589,25.17570685882136,17470.347063123747,0.0,0.1982440594157468,1.9482726234074998,2244157.3495041556,578.2771319026116
396700.0,4495282.40232919,664298.2533126719,4495213.79090741,-1045.163919029883,1322.8908120455699,-1045.320432739072,25.423717445997948,-41.8806269604341,25.42865718044903,17470.347063123747,0.0,0.1982440594157468,1.9482726234074998,2244157.3495041556,578.2771319026116
396800.0,4495178.013474746,664430.33250972,4495109.38642635,-1042.6089901937726,1318.6883323360573,-1042.7650082214923,25.674495160753484,-42.168419227811796,25.6794689909927,17470.347063123747,0.0,0.1982440594157468,1.9482726234074998,2244157.3495041556,578.2771319026116
396900.0,4495073.881363394,664561.9900253629,4495005.2387381205,-1040.0290943633436,1314.4572396867345,-1040.1846133196477,25.923041915894764,-42.45286691636145,25.928049447036912,17470.347063123747,0.0,0.1982440594157468,1.9482726234074998,2244157.3495041556,578.2771319026116
397000.0,4494970.008480525,664693.2230152177,4494901.350328449,-1037.4244592473726,1310.1978741866708,-1037.5794757824704,26.169265579083074,-42.733857614713365,26.174306402936757,17470.347063123747,0.0,0.1982440594157468,1.9482726234074998,2244157.3495041556,578.2771319026116
397100.0,4494866.3972883,664824.0286694698,4494797.72365983,-1034.7953217291442,1305.9105871004438,-1034.9498325347224,26.413074807847764,-43.01128024324156,26.418148503072366,17470.347063123747,0.0,0.1982440594157468,1.9482726234074998,2244157.3495041556,578.2771319026116
397200.0,4494763.050224735,664954.4042139841,4494694.361170608,-1032.141927782866,1301.59574072923,-1032.2959295933963,26.654379141482444,-43.285025168606914,26.659485273758847,17470.347063123747,0.0,0.1982440594157468,1.9482726234074998,2244157.3495041556,578.2771319026116
397300.0,4494659.969702801,665084.3469114017,4494591.265274076,-1029.4645323809168,1297.253708260493,-1029.6180219749438,26.893089092451604,-43.55498431721258,26.8982272146661,17470.347063123747,0.0,0.1982440594157468,1.9482726234074998,2244157.3495041556,578.2771319026116
397400.0,4494557.158109521,665213.8540622197,4494488.43835758,-1026.7633993919862,1292.88487360639,-1026.9163735933976,27.129116237129637,-43.82105128734682,27.134285889571284,17470.347063123747,0.0,0.1982440594157468,1.9482726234074998,2244157.3495041556,578.2771319026116
397500.0,4494454.617805094,665342.9230058556,4494385.882781635,-1024.0388014701812,1288.489631231039,-1024.1912571494565,27.36237330570576,-44.08312145980379,27.36757401627671,17470.347063123747,0.0,0.1982440594157468,1.9482726234074998,2244157.3495041556,578.2771319026116
397600.0,4494352.351122022,665471.5511216933,4494283.600879049,-1021.291019935191,1284.0683859668104,-1021.4429540106303,27.59277427106269,-44.34109210674147,27.598005555501523,17470.347063123747,0.0,0.1982440594157468,1.9482726234074998,2244157.3495041556,578.2771319026116
397700.0,4494250.360364241,665599.7358301103,4494181.594954067,-1018.5203446436237,1279.6215528198281,-1018.6717540825512,27.820234436452367,-44.59486249855665,27.825495798569968,17470.347063123747,0.0,0.1982440594157468,1.9482726234074998,2244157.3495041556,578.2771319026116
397800.0,4494148.647806284,665727.4745934847,4494079.867281523,-1015.7270738516398,1275.1495567648915,-1015.8779556715847,28.044670521831982,-44.844334008608634,28.049961453759884,17470.347063123747,0.0,0.1982440594157468,1.9482726234074998,2244157.3495041556,578.2771319026116
397900.0,4494047.215692445,665854.7649171818,4493978.420106004,-1012.9115140690277,1270.65283253004,-1013.0618653388793,28.266000748680526,-45.08941021556992,28.27132073113134,17470.347063123747,0.0,0.1982440594157468,1.9482726234074998,2244157.3495041556,578.2771319026116
398000.0,4493946.066235958,665981.6043505181,4493877.255641038,-1010.073979904884,1266.1318243710164,-1010.2237977460201,28.484144923061443,-45.329997003114705,28.489493425601076,17470.347063123747,0.0,0.1982440594157468,1.9482726234074998,2244157.3495041556,578.2771319026116
398100.0,4493845.201618199,666107.9904877021,4493776.376068284,-1007.2147939050758,1261.5869858358928,-1007.3640754924629,28.699024516886162,-45.56600265689529,28.704400998217572,17470.347063123747,0.0,0.1982440594157468,1.9482726234074998,2244157.3495041556,578.2771319026116
398200.0,4493744.623987901,666233.9209687515,4493675.7835367555,-1004.3342863816772,1257.01877952015,-1004.4830289449427,28.9105627471052,-45.7973379584707,28.915966655363235,17470.347063123747,0.0,0.1982440594157468,1.9482726234074998,2244157.3495041556,578.2771319026116
398300.0,4493644.335460383,666359.3934803858,4493575.480162046,-1001.4327952345956,1252.4276768125198,-1001.5809960590689,29.11868465277623,-46.0239162761325,29.12411542583319,17470.347063123747,0.0,0.1982440594157468,1.9482726234074998,2244157.3495041556,578.2771319026116
398400.0,4493544.338116804,666484.4057568915,4493475.468025582,-998.510665765605,1247.8141576319124,-998.6583221933286,29.32331716974185,-46.24565365230298,29.328774235523486,17470.347063123747,0.0,0.1982440594157468,1.9482726234074998,2244157.3495041556,578.2771319026116
398500.0,4493444.63400343,666608.9555809625,4493375.749173893,-995.5682504850345,1243.1787101557757,-995.7153599157417,29.5243892029018,-46.46246888749627,29.52987197971318,17470.347063123747,0.0,0.1982440594157468,1.9482726234074998,2244157.3495041556,578.2771319026116
398600.0,4493345.225130922,666733.0407845118,4493276.325617898,-992.6059089113577,1238.521830540243,-992.7524688034187,29.72183169582629,-46.67428362053736,29.727339592687233,17470.347063123747,0.0,0.1982440594157468,1.9482726234074998,2244157.3495041556,578.2771319026116
398700.0,4493246.113473651,666856.6592494551,4493177.199332219,-989.6240073639595,1233.8440226324497,-989.7700152352922,29.91557769765253,-46.88102240497882,29.92111011464202,17470.347063123747,0.0,0.1982440594157468,1.9482726234074998,2244157.3495041556,578.2771319026116
398800.0,4493147.300969023,666979.8089084647,4493078.372254506,-986.6229187493535,1229.145797675406,-986.7683721783005,30.105562427081516,-47.082612781499805,30.11111875569075,17470.347063123747,0.0,0.1982440594157468,1.9482726234074998,2244157.3495041556,578.2771319026116
398900.0,4493048.789516833,667102.4877456949,4492979.846284793,-983.6030223411484,1224.4276740058324,-983.7479189673174,30.291723333440316,-47.278985346257905,30.297302956933876,17470.347063123747,0.0,0.1982440594157468,1.9482726234074998,2244157.3495041556,578.2771319026116
399000.0,4492950.5809786385,667224.6937974752,4492881.623284873,-980.564703554062,1219.6901767453726,-980.7090410791304,30.474000154584573,-47.47007381492781,30.4796024483691,17470.347063123747,0.0,0.1982440594157468,1.9482726234074998,2244157.3495041556,578.2771319026116
399100.0,4492852.677177161,667346.4251529734,4492783.705077691,-977.5083537123073,1214.933837485621,-977.652129900789,30.652334971624505,-47.65581508242175,30.657959303624505,17470.347063123747,0.0,0.1982440594157468,1.9482726234074998,2244157.3495041556,578.2771319026116
399200.0,4492755.079895702,667467.6799548268,4492686.093446771,-974.4343698126662,1210.1591939673974,-974.5775824926408,30.826672260353963,-47.83614927815781,30.832317991394216,17470.347063123747,0.0,0.1982440594157468,1.9482726234074998,2244157.3495041556,578.2771319026116
399300.0,4492657.79087759,667588.4563997407,4492588.790135654,-971.3431542825912,1205.3667897547214,-971.4858013463947,30.99695893929318,-48.01101981678224,31.002625423487117,17470.347063123747,0.0,0.1982440594157468,1.9482726234074998,2244157.3495041556,578.2771319026116
399400.0,4492560.811825649,667708.7527390538,4492491.796847373,-968.2351147336765,1200.5571739039494,-968.3771941385528,31.16314441421975,-48.180373444207454,31.168830999363216,17470.347063123747,0.0,0.1982440594157468,1.9482726234074998,2244157.3495041556,578.2771319026116
399500.0,4492464.144401695,667828.5672792717,4492395.115243944,-965.1106637108488,1195.7309006285363,-965.2521734795614,31.325180619234878,-48.344160279042995,31.33088664720494,17470.347063123747,0.0,0.1982440594157468,1.9482726234074998,2244157.3495041556,578.2771319026116
399600.0,4492367.790226051,667947.8983825647,4492298.746945885,-961.9702184376356,1190.888528959897,-962.1111566590395,31.483022054183035,-48.50233384921202,31.488746861341134,17470.347063123747,0.0,0.1982440594157468,1.9482726234074998,2244157.3495041556,578.2771319026116
399700.0,4492271.750877096,668066.7444672328,4492202.693531763,-958.81420055787,1186.0306224048422,-958.9545653874428,31.6366258184021,-48.654851123745075,31.64236873600088,17470.347063123747,0.0,0.1982440594157468,1.9482726234074998,2244157.3495041556,578.2771319026116
399800.0,4492176.027890835,668185.1040081364,4492106.956537762,-955.6430358742065,1181.1577486000779,-955.7828255345391,31.785951640848094,-48.80167253982579,31.79171199544152,17470.347063123747,0.0,0.1982440594157468,1.9482726234074998,2244157.3495041556,578.2771319026116
399900.0,4492080.622760493,668302.9755370914,4492011.537457284,-952.4571540838107,1176.2704789642426,-952.5963668650562,31.930961906423008,-48.94276202489638,31.93673902027909,17470.347063123747,0.0,0.1982440594157468,1.9482726234074998,2244157.3495041556,578.2771319026116
400000.0,4491985.536936145,668420.35764323,4491916.43774057,-949.2569885116031,1171.3693883479775,-949.395622771885,32.07162167856703,-49.078087013920104,32.07741487008265,17470.347063123747,0.0,0.1982440594157468,1.9482726234074998,2244157.3495041556,578.2771319026116
400100.0,4491890.771824362,668537.2489733265,4491821.658794352,-946.0429758414316,1166.455054682513,-946.1810300072095,32.20789871812299,-49.20761846183161,32.21370730224018,17470.347063123747,0.0,0.1982440594157468,1.9482726234074998,2244157.3495041556,578.2771319026116
400200.0,4491796.328787888,668653.6482320877,4491727.20198153,-942.8155558455477,1161.5280586272534,-942.9530284119429,32.339763498374126,-49.331330851074235,32.34558678699727,17470.347063123747,0.0,0.1982440594157468,1.9482726234074998,2244157.3495041556,578.2771319026116
400300.0,4491702.20914535,668769.5541824081,4491633.0686208755,-939.5751711127667,1156.5889832168486,-939.7120606438443,32.46718921632343,-49.449202194330994,32.47302651873677,17470.347063123747,0.0,0.1982440594157468,1.9482726234074998,2244157.3495041556,578.2771319026116
400400.0,4491608.414170985,668884.9656455896,4491539.259986767,-936.3222667756875,1151.6384135082335,-936.4585719046977,32.590151800248805,-49.56121403251318,32.59600242353379,17470.347063123747,0.0,0.1982440594157468,1.9482726234074998,2244157.3495041556,578.2771319026116
400500.0,4491514.945094401,668999.8815015263,4491445.777308944,-933.0572902373451,1146.6769362281043,-933.193009666923,32.70862991346128,-49.667351427939124,32.71449316291312,17470.347063123747,0.0,0.1982440594157468,1.9482726234074998,2244157.3495041556,578.2771319026116
400600.0,4491421.803100363,669114.3006888537,4491352.6217722995,-929.7806908976723,1141.7051394213122,-929.9158233999951,32.82260495440851,-49.76760295290091,32.82848013395131,17470.347063123747,0.0,0.1982440594157468,1.9482726234074998,2244157.3495041556,578.2771319026116
400700.0,4491328.98932861,669228.2222050632,4491259.79451669,-926.492919880134,1136.7236121006301,-926.627464297038,32.932061053088304,-49.861960673597714,32.93794746568844,17470.347063123747,0.0,0.1982440594157468,1.9482726234074998,2244157.3495041556,578.2771319026116
400800.0,4491236.504873689,669341.6451065813,4491167.296636778,-923.194429758904,1131.7329438983572,-923.3283850019598,33.03698506384125,-49.950420129543176,33.04288201191821,17470.347063123747,0.0,0.1982440594157468,1.9482726234074998,2244157.3495041556,578.2771319026116
400900.0,4491144.3507848345,669454.5685088142,4491075.1291819,-919.8856742869402,1126.7337247202004,-920.0190393374866,33.13736655453634,-50.03298030848646,33.14327334037072,17470.347063123747,0.0,0.1982440594157468,1.9482726234074998,2244157.3495041556,578.2771319026116
401000.0,4491052.528065853,669566.9915861583,4490983.293155963,-916.5671081253146,1121.7265444018822,-916.6998820344523,33.23319779236146,-50.10964361712884,33.239113718499425,17470.347063123747,0.0,0.1982440594157468,1.9482726234074998,2244157.3495041556,578.2771319026116
401100.0,4490961.037675053,669678.9135719755,4490891.789517365,-913.2391865741422,1116.711992368895,-913.3713684626877,33.324473726042186,-50.18041584744175,33.330398095696005,17470.347063123747,0.0,0.1982440594157468,1.9482726234074998,2244157.3495041556,578.2771319026116
401200.0,4490869.880525192,669790.333758536,4490800.619178951,-909.9023653054518,1111.6906572998234,-910.03395436385,33.411191964779924,-50.24530613896468,33.417124082224106,17470.347063123747,0.0,0.1982440594157468,1.9482726234074998,2244157.3495041556,578.2771319026116
401300.0,4490779.057483453,669901.2514969264,4490709.783007978,-906.5571000983279,1106.6631267936402,-906.6880955865271,33.49335275393097,-50.304326937130874,33.49929192489336,17470.347063123747,0.0,0.1982440594157468,1.9482726234074998,2244157.3495041556,578.2771319026116
401400.0,4490688.569371446,670011.6661969257,4490619.281826129,-903.2038465766465,1101.6299870413636,-903.3342478239335,33.570958947458024,-50.3574939476809,33.576904479505664,17470.347063123747,0.0,0.1982440594157468,1.9482726234074998,2244157.3495041556,578.2771319026116
401500.0,4490598.416965238,670121.5773268479,4490529.116409534,-899.8430599497216,1096.591822502462,-899.9728663545187,33.64401597729334,-50.40482608735512,33.64996718021243,17470.347063123747,0.0,0.1982440594157468,1.9482726234074998,2244157.3495041556,578.2771319026116
401600.0,4490508.600995405,670230.9844133534,4490439.287488825,-896.4751947561613,1091.5492155863658,-896.6044057857855,33.71253181977501,-50.44634543108302,33.71848800594464,17470.347063123747,0.0,0.1982440594157468,1.9482726234074998,2244157.3495041556,578.2771319026116
401700.0,4490419.122147114,670339.8870412277,4490349.795749219,-893.1007046112302,1086.5027463394365,-893.2293198016157,33.77651695912952,-50.482077155656775,33.782477443888816,17470.347063123747,0.0,0.1982440594157468,1.9482726234074998,2244157.3495041556,578.2771319026116
401800.0,4490329.981060228,670448.28485313,4490260.641830623,-889.7200419579984,1081.4529921377298,-889.8480609133824,33.83598434822965,-50.512049480188104,33.84194845023777,17470.347063123747,0.0,0.1982440594157468,1.9482726234074998,2244157.3495041556,578.2771319026116
401900.0,4490241.178329434,670556.1775493111,4490171.826327759,-886.3336578225507,1076.400527385871,-886.4610802151237,33.890949366733246,-50.53629360349633,33.89691640832215,17470.347063123747,0.0,0.1982440594157468,1.9482726234074998,2244157.3495041556,578.2771319026116
402000.0,4490152.714504397,670663.5648873013,4490083.349790321,-882.9420015735094,1071.3459232223424,-883.068827143031,33.94142977661355,-50.554843638459054,33.94739908413288,17470.347063123747,0.0,0.1982440594157468,1.9482726234074998,2244157.3495041556,578.2771319026116
402100.0,4490064.590089936,670770.4466815694,4489995.212723153,-879.5455206861243,1066.289747231471,-879.6717492395037,33.98744567535395,-50.56773654367588,33.99341657950788,17470.347063123747,0.0,0.1982440594157468,1.9482726234074998,2244157.3495041556,578.2771319026116
402200.0,4489976.80554623,670876.8228031533,4489907.415586448,-876.1446605111587,1061.232563162385,-876.2702919220035,34.02901944683727,-50.575012052499076,34.034991283012964,17470.347063123747,0.0,0.1982440594157468,1.9482726234074998,2244157.3495041556,578.2771319026116
402300.0,4489889.361289037,670982.6931792626,4489819.958795974,-872.7398640487946,1056.1749306551885,-872.8648982569262,34.066175710078056,-50.57671259962861,34.07214781866554,17470.347063123747,0.0,0.1982440594157468,1.9482726234074998,2244157.3495041556,578.2771319026116
402400.0,4489802.257689943,671088.0577928541,4489732.842723318,-869.3315717277673,1051.1174049745894,-869.4560087387047,34.09894126597207,-50.572883245498524,34.10491299267503,17470.347063123747,0.0,0.1982440594157468,1.9482726234074998,2244157.3495041556,578.2771319026116
402500.0,4489715.495076626,671192.9166821819,4489646.067696158,-865.9202211899204,1046.0605367511982,-866.0440610743343,34.127345042092884,-50.56357159850761,34.133315738230394,17470.347063123747,0.0,0.1982440594157468,1.9482726234074998,2244157.3495041556,578.2771319026116
402600.0,4489629.07373315,671297.2699403205,4489559.633998545,-862.5062470803681,1041.0048717306931,-862.6294899735041,34.15141803584772,-50.54882773548617,34.15738705864646,17470.347063123747,0.0,0.1982440594157468,1.9482726234074998,2244157.3495041556,578.2771319026116
402700.0,4489542.993900274,671401.1177146649,4489473.541871221,-859.0900808434272,1035.9509505310339,-859.212726944501,34.17119325589427,-50.52870412029495,34.17715996877128,17470.347063123747,0.0,0.1982440594157468,1.9482726234074998,2244157.3495041556,578.2771319026116
402800.0,4489457.255775778,671504.4602064056,4489387.791511944,-855.6721505244788,1030.8993084078868,-855.7942000960435,34.18670566217622,-50.50325552100177,34.19266943501169,17470.347063123747,0.0,0.1982440594157468,1.9482726234074998,2244157.3495041556,578.2771319026116
402900.0,4489371.859514817,671607.2976699811,4489302.383075838,-852.2528805778965,1025.850475028407,-852.374333945183,34.19799210456082,-50.47253892562868,34.203952313961075,17470.347063123747,0.0,0.1982440594157468,1.9482726234074998,2244157.3495041556,578.2771319026116
403000.0,4489286.805230287,671709.6304125082,4489217.316675765,-848.8326916811715,1020.8049742535017,-848.9535492314034,34.20509126031394,-50.43661345676566,34.21104728986421,17470.347063123747,0.0,0.1982440594157468,1.9482726234074998,2244157.3495041556,578.2771319026116
403100.0,4489202.092993214,671811.4587931904,4489132.59238271,-845.4120005553473,1015.7633239286915,-845.5322627370304,34.20804357043585,-50.39554028508992,34.21399481094292,17470.347063123747,0.0,0.1982440594157468,1.9482726234074998,2244157.3495041556,578.2771319026116
403200.0,4489117.722833156,671912.783222707,4489048.210226182,-841.9912197918651,1010.7260356836557,-842.1108871140538,34.20689117514897,-50.349382542152476,34.21283702487345,17470.347063123747,0.0,0.1982440594157468,1.9482726234074998,2244157.3495041556,578.2771319026116
403300.0,4489033.694738626,672013.6041625811,4488964.170194639,-838.5707576859044,1005.6936147405376,-838.6898307174449,34.201677848499685,-50.298205232395624,34.2076177133779,17470.347063123747,0.0,0.1982440594157468,1.9482726234074998,2244157.3495041556,578.2771319026116
403400.0,4488950.008657527,672113.9221245303,4488880.472235926,-835.1510180762991,1000.6665597310769,-835.2694974450516,34.19244893230484,-50.24207514468779,34.198382226160255,17470.347063123747,0.0,0.1982440594157468,1.9482726234074998,2244157.3495041556,578.2771319026116
403500.0,4488866.664497611,672213.7376697982,4488797.116257728,-831.7324001920827,995.6453625226004,-831.8502865841219,34.17925126960651,-50.18106076358033,34.18517741435068,17470.347063123747,0.0,0.1982440594157468,1.9482726234074998,2244157.3495041556,578.2771319026116
403600.0,4488783.662126941,672313.0514084704,4488714.102128036,-828.3152985057164,990.6305080529064,-828.4325926645139,34.16213313762774,-50.115232180284494,34.168051563450746,17470.347063123747,0.0,0.1982440594157468,1.9482726234074998,2244157.3495041556,578.2771319026116
403700.0,4488701.001374376,672411.8639987728,4488631.429675634,-824.9001025930344,985.6224741740485,-825.0168053186209,34.1411441804469,-50.0446610036368,34.1470543259972,17470.347063123747,0.0,0.1982440594157468,1.9482726234074998,2244157.3495041556,578.2771319026116
403800.0,4488618.68203007,672510.1761463565,4488549.098690592,-821.4871969999276,980.6217315050159,-821.6033091480392,34.11633534156546,-49.96942027126738,34.1222366541193,17470.347063123747,0.0,0.1982440594157468,1.9482726234074998,2244157.3495041556,578.2771319026116
403900.0,4488536.703845977,672607.9886035669,4488467.108924775,-818.0769611157846,975.6287432932942,-818.1924835969916,34.08775879631674,-49.88958436091365,34.09365073193703,17470.347063123747,0.0,0.1982440594157468,1.9482726234074998,2244157.3495041556,578.2771319026116
404000.0,4488455.066536377,672705.3021686999,4488385.460092371,-814.6697690536796,970.6439652852665,-814.7847028325006,34.05546788438594,-49.80522890220716,34.06134990807072,17470.347063123747,0.0,0.1982440594157468,1.9482726234074998,2244157.3495041556,578.2771319026116
404100.0,4488373.769778406,672802.1176852462,4488304.151870416,-811.2659895373075,965.6678456054142,-811.3803356313086,34.01951704248624,-49.7164306889903,34.02538862830678,17470.347063123747,0.0,0.1982440594157468,1.9482726234074998,2244157.3495041556,578.2771319026116
404200.0,4488292.813212602,672898.4360411229,4488223.183899342,-807.8659857946352,960.700824644252,-807.9797452735164,33.97996173729708,-49.62326759229234,33.98582236852567,17470.347063123747,0.0,0.1982440594157468,1.9482726234074998,2244157.3495041556,578.2771319026116
404300.0,4488212.196443459,672994.2581678954,4488142.555783535,-804.4701154582442,955.7433349549295,-804.5832894429133,33.93685839879033,-49.525818474117024,33.94270756801788,17470.347063123747,0.0,0.1982440594157468,1.9482726234074998,2244157.3495041556,578.2771319026116
404400.0,4488131.919039991,673089.5850399883,4488062.2670918945,-801.0787304723153,950.7958011584062,-801.1913201339505,33.89026435400789,-49.42416310211834,33.89610156325146,17470.347063123747,0.0,0.1982440594157468,1.9482726234074998,2244157.3495041556,578.2771319026116
404500.0,4488051.980536305,673184.4176738882,4487982.317358409,-797.6921770062091,945.8586398571093,-797.8041835653115,33.840237761425236,-49.318382065325764,33.84606252222559,17470.347063123747,0.0,0.1982440594157468,1.9482726234074998,2244157.3495041556,578.2771319026116
404600.0,4487972.380432187,673278.7571273376,4487902.706082737,-794.3107953745783,940.9322595569648,-794.422220100015,33.78683754595256,-49.20855669097999,33.7926493794618,17470.347063123747,0.0,0.1982440594157468,1.9482726234074998,2244157.3495041556,578.2771319026116
404700.0,4487893.118193681,673372.6044985221,4487823.432730797,-790.9349199639418,936.0170605976809,-791.0457641719809,33.73012333471634,-49.09476896264849,33.73592177177599,17470.347063123747,0.0,0.1982440594157468,1.9482726234074998,2244157.3495041556,578.2771319026116
404800.0,4487814.193253698,673465.9609252501,4487744.496735362,-787.5648791656422,931.1134350911583,-787.6751442189803,33.670155393610905,-48.97710143960695,33.67593997482037,17470.347063123747,0.0,0.1982440594157468,1.9482726234074998,2244157.3495041556,578.2771319026116
404900.0,4487735.605012608,673558.8275841275,4487665.897496667,-784.2009953151024,926.2217668678871,-784.3106826218858,33.60699456479924,-48.85563717769748,33.61276484057492,17470.347063123747,0.0,0.1982440594157468,1.9482726234074998,2244157.3495041556,578.2771319026116
405000.0,4487657.352838854,673651.2056897276,4487587.634383009,-780.8435846372855,921.3424314311899,-780.9526956501257,33.540702205156876,-48.730459651653895,33.546457735782084,17470.347063123747,0.0,0.1982440594157468,1.9482726234074998,2244157.3495041556,578.2771319026116
405100.0,4487579.436069565,673743.0964937556,4487509.706731371,-777.4929571982557,916.4757959191461,-777.601493413241,33.471340125770205,-48.601652679022386,33.47708048143609,17470.347063123747,0.0,0.1982440594157468,1.9482726234074998,2244157.3495041556,578.2771319026116
405200.0,4487501.85401117,673834.5012842113,4487432.113848031,-774.1494168627369,911.6222190740476,-774.2573798184395,33.398970532559794,-48.469300345757944,33.40469529339747,17470.347063123747,0.0,0.1982440594157468,1.9482726234074998,2244157.3495041556,578.2771319026116
405300.0,4487424.605940026,673925.4213845476,4487354.855009189,-770.8132612575524,906.7820512192094,-770.9206525340336,33.32365596801567,-48.33348693347671,33.32936472411975,17470.347063123747,0.0,0.1982440594157468,1.9482726234074998,2244157.3495041556,578.2771319026116
405400.0,4487347.69110304,674015.8581528285,4487277.929461592,-767.4847817408291,901.9556342429647,-767.5916029586417,33.24545925418553,-48.19429684852615,33.25115160562917,17470.347063123747,0.0,0.1982440594157468,1.9482726234074998,2244157.3495041556,578.2771319026116
405500.0,4487271.108718297,674105.8129808843,4487201.336423161,-764.1642633768377,897.143301589661,-764.2705161960281,33.16444343694286,-48.05181455289993,33.17011899378478,17470.347063123747,0.0,0.1982440594157468,1.9482726234074998,2244157.3495041556,578.2771319026116
405600.0,4487194.8579756925,674195.2872934677,4487125.075083625,-760.8519849163449,892.3453782574738,-760.9576710354543,33.08067173153885,-47.90612449699606,33.086330113822285,17470.347063123747,0.0,0.1982440594157468,1.9482726234074998,2244157.3495041556,578.2771319026116
405700.0,4487118.938037561,674284.2825474088,4487049.144605145,-757.5482187823411,887.5621808028485,-757.6533399374074,32.99420746951904,-47.757311054308296,32.999848307262965,17470.347063123747,0.0,0.1982440594157468,1.9482726234074998,2244157.3495041556,578.2771319026116
405800.0,4487043.348039314,674372.800230772,4486973.544122957,-754.2532310610064,882.794017351373,-754.3577890245676,32.90511404704324,-47.60545845808929,32.91073698022621,17470.347063123747,0.0,0.1982440594157468,1.9482726234074998,2244157.3495041556,578.2771319026116
405900.0,4486968.087090069,674460.8418620131,4486898.2727459995,-750.9672814977754,878.0411876148878,-751.0712780778746,32.81345487462033,-47.45065073999237,32.81905955315686,17470.347063123747,0.0,0.1982440594157468,1.9482726234074998,2244157.3495041556,578.2771319026116
406000.0,4486893.154273288,674548.4089891396,4486823.329557553,-747.6906234983543,873.3039829146293,-747.7940605375475,32.71929332827504,-47.29297167070562,32.72487941198518,17470.347063123747,0.0,0.1982440594157468,1.9482726234074998,2244157.3495041556,578.2771319026116
406100.0,4486818.548647407,674635.5031888725,4486748.713615867,-744.4235041345497,868.5826862102098,-744.5263835089172,32.62269270222568,-47.13250470266259,32.62825986079759,17470.347063123747,0.0,0.1982440594157468,1.9482726234074998,2244157.3495041556,578.2771319026116
406200.0,4486744.269246474,674722.1260658123,4486674.423954801,-741.1661641547523,863.8775721342206,-741.268487772914,32.523716163045904,-46.96933291479116,32.5292640759921,17470.347063123747,0.0,0.1982440594157468,1.9482726234074998,2244157.3495041556,578.2771319026116
406300.0,4486670.315080775,674808.2792516081,4486600.459584447,-737.9188379989312,859.1889070322609,-738.0206078010665,32.42242670533882,-46.80353895932527,32.42795506194598,17470.347063123747,0.0,0.1982440594157468,1.9482726234074998,2244157.3495041556,578.2771319026116
406400.0,4486596.685137467,674893.9644041308,4486526.819491768,-734.6817538179827,854.5169490081789,-734.782971774856,32.31888710894242,-46.63520501069366,32.324395608215134,17470.347063123747,0.0,0.1982440594157468,1.9482726234074998,2244157.3495041556,578.2771319026116
406500.0,4486523.3783812085,674979.1832066521,4486453.502641222,-731.4551334972834,849.8619479743226,-731.5558016092755,32.21315989767362,-46.46441271648593,32.218648248272444,17470.347063123747,0.0,0.1982440594157468,1.9482726234074998,2244157.3495041556,578.2771319026116
406600.0,4486450.3937547775,675063.937367027,4486380.507975388,-728.239192684292,845.2241457065893,-728.3393129804373,32.10530729959397,-46.291243150467274,32.1107752197678,17470.347063123747,0.0,0.1982440594157468,1.9482726234074998,2244157.3495041556,578.2771319026116
406700.0,4486377.7301797,675148.2286168844,4486307.834415587,-725.0341408200434,840.6037759040686,-725.1337153570751,31.99539120887004,-46.11577676771842,32.00083842638326,17470.347063123747,0.0,0.1982440594157468,1.9482726234074998,2244157.3495041556,578.2771319026116
406800.0,4486305.386556867,675232.0587108217,4486235.4808625,-721.8401811743831,836.0010642530694,-721.9392120357855,31.883473149153936,-45.938093361804604,31.888899401208455,17470.347063123747,0.0,0.1982440594157468,1.9482726234074998,2244157.3495041556,578.2771319026116
406900.0,4486233.361767147,675315.4294256067,4486163.446196791,-718.6575108847865,831.416228495329,-718.7560001798553,31.76961423848357,-45.758272023964686,31.775019271635976,17470.347063123747,0.0,0.1982440594157468,1.9482726234074998,2244157.3495041556,578.2771319026116
407000.0,4486161.654672002,675398.3425593878,4486091.729279707,-715.4863209986078,826.8494785001985,-715.5842708615188,31.653875155775626,-45.576391104395604,31.659258725849842,17470.347063123747,0.0,0.1982440594157468,1.9482726234074998,2244157.3495041556,578.2771319026116
407100.0,4486090.264114093,675480.7999309094,4486020.328953694,-712.326796518606,822.3010163406007,-712.4242091074932,31.536316108811548,-45.3925281755072,31.541677980807098,17470.347063123747,0.0,0.1982440594157468,1.9482726234074998,2244157.3495041556,578.2771319026116
407200.0,4486019.188917878,675562.803378737,4485949.244042993,-709.1791164515956,817.7710363725628,-709.2759939476381,31.41699680375508,-45.20675999718285,31.42233675175123,17470.347063123747,0.0,0.1982440594157468,1.9482726234074998,2244157.3495041556,578.2771319026116
407300.0,4485948.427890214,675644.3547604888,4485878.473354242,-706.0434538600688,813.2597253181236,-706.139798466588,31.295976416165146,-45.01916248399447,31.301294223221152,17470.347063123747,0.0,0.1982440594157468,1.9482726234074998,2244157.3495041556,578.2771319026116
407400.0,4485877.979820945,675725.4559520778,4485808.015677065,-702.9199759166423,808.7672623514216,-703.015789858209,31.173313563545676,-44.82981067441075,31.17860902159741,17470.347063123747,0.0,0.1982440594157468,1.9482726234074998,2244157.3495041556,578.2771319026116
407500.0,4485807.843483492,675806.10884696,4485737.869784657,-699.8088439611778,804.2938191877689,-699.9041294827298,31.049066279291424,-44.63877870182604,31.054339189044583,17470.347063123747,0.0,0.1982440594157468,1.9482726234074998,2244157.3495041556,578.2771319026116
407600.0,4485738.017635428,675886.3153553943,4485668.034434369,-696.7102135604298,799.8395601755246,-696.8049729264003,30.923291988160052,-44.446139767550974,30.928542158980065,17470.347063123747,0.0,0.1982440594157468,1.9482726234074998,2244157.3495041556,578.2771319026116
407700.0,4485668.50101906,675966.0774037098,4485598.508368277,-693.6242345700795,795.4046423905794,-693.7184700635369,30.796047483138572,-44.25196611560333,30.801274732937653,17470.347063123747,0.0,0.1982440594157468,1.9482726234074998,2244157.3495041556,578.2771319026116
407800.0,4485599.292361988,676045.3969335835,4485529.290313753,-690.5510511990082,790.9892157332685,-690.6447651208072,30.66738890372596,-44.05632900931468,30.672593058847276,17470.347063123747,0.0,0.1982440594157468,1.9482726234074998,2244157.3495041556,578.2771319026116
407900.0,4485530.390377673,676124.2759013282,4485460.3789840285,-687.4908020756735,786.5934230275354,-687.583996743618,30.53737171561413,-43.85929870972322,30.54255261071351,17470.347063123747,0.0,0.1982440594157468,1.9482726234074998,2244157.3495041556,578.2771319026116
408000.0,4485461.793765989,676202.7162771889,4485391.773078743,-684.4436203164518,782.2174001221719,-684.5362980644692,30.406050691716032,-43.66094445568403,30.411208169641203,17470.347063123747,0.0,0.1982440594157468,1.9482726234074998,2244157.3495041556,578.2771319026116
408100.0,4485393.50121377,676280.7200446514,4485323.471284498,-681.4096335958062,777.8612759939571,-681.501796773135,30.273479894523604,-43.461334445668605,30.27861380619133,17470.347063123747,0.0,0.1982440594157468,1.9482726234074998,2244157.3495041556,578.2771319026116
408200.0,4485325.511395354,676358.28919976,4485255.472275394,-678.3889642181578,773.5251728525383,-678.4806151885462,30.139712659792167,-43.26053582123976,30.144822864063464,17470.347063123747,0.0,0.1982440594157468,1.9482726234074998,2244157.3495041556,578.2771319026116
408300.0,4485257.822973111,676435.4257504457,4485187.774713565,-675.3817291913222,769.209206246882,-675.4728703322406,30.004801581454814,-43.058614652082795,30.009887945008305,17470.347063123747,0.0,0.1982440594157468,1.9482726234074998,2244157.3495041556,578.2771319026116
408400.0,4485190.434597974,676512.131715866,4485120.377249705,-672.3880403013927,764.9134851731426,-672.4786740032581,29.86879849782946,-42.85563592265564,29.87386089503317,17470.347063123747,0.0,0.1982440594157468,1.9482726234074998,2244157.3495041556,578.2771319026116
408500.0,4485123.344909954,676588.4091257552,4485053.278523587,-669.408004188942,760.6381121837904,-669.4981328543554,29.73175447901331,-42.65166352032884,29.736792791795104,17470.347063123747,0.0,0.1982440594157468,1.9482726234074998,2244157.3495041556,578.2771319026116
408600.0,4485056.552538654,676664.2600197848,4484986.477164571,-666.441722426425,756.3831834978524,-666.5313484694221,29.593719815456566,-42.44676022499719,29.59873393317328,17470.347063123747,0.0,0.1982440594157468,1.9482726234074998,2244157.3495041556,578.2771319026116
408700.0,4484990.056103767,676739.6864469365,4484919.97179211,-663.4892915966659,752.1487891121175,-663.5784174419808,29.454744007706417,-42.24098770014448,29.45973382701196,17470.347063123747,0.0,0.1982440594157468,1.9482726234074998,2244157.3495041556,578.2771319026116
408800.0,4484923.854215576,676814.690464885,4484853.761016244,-660.5508033723169,747.9350129131697,-660.639431454659,29.314875757219745,-42.03440648523723,29.31984118193231,17470.347063123747,0.0,0.1982440594157468,1.9482726234074998,2244157.3495041556,578.2771319026116
408900.0,4484857.9454754405,676889.274139393,4484787.843438086,-657.6263445961778,743.7419327901102,-657.7144773595219,29.174162958322686,-41.82707598952773,29.179103899291185,17470.347063123747,0.0,0.1982440594157468,1.9482726234074998,2244157.3495041556,578.2771319026116
409000.0,4484792.328476269,676963.4395437168,4484722.217650303,-654.7159973622711,739.569620747839,-654.8036372591612,29.032652691166795,-41.619054487088015,29.037569066136726,17470.347063123747,0.0,0.1982440594157468,1.9482726234074998,2244157.3495041556,578.2771319026116
409100.0,4484727.001802999,677037.188758024,4484656.882237583,-651.8198390975666,735.4181430207664,-651.906988588433,28.890391215715848,-41.41039911310505,28.895282949194698,17470.347063123747,0.0,0.1982440594157468,1.9482726234074998,2244157.3495041556,578.2771319026116
409200.0,4484661.964033052,677110.5238688216,4484591.835777106,-648.9379426442604,731.2875601868365,-649.0246041967501,28.74742396673629,-41.20116586139886,28.752290989858686,17470.347063123747,0.0,0.1982440594157468,1.9482726234074998,2244157.3495041556,578.2771319026116
409300.0,4484597.213736795,677183.4469683963,4484527.076838987,-646.070376342507,727.1779272817429,-646.1565524308279,28.603795549682488,-40.99140958303294,28.60863780007508,17470.347063123747,0.0,0.1982440594157468,1.9482726234074998,2244157.3495041556,578.2771319026116
409400.0,4484532.749477979,677255.9601542662,4484462.603986732,-643.2172041135157,723.089293913224,-643.302897217794,28.459549737556298,-40.781183986099215,28.46436715920273,17470.347063123747,0.0,0.1982440594157468,1.9482726234074998,2244157.3495041556,578.2771319026116
409500.0,4484468.569814181,677328.0655286434,4484398.415777669,-640.378485542918,719.0217043753287,-640.4636981485694,28.314729468589288,-40.57054163649905,28.319522011695167,17470.347063123747,0.0,0.1982440594157468,1.9482726234074998,2244157.3495041556,578.2771319026116
409600.0,4484404.673297235,677399.7651979087,4484334.5107633835,-637.5542759643239,714.9751977625529,-637.6390105614379,28.169376844819304,-40.359533959794206,28.174144465677426,17470.347063123747,0.0,0.1982440594157468,1.9482726234074998,2244157.3495041556,578.2771319026116
